smiles,canonical_smiles,sascore,unique_hydrogens,unique_carbons,ir_similarity,cnmr_similarity,hnmr_similarity,similarity,sum_of_similarities,cnmr_ir_similarity,ir_hnmr_similarity,cnmr_hnmr_similarity,tanimoto
CCCOC1=CC=CC=C1C2=NC3=NC(=NC=C3C(=O)N2)NC(=O)C,CCCOc1ccccc1-c1nc2nc(NC(C)=O)ncc2c(=O)[nH]1,2.4731903477692754,11,17,0.7984591126441956,0.29608428478240967,0.2721729278564453,0.46514254808425903,1.3667163252830505,0.5047723054885864,0.5783605575561523,0.3010309040546417,1.0
CC1=CC(=C(C(=O)N1)C(=O)NC(C)C2=NC(=NO2)C3=CC=CC=N3)C,Cc1cc(C)c(C(=O)NC(C)c2nc(-c3ccccn3)no2)c(=O)[nH]1,2.967983318085011,11,17,0.7425230741500854,0.2059256136417389,0.21083226799964905,0.3848012685775757,1.1592809557914734,0.44345298409461975,0.5361649394035339,0.17284542322158813,0.24242424242424243
CCN1C(=NC2=C1C=CC(=C2)C(=O)NNC(=O)C3=C[N+](=CC=C3)[O-])C,CCn1c(C)nc2cc(C(=O)NNC(=O)c3ccc[n+]([O-])c3)ccc21,2.507373214198619,12,17,0.48120349645614624,0.44382375478744507,0.2107631266117096,0.3873070478439331,1.135790377855301,0.4347241520881653,0.3752754032611847,0.3457874059677124,0.14705882352941177
CC1=CC(=C(C(=O)N1)C(=O)NCCC2=NC(=NO2)C3=CN=CC=C3)C,Cc1cc(C)c(C(=O)NCCc2nc(-c3cccnc3)no2)c(=O)[nH]1,2.434547877563425,11,17,0.6570653319358826,0.36277705430984497,0.1083894744515419,0.39170145988464355,1.1282318606972694,0.4743509292602539,0.4461013078689575,0.24572938680648804,0.25072886297376096
CC1=CC(=C(C(=O)N1)C(=O)NCCC2=NC(=NO2)C3=CC=CC=N3)C,Cc1cc(C)c(C(=O)NCCc2nc(-c3ccccn3)no2)c(=O)[nH]1,2.4551259924063285,11,17,0.6970387101173401,0.3141971230506897,0.09199773520231247,0.3720666170120239,1.1032335683703423,0.4572758078575134,0.45416074991226196,0.20128829777240753,0.245014245014245
CC1=CC(=NC(=N1)NC2=CC=CC=C2OC)C(=O)NC3=NOC(=C3)C,COc1ccccc1Nc1nc(C)cc(C(=O)Nc2cc(C)on2)n1,2.2391571950065448,11,17,0.7006813287734985,0.20665733516216278,0.1946544051170349,0.36510366201400757,1.1019930690526962,0.3855343759059906,0.509314775466919,0.2106325328350067,0.23723723723723725
CC1=CC(=C(C(=O)N1)C(=O)N[C@@H](C)C2=NC(=NO2)C3=CC=CC=N3)C,Cc1cc(C)c(C(=O)N[C@@H](C)c2nc(-c3ccccn3)no2)c(=O)[nH]1,2.967983318085011,11,17,0.6761927604675293,0.2088625282049179,0.21359188854694366,0.36366546154022217,1.0986471772193909,0.41252028942108154,0.5080884099006653,0.1714506447315216,0.24242424242424243
C1CCC(CC1)N2C(=O)C3=C(C2=O)C=C(C=C3)C(=O)NC4=NNN=C4,O=C(Nc1cn[nH]n1)c1ccc2c(c1)C(=O)N(C1CCCCC1)C2=O,2.477451236176643,10,15,0.18348348140716553,0.3679206371307373,0.5429766774177551,0.31401005387306213,1.094380795955658,0.295284241437912,0.28466516733169556,0.38856130838394165,0.1498371335504886
CC1=CC(=C(C(=O)N1)C(=O)N[C@H](C)C2=NC(=NO2)C3=CC=CC=N3)C,Cc1cc(C)c(C(=O)N[C@H](C)c2nc(-c3ccccn3)no2)c(=O)[nH]1,2.967983318085011,11,17,0.6782892942428589,0.20688536763191223,0.20867083966732025,0.3642967939376831,1.0938455015420914,0.41582298278808594,0.508014976978302,0.16775110363960266,0.24242424242424243
CC(C1=CC=NC=C1)NC(=O)C2=CC3=C(N=C2)N(C(=O)N(C3=O)C)C,CC(NC(=O)c1cnc2c(c1)c(=O)n(C)c(=O)n2C)c1ccncc1,2.7392459458919873,9,15,0.5406920909881592,0.22889477014541626,0.32292813062667847,0.3941398859024048,1.092514991760254,0.40844470262527466,0.47058218717575073,0.261087030172348,0.27303754266211605
CCOC1=NC(=C(C(=N1)C)NC(=O)C2=NOC(=C2)C3=CN=CC=C3)C,CCOc1nc(C)c(NC(=O)c2cc(-c3cccnc3)on2)c(C)n1,2.560520575288235,9,15,0.41433924436569214,0.32250654697418213,0.32126742601394653,0.34191685914993286,1.0581132173538208,0.3299294710159302,0.39714184403419495,0.3240419030189514,0.2138728323699422
CCOC1=NC=C(C=N1)NC(=O)CCN2C=NC3=CC=CC=C3C2=O,CCOc1ncc(NC(=O)CCn2cnc3ccccc3c2=O)cn1,2.2510531592535656,11,16,0.600077748298645,0.4001018702983856,0.05574958398938179,0.4001891613006592,1.0559292025864124,0.46992048621177673,0.4324249029159546,0.2722771167755127,0.33695652173913043
C[C@H](C1=CC=NC=C1)NC(=O)C2=CC3=C(N=C2)N(C(=O)N(C3=O)C)C,C[C@@H](NC(=O)c1cnc2c(c1)c(=O)n(C)c(=O)n2C)c1ccncc1,2.7392459458919873,9,15,0.5304946899414062,0.21681103110313416,0.3013736605644226,0.39490896463394165,1.048679381608963,0.4049502909183502,0.4610728621482849,0.2508559226989746,0.27303754266211605
C1COCC2=C1N=C(NC2=O)CNC(=O)CC3=CNC4=C3C=CC=N4,O=C(Cc1c[nH]c2ncccc12)NCc1nc2c(c(=O)[nH]1)COCC2,2.848630372109202,12,17,0.48496970534324646,0.27172720432281494,0.2919203042984009,0.2889201045036316,1.0486172139644623,0.3151588439941406,0.3743453919887543,0.26870405673980713,0.2733118971061093
C[C@@H](C1=CC=NC=C1)NC(=O)C2=CC3=C(N=C2)N(C(=O)N(C3=O)C)C,C[C@H](NC(=O)c1cnc2c(c1)c(=O)n(C)c(=O)n2C)c1ccncc1,2.7392459458919873,9,15,0.5460436344146729,0.20029059052467346,0.3009059429168701,0.39438387751579285,1.0472401678562164,0.4048098921775818,0.4696066975593567,0.2407606989145279,0.27303754266211605
C[C@H](C1=CC=CC=C1)NC(=O)C2=NN(C3=NC(=O)N(C(=O)C3=C2)C)C,C[C@@H](NC(=O)c1cc2c(=O)n(C)c(=O)nc-2n(C)n1)c1ccccc1,2.844177718467238,9,15,0.5235984325408936,0.21737053990364075,0.2996537983417511,0.40824681520462036,1.0406227707862854,0.3829883933067322,0.47360822558403015,0.2739747166633606,0.2849002849002849
COC1=CC=CC=C1N2C(=O)C3=CN=C(N=C3NC2=O)N4CCCC4,COc1ccccc1-n1c(=O)[nH]c2nc(N3CCCC3)ncc2c1=O,2.357183928484334,9,15,0.5362170934677124,0.16394200921058655,0.33947211503982544,0.3670610785484314,1.0396312177181244,0.3793116807937622,0.4450850486755371,0.22755666077136993,0.4431818181818182
CC(=O)NC1=CC(=NN1C2=NC(=O)C3CCCCC3=N2)C4=CC=CO4,CC(=O)Nc1cc(-c2ccco2)nn1C1=NC(=O)C2CCCCC2=N1,3.5504466147883083,11,17,0.14084196090698242,0.38459402322769165,0.5133475065231323,0.28728073835372925,1.0387834906578064,0.2479817271232605,0.27407270669937134,0.38456445932388306,0.19656019656019655
CC1=NC(=CC(=O)N1)C(=O)N2CC3(C2)CN(C3)C(=O)C4=CC=CC=N4,Cc1nc(C(=O)N2CC3(CN(C(=O)c4ccccn4)C3)C2)cc(=O)[nH]1,3.266443270306703,9,15,0.42809295654296875,0.21488821506500244,0.39173927903175354,0.3679760694503784,1.0347204506397247,0.3392777442932129,0.4436994791030884,0.27135229110717773,0.23741007194244604
C1CCC2(C(C1)NC(=O)C3=NC4=CC=CC=C4N=C3)C(=O)NC(=O)N2,O=C1NC(=O)C2(CCCCC2NC(=O)c2cnc3ccccc3n2)N1,3.7987529674770713,13,17,0.3407710790634155,0.2860930860042572,0.40749844908714294,0.34370800852775574,1.0343626141548157,0.3323746919631958,0.39543670415878296,0.28008896112442017,0.13738019169329074
C1CCC2(CC1)C(=O)N(C(=O)N2)NC(=O)C3=NC4=CC=CC=C4N=C3,O=C(NN1C(=O)NC2(CCCCC2)C1=O)c1cnc2ccccc2n1,2.90636007632677,10,15,0.29872769117355347,0.22703585028648376,0.5083722472190857,0.31884241104125977,1.034135788679123,0.2538602352142334,0.41193652153015137,0.29247963428497314,0.14076246334310852
CC1=CC(=C(C(=O)N1)C(=O)N(C)CC2=NC(=NO2)C3=CC=NC=C3)C,Cc1cc(C)c(C(=O)N(C)Cc2nc(-c3ccncc3)no2)c(=O)[nH]1,2.538643763649169,8,15,0.5570379495620728,0.24754995107650757,0.2209484577178955,0.36505603790283203,1.0255363583564758,0.39889293909072876,0.4242902398109436,0.24622304737567902,0.24924924924924924
CC1=C(C(=O)NC(=N1)C)CC(=O)NCC2=CC(=NO2)C3=CC=CC=N3,Cc1nc(C)c(CC(=O)NCc2cc(-c3ccccn3)no2)c(=O)[nH]1,2.648264237260067,11,17,0.6217189431190491,0.18809932470321655,0.20748120546340942,0.3610527515411377,1.017299473285675,0.3584604263305664,0.48665642738342285,0.21719905734062195,0.2630057803468208
CC1=NOC2=C1C(=CC(=N2)C(C)C)C(=O)NNC(=O)C3=CN=CC=C3,Cc1noc2nc(C(C)C)cc(C(=O)NNC(=O)c3cccnc3)c12,2.463858708704116,10,16,0.6006121039390564,0.2908075749874115,0.11436273157596588,0.3567931652069092,1.0057824105024338,0.393433541059494,0.4259656071662903,0.2518162131309509,0.147239263803681
CCN1C(=NC2=C1C=CC(=C2)C(=O)NNC(=O)C3=CNC(=O)C=C3)C,CCn1c(C)nc2cc(C(=O)NNC(=O)c3ccc(=O)[nH]c3)ccc21,2.3042501372755435,12,17,0.5565584897994995,0.2694782316684723,0.1769217848777771,0.33543089032173157,1.002958506345749,0.3838788866996765,0.4273521304130554,0.20288118720054626,0.19865319865319866
CCOC(=O)C1=C(N2C(=C(C(=N2)C)C3=CC=CC=C3)N=N1)NC(=O)C,CCOC(=O)c1nnc2c(-c3ccccc3)c(C)nn2c1NC(C)=O,2.450667280132686,8,15,0.3870948255062103,0.2718685269355774,0.34176135063171387,0.3260858952999115,1.0007247030735016,0.3047882616519928,0.40508729219436646,0.27398285269737244,0.2920353982300885
CC1=CC(=NO1)NC(=O)C2=CC(=NC(=N2)C)NC3=CC=CC=C3OC,COc1ccccc1Nc1cc(C(=O)Nc2cc(C)on2)nc(C)n1,2.2883012903478246,11,17,0.67520672082901,0.1650506556034088,0.15884611010551453,0.3554859161376953,0.9991034865379333,0.36822402477264404,0.50025874376297,0.1814231276512146,0.22448979591836735
CCOC(=O)C1=C(C2=CN=C(N=C2NC1=O)N(C)C3=CC=CC=C3)N,CCOC(=O)c1c(N)c2cnc(N(C)c3ccccc3)nc2[nH]c1=O,2.6299650823304894,9,15,0.48774394392967224,0.2977510392665863,0.20900225639343262,0.394986093044281,0.9944972395896912,0.3925590217113495,0.3987077474594116,0.3094220757484436,0.3201320132013201
CC(=O)NC1=CC=CC(=C1)NC2=C3C(=NC=C2)N(C(=O)N(C3=O)C)C,CC(=O)Nc1cccc(Nc2ccnc3c2c(=O)n(C)c(=O)n3C)c1,2.2532244803237997,11,17,0.4221465587615967,0.20192936062812805,0.3693137764930725,0.320462167263031,0.9933896958827972,0.2864493727684021,0.41767504811286926,0.26909339427948,0.3463035019455253
CC1=CC(=C2C(=O)NN(C2=N1)C)C(=O)NC3=CC=CC(=C3)NC(=O)C,CC(=O)Nc1cccc(NC(=O)c2cc(C)nc3c2c(=O)[nH]n3C)c1,2.3236893632669435,11,17,0.48554301261901855,0.13489562273025513,0.3718489706516266,0.3425697684288025,0.9922876060009003,0.29053011536598206,0.49037355184555054,0.21602340042591095,0.26666666666666666
CC1=C(C(=NC(=N1)OC)C)NC(=O)CN2C=NC3=CC=CC=C3C2=O,COc1nc(C)c(NC(=O)Cn2cnc3ccccc3c2=O)c(C)n1,2.331675412000818,9,15,0.589735746383667,0.18153291940689087,0.21685515344142914,0.3476787209510803,0.988123819231987,0.3741368055343628,0.4721846580505371,0.1705443114042282,0.29194630872483224
CC1=NC(=NC=C1C(=O)N2CCOCC2)NC3=NC4=CC=CC=C4O3,Cc1nc(Nc2nc3ccccc3o2)ncc1C(=O)N1CCOCC1,2.394482216155568,9,15,0.4335441589355469,0.19960886240005493,0.3502921462059021,0.35460469126701355,0.9834451675415039,0.31979990005493164,0.4474020004272461,0.2525133788585663,0.17888563049853373
CC1=NN(C(=C1)NC(=O)CNC(=O)C2=CNC3=CC=CC=C3C2=O)C,Cc1cc(NC(=O)CNC(=O)c2c[nH]c3ccccc3c2=O)n(C)n1,2.23124332408873,12,17,0.5791287422180176,0.16434481739997864,0.23860007524490356,0.31792980432510376,0.9820736348628998,0.3163612186908722,0.449094295501709,0.19148960709571838,0.20348837209302326
CC1=CC(=NO1)NC2=NC(=NC(=C2)C(=O)NC3=CC=CC=C3OC)C,COc1ccccc1NC(=O)c1cc(Nc2cc(C)on2)nc(C)n1,2.2902963065991777,11,17,0.6330500245094299,0.16337977349758148,0.18554644286632538,0.35806694626808167,0.9819762408733368,0.35218268632888794,0.5026978254318237,0.19179731607437134,0.21470588235294116
C/C(=N/NC(=O)C1=CN=CC=C1)/CC(=O)NC2=CC=CC=C2C(=O)N,C/C(CC(=O)Nc1ccccc1C(N)=O)=N/NC(=O)c1cccnc1,2.161302444967852,13,17,0.47072452306747437,0.2983585298061371,0.21121340990066528,0.3800906240940094,0.9802964627742767,0.3663892447948456,0.40568673610687256,0.29895368218421936,0.15483870967741936
CC(C1=CC=CC=N1)NC(=O)C2=CC3=C(N=C2)N(C(=O)N(C3=O)C)C,CC(NC(=O)c1cnc2c(c1)c(=O)n(C)c(=O)n2C)c1ccccn1,2.753802467631118,11,17,0.4769926369190216,0.21387368440628052,0.28918200731277466,0.36776119470596313,0.9800483286380768,0.36681076884269714,0.4213324189186096,0.25465285778045654,0.2564102564102564
CC(=O)C1=C(N=CN=C1NC(=O)C)NC2=C(C=C3CN=CC3=C2)OC,COc1cc2c(cc1Nc1ncnc(NC(C)=O)c1C(C)=O)C=NC2,2.976902225187631,10,17,0.4258783161640167,0.3014824092388153,0.24940277636051178,0.2827681601047516,0.9767635017633438,0.3383735418319702,0.3375089764595032,0.23040533065795898,0.2772585669781931
CC1=CC(=NO1)CNC(=O)CC2=C(N=C(NC2=O)C3=CN=CC=C3)C,Cc1cc(CNC(=O)Cc2c(C)nc(-c3cccnc3)[nH]c2=O)no1,2.562100206924205,11,17,0.5592108964920044,0.23062139749526978,0.18274740874767303,0.35476329922676086,0.9725797027349472,0.3422679901123047,0.43304145336151123,0.2453855276107788,0.3067484662576687
CC1=CC(=NO1)NC(=O)CN2C=NC3=C(C2=O)C=C4CCCCC4=N3,Cc1cc(NC(=O)Cn2cnc3nc4c(cc3c2=O)CCCC4)no1,2.586551236176641,10,17,0.432879775762558,0.5328583121299744,0.00230462197214365,0.3650623559951782,0.968042709864676,0.4742531180381775,0.2597160339355469,0.33847492933273315,0.27808988764044945
CC1=C(C=CN=N1)C(=O)NC2=CC(=CC=C2)N3C(=O)C(NC3=O)(C)C,Cc1nnccc1C(=O)Nc1cccc(N2C(=O)NC(C)(C)C2=O)c1,2.5280445472134314,10,16,0.5041790008544922,0.08688390254974365,0.3701053857803345,0.33066755533218384,0.9611682891845703,0.30322062969207764,0.47148603200912476,0.18493647873401642,0.14204545454545456
CC1=CC(=C(C(=O)N1)CNC(=O)C2=C(C=CN=C2)C3=NOC(=N3)C)C,Cc1cc(C)c(CNC(=O)c2cnccc2-c2noc(C)n2)c(=O)[nH]1,2.631260686726092,10,17,0.6299664974212646,0.23407813906669617,0.09328655898571014,0.33114778995513916,0.957331195473671,0.3928404748439789,0.4396463930606842,0.16782835125923157,0.25386996904024767
CC1=C(C(=NO1)C)NC(=O)C2=NN(C(=C2)NC(=O)C)C3=CC=CC=C3,CC(=O)Nc1cc(C(=O)Nc2c(C)noc2C)nn1-c1ccccc1,2.292615412000819,9,15,0.4930384159088135,0.15284737944602966,0.31076180934906006,0.31269341707229614,0.9566476047039032,0.2749944031238556,0.4673093259334564,0.20533961057662964,0.15128205128205127
CC1=CC(=NC(=N1)NC2=NOC(=C2)C)C(=O)NC3=CC=CC=C3OC,COc1ccccc1NC(=O)c1cc(C)nc(Nc2cc(C)on2)n1,2.2551426771300562,11,17,0.5692622661590576,0.19841787219047546,0.1866445243358612,0.3518001437187195,0.9543246626853943,0.34864097833633423,0.46927836537361145,0.2028777003288269,0.22590361445783133
CCOC1=NC=NC(=C1)NC(=O)CCN2C=NC3=CC=CC=C3C2=O,CCOc1cc(NC(=O)CCn2cnc3ccccc3c2=O)ncn1,2.2445916207920256,12,17,0.5153117775917053,0.40017205476760864,0.03690130263566971,0.4010257124900818,0.9523851349949837,0.43424785137176514,0.3939552307128906,0.2945604622364044,0.4
CCOC(=O)NC1=NC2=C(N1)C=C(C=C2)C3=CC(=CN=C3)NC(=O)C,CCOC(=O)Nc1nc2ccc(-c3cncc(NC(C)=O)c3)cc2[nH]1,2.347129892731356,12,17,0.4097138047218323,0.30485886335372925,0.23732739686965942,0.2967489957809448,0.951900064945221,0.3195991516113281,0.35661637783050537,0.24547171592712402,0.3474903474903475
C/C(=N\NC(=O)C1=CC=NC=C1)/CC(=O)NC2=CC=CC=C2C(=O)N,C/C(CC(=O)Nc1ccccc1C(N)=O)=N\NC(=O)c1ccncc1,2.1715545328799397,11,15,0.5210663080215454,0.24048034846782684,0.18367935717105865,0.37793153524398804,0.9452260136604309,0.3618008494377136,0.42630332708358765,0.25854796171188354,0.15894039735099338
CC(=O)NC1=CC=C(C=C1)NC2=C3C(=NC=C2)N(C(=O)N(C3=O)C)C,CC(=O)Nc1ccc(Nc2ccnc3c2c(=O)n(C)c(=O)n3C)cc1,2.199718125808749,9,15,0.3260287046432495,0.2324080467224121,0.3859323263168335,0.3028700351715088,0.9443690776824951,0.2532566785812378,0.36087536811828613,0.3034493327140808,0.34901960784313724
C/C(=N\NC(=O)C1=CN=CC=C1)/CC(=O)NC2=CC=CC=C2C(=O)N,C/C(CC(=O)Nc1ccccc1C(N)=O)=N\NC(=O)c1cccnc1,2.161302444967852,13,17,0.482036828994751,0.29147881269454956,0.17049400508403778,0.37471404671669006,0.9440096467733383,0.372347891330719,0.39796191453933716,0.2760835886001587,0.15483870967741936
CCOC1=CC=CC=C1NC2=NC=C(C=N2)C(=O)NC3=NOC(=C3)C,CCOc1ccccc1Nc1ncc(C(=O)Nc2cc(C)on2)cn1,2.2137070054074126,11,16,0.6433391571044922,0.12918981909751892,0.16852088272571564,0.29774975776672363,0.9410498589277267,0.3115517497062683,0.4392331838607788,0.16409340500831604,0.27129337539432175
CC1=C(C(=NO1)C)CN(C)C(=O)C2=CN=C(NC2=O)C3=CN=CC=C3,Cc1noc(C)c1CN(C)C(=O)c1cnc(-c2cccnc2)[nH]c1=O,2.5595099174953226,10,17,0.4666648507118225,0.27581489086151123,0.19766056537628174,0.3176053762435913,0.9401403069496155,0.327928364276886,0.35411444306373596,0.27196162939071655,0.2857142857142857
CC1=CC(=O)NC(=N1)N2C(=CC(=N2)C)NC(=O)COC3=CC=CC=C3,Cc1cc(=O)[nH]c(-n2nc(C)cc2NC(=O)COc2ccccc2)n1,2.3973290259924607,10,15,0.5287625789642334,0.19121570885181427,0.21857884526252747,0.31154486536979675,0.9385571330785751,0.31922534108161926,0.424836128950119,0.2071143388748169,0.34394904458598724
CC1=CC(=NO1)CNC(=O)CC2=C(N=C(NC2=O)C3=CC=CC=N3)C,Cc1cc(CNC(=O)Cc2c(C)nc(-c3ccccn3)[nH]c2=O)no1,2.575952211257899,11,17,0.5963987112045288,0.2080708146095276,0.13136306405067444,0.34382593631744385,0.9358325898647308,0.34864264726638794,0.4440556764602661,0.19793719053268433,0.2930513595166163
CC1=CC(=NO1)NC(=O)C2=CN=C(N=C2)NCC3=CC=CC=C3OC,COc1ccccc1CNc1ncc(C(=O)Nc2cc(C)on2)cn1,2.203426236176643,11,16,0.6280789971351624,0.19104646146297455,0.11466347426176071,0.27565526962280273,0.9337889328598976,0.33585119247436523,0.38835251331329346,0.1576208472251892,0.2733333333333333
CN1C(=O)C=C(NC1=O)N2CCCC2C3=NC4=CC=CC=C4C(=O)N3,Cn1c(=O)cc(N2CCCC2c2nc3ccccc3c(=O)[nH]2)[nH]c1=O,3.2384990524914503,12,17,0.48637038469314575,0.24573124945163727,0.20132994651794434,0.3447456955909729,0.9334315806627274,0.39332133531570435,0.39005279541015625,0.1935093104839325,0.2724458204334365
CC1=CC(=NC(=N1)NNC(=O)C2=NOC(=C2)C3=CC=CC=C3OC)C,COc1ccccc1-c1cc(C(=O)NNc2nc(C)cc(C)n2)no1,2.344844302265484,10,15,0.575984001159668,0.16191229224205017,0.19116336107254028,0.3117576241493225,0.9290596544742584,0.3241865038871765,0.45103001594543457,0.1671675145626068,0.3003194888178914
CC1=NC(=CC=C1)CNC(=O)C2=NC3=C(C=C2)C(=O)N(C(=O)N3C)C,Cc1cccc(CNC(=O)c2ccc3c(=O)n(C)c(=O)n(C)c3n2)n1,2.3220519050729624,10,17,0.3701747953891754,0.2448340505361557,0.31402313709259033,0.34471625089645386,0.9290319830179214,0.32885128259658813,0.3699191212654114,0.2772403359413147,0.2624113475177305
CC(=O)NC1=NN(C2=C1C=C(C=N2)C3=CC=NC=C3)CCOC(=O)C,CC(=O)Nc1nn(CCOC(C)=O)c2ncc(-c3ccncc3)cc12,2.5033106077909437,9,15,0.17548224329948425,0.30462393164634705,0.44584864377975464,0.249008908867836,0.9259548187255859,0.2017756849527359,0.28434842824935913,0.32865580916404724,0.2977346278317152
CC1=C(C=NN1C2=CC=CC=C2)C(=O)NC3=CN=C(N=C3OC)OC,COc1ncc(NC(=O)c2cnn(-c3ccccc3)c2C)c(OC)n1,2.319858820141972,9,15,0.468953013420105,0.14093592762947083,0.31531503796577454,0.3091670870780945,0.9252039790153503,0.2960386276245117,0.4233950972557068,0.20854711532592773,0.17897727272727273
CC1=C(C=NN1C2=NC3=CC=CC=C3C(=O)N2)C(=O)N4CCOCC4,Cc1c(C(=O)N2CCOCC2)cnn1-c1nc2ccccc2c(=O)[nH]1,2.433633928484335,9,15,0.443798303604126,0.16126126050949097,0.3131740987300873,0.32002314925193787,0.9182336628437042,0.3022271394729614,0.4131423234939575,0.21159663796424866,0.2238372093023256
CCOC1=NC(=NC=C1NC(=O)C2=CC3=NC=CN=C3C=C2)OCC,CCOc1ncc(NC(=O)c2ccc3nccnc3c2)c(OCC)n1,2.4281377746381807,11,17,0.3870278298854828,0.42709898948669434,0.1040245071053505,0.3146372437477112,0.9181513264775276,0.38098567724227905,0.30185115337371826,0.2796362638473511,0.24041811846689895
CC(=O)NC1=CC(=NN1C2=NC3=C(CCCC3)C(=O)N2)C4=CC=CO4,CC(=O)Nc1cc(-c2ccco2)nn1-c1nc2c(c(=O)[nH]1)CCCC2,2.8133800823304895,11,17,0.4236855208873749,0.19259054958820343,0.30099618434906006,0.27224504947662354,0.9172722548246384,0.2933848798274994,0.3711497485637665,0.19736039638519287,0.2601010101010101
CC1=C(C(=O)NC(=N1)C)CCC(=O)NN2C=NC3=CC=CC=C3C2=O,Cc1nc(C)c(CCC(=O)Nn2cnc3ccccc3c2=O)c(=O)[nH]1,2.623032115297521,11,17,0.610651969909668,0.3219118118286133,-0.016702355816960335,0.40779411792755127,0.9158614259213209,0.4646957516670227,0.43386220932006836,0.2064794898033142,0.2532467532467532
C/C(=N/NC(=O)C1=CC=NC=C1)/CC(=O)NC2=CC=CC=C2C(=O)N,C/C(CC(=O)Nc1ccccc1C(N)=O)=N/NC(=O)c1ccncc1,2.1715545328799397,11,15,0.5086990594863892,0.21441411972045898,0.1916530430316925,0.3694603443145752,0.9147662222385406,0.34393414855003357,0.42822474241256714,0.24674341082572937,0.15894039735099338
CCOC1=CC=CC=C1NC(=O)C2=CN=C(N=C2)NC3=NOC(=C3)C,CCOc1ccccc1NC(=O)c1cnc(Nc2cc(C)on2)nc1,2.229470466945873,11,16,0.6634297370910645,0.0681397020816803,0.18285882472991943,0.3488902151584625,0.9144282639026642,0.3383432626724243,0.5014915466308594,0.15294098854064941,0.2586750788643533
COC1=NC(=NC(=N1)N2CCOCC2)C3=NOC(=C3)C4=CC=CC=C4,COc1nc(-c2cc(-c3ccccc3)on2)nc(N2CCOCC2)n1,2.431891360916767,7,13,0.32161152362823486,0.2654249668121338,0.32722461223602295,0.31681275367736816,0.9142611026763916,0.2759217321872711,0.362713098526001,0.2950233221054077,0.31666666666666665
CC1=NOC2=NC=NC(=C12)NC3=C4CCN(C4=CC=C3)C(=O)COC,COCC(=O)N1CCc2c(Nc3ncnc4onc(C)c34)cccc21,2.665701236176643,10,17,0.10028503090143204,0.3191136121749878,0.4938972592353821,0.26634109020233154,0.9132959023118019,0.18233159184455872,0.25823819637298584,0.39717304706573486,0.20718232044198895
CC1=C(C(=O)NC(=N1)C)CC2=NC(=NO2)CC(=O)NC3=CC=CC=C3,Cc1nc(C)c(Cc2nc(CC(=O)Nc3ccccc3)no2)c(=O)[nH]1,2.521170196089967,9,15,0.23385736346244812,0.33411726355552673,0.3453197777271271,0.37613070011138916,0.9132944047451019,0.2956029772758484,0.3620694875717163,0.35888761281967163,0.23723723723723725
CC1=NC(=CC(=O)N1)C(=O)N2C[C@@H]3[C@H](C2)C3NC(=O)C4=CC=NC=C4,Cc1nc(C(=O)N2C[C@@H]3C(NC(=O)c4ccncc4)[C@@H]3C2)cc(=O)[nH]1,3.710388255588491,11,15,0.5932520031929016,0.1910637617111206,0.12388346344232559,0.3835707902908325,0.9081992283463478,0.42311882972717285,0.47493889927864075,0.1449979990720749,0.22818791946308725
CN1C(=NN=N1)C2=CC(=CC=C2)NC(=O)C3=C(C(=CC=C3)OC)OC,COc1cccc(C(=O)Nc2cccc(-c3nnnn3C)c2)c1OC,2.079362828809362,11,17,0.4149283766746521,0.20922474563121796,0.280912309885025,0.25894489884376526,0.9050654321908951,0.28132933378219604,0.3713046610355377,0.17642468214035034,0.2608695652173913
CC1=NN(C(=O)C2=CC=CC=C12)CC(=O)NCC3=CC(=O)NC(=N3)C,Cc1nc(CNC(=O)Cn2nc(C)c3ccccc3c2=O)cc(=O)[nH]1,2.5062200273854334,11,17,0.5648951530456543,0.17913922667503357,0.16069522500038147,0.3415154814720154,0.9047296047210693,0.35055825114250183,0.45683249831199646,0.16675667464733124,0.2358490566037736
CC(C1=CC=NC=C1)NC(=O)C2=NC3=C(C=C2)C(=O)N(C(=O)N3C)C,CC(NC(=O)c1ccc2c(=O)n(C)c(=O)n(C)c2n1)c1ccncc1,2.7534372502398146,9,15,0.47184252738952637,0.16094151139259338,0.2680604159832001,0.3484366238117218,0.9008444547653198,0.3441025912761688,0.4242972135543823,0.20630578696727753,0.26557377049180325
CC1=CC(=NN1CC(=O)NNC(=O)C2=CC(=O)NC3=CC=CC=C32)C,Cc1cc(C)n(CC(=O)NNC(=O)c2cc(=O)[nH]c3ccccc23)n1,2.2579288185942232,12,17,0.4680563509464264,0.13975130021572113,0.2927985191345215,0.32259494066238403,0.900606170296669,0.2980959415435791,0.4518977403640747,0.17078863084316254,0.2
CC1=C(N=CO1)C2=NOC(=N2)C3CCCCN3C(=O)C4=CN=CC=C4,Cc1ocnc1-c1noc(C2CCCCN2C(=O)c2cccnc2)n1,3.128041767580722,11,17,-0.007410765625536442,0.5296273231506348,0.37769651412963867,0.2618354856967926,0.899913071654737,0.24058660864830017,0.14894652366638184,0.43882375955581665,0.17468354430379746
CC(=NNC(=O)C1=CN=CC=C1)CC(=O)NC2=CC=CC=C2C(=O)N,CC(CC(=O)Nc1ccccc1C(N)=O)=NNC(=O)c1cccnc1,2.161302444967852,13,17,0.4652940034866333,0.24688059091567993,0.18650801479816437,0.35088515281677246,0.8986826092004776,0.33533933758735657,0.39497289061546326,0.25516974925994873,0.15483870967741936
CC1=C(C(=NO1)C)CC(=O)NNC(=O)C2=CC(=NN2)C3=CC=CC=C3,Cc1noc(C)c1CC(=O)NNC(=O)c1cc(-c2ccccc2)n[nH]1,2.3076488526446806,10,15,0.47656476497650146,0.14891423285007477,0.2712598741054535,0.3208075761795044,0.8967388719320297,0.284851610660553,0.4373793601989746,0.21037305891513824,0.1745152354570637
CC1=CC(=C(C(=O)N1)CNC(=O)CN2C(=O)C3=CC=CC=C3N=N2)C,Cc1cc(C)c(CNC(=O)Cn2nnc3ccccc3c2=O)c(=O)[nH]1,2.3244477196931257,11,17,0.6603068113327026,0.06976974010467529,0.1654127538204193,0.31168612837791443,0.8954893052577972,0.3408927619457245,0.489993155002594,0.08855235576629639,0.20118343195266272
C1COCCN1C2=NC=NC(=C2)NC(=O)CC3=NOC4=CC=CC=C43,O=C(Cc1noc2ccccc12)Nc1cc(N2CCOCC2)ncn1,2.399850612476019,10,15,0.3939964175224304,0.2015804648399353,0.2990849018096924,0.33419451117515564,0.8946617841720581,0.2714184522628784,0.417141318321228,0.2793041467666626,0.25559105431309903
COCC1=NC(=NO1)CNC2=NC=NC3=C2CC4=CC=CC=C4OC3,COCc1nc(CNc2ncnc3c2Cc2ccccc2OC3)no1,2.8614720261974327,11,17,0.22303883731365204,0.3462524712085724,0.3226191997528076,0.2889140844345093,0.891910508275032,0.26337671279907227,0.24653378129005432,0.3673318326473236,0.20391061452513967
CC(=NNC(=O)C1=CC=NC=C1)CC(=O)NC2=CC=CC=C2C(=O)N,CC(CC(=O)Nc1ccccc1C(N)=O)=NNC(=O)c1ccncc1,2.1715545328799397,11,15,0.48369812965393066,0.23195061087608337,0.17609944939613342,0.3462409973144531,0.8917481899261475,0.33001384139060974,0.40328019857406616,0.23958823084831238,0.15894039735099338
CC1=C(C(=NN1C2=CC=CC=C2)C)CN=CC3C(=O)NC(=O)NC3=O,Cc1nn(-c2ccccc2)c(C)c1CN=CC1C(=O)NC(=O)NC1=O,2.7596125548579593,9,14,0.3409572243690491,0.17617282271385193,0.37206798791885376,0.29776445031166077,0.8891980350017548,0.25799697637557983,0.36613327264785767,0.2488563060760498,0.11965811965811966
CCOC1=NC(=NC=C1NC(=O)C2=NC3=CC=CC=C3N=C2)OCC,CCOc1ncc(NC(=O)c2cnc3ccccc3n2)c(OCC)n1,2.420157005407411,11,17,0.45279842615127563,0.30636754631996155,0.12889915704727173,0.32760635018348694,0.8880651295185089,0.3649008870124817,0.38780903816223145,0.21956925094127655,0.23255813953488372
CC1=CC(=C(C=C1)OC)NC2=NC=C(C=N2)C(=O)NC3=NOC(=C3)C,COc1ccc(C)cc1Nc1ncc(C(=O)Nc2cc(C)on2)cn1,2.244463587205896,10,16,0.5168707966804504,0.18355929851531982,0.18299689888954163,0.25703248381614685,0.8834269940853119,0.278648316860199,0.3486069440841675,0.190168559551239,0.246875
CCC1=NC=C(C=N1)C(=O)NC2=C(C=CC(=C2)C3=NN=C(O3)C)OC,CCc1ncc(C(=O)Nc2cc(-c3nnc(C)o3)ccc2OC)cn1,2.3389879642373135,9,16,0.4019811451435089,0.40438246726989746,0.07653238624334335,0.3162831664085388,0.8828959986567497,0.36303719878196716,0.2936612665653229,0.290678471326828,0.278125
CCOC(=O)C1=NC(=NC2=NN(C=C12)C)NC(=O)CC3=CC=CC=C3,CCOC(=O)c1nc(NC(=O)Cc2ccccc2)nc2nn(C)cc12,2.457278971821278,9,15,0.3647509217262268,0.22650960087776184,0.28938376903533936,0.3382841646671295,0.880644291639328,0.3097583055496216,0.34561407566070557,0.29489967226982117,0.3137254901960784
CCOC(=O)C1=NC(=NC2=NN(C=C12)C)NC(=O)C3=CC=C(C=C3)C,CCOC(=O)c1nc(NC(=O)c2ccc(C)cc2)nc2nn(C)cc12,2.4385321152975212,8,15,0.3616020679473877,0.17274434864521027,0.33946728706359863,0.2736923098564148,0.8738137036561966,0.24923574924468994,0.3603425621986389,0.22941550612449646,0.2792207792207792
C1COCCN1C2=NC=C(C=N2)NC(=O)CC3=NOC4=CC=CC=C43,O=C(Cc1noc2ccccc12)Nc1cnc(N2CCOCC2)nc1,2.3707531072785137,9,14,0.35421818494796753,0.18166327476501465,0.33075833320617676,0.30559241771698,0.8666397929191589,0.23442864418029785,0.41340404748916626,0.25278791785240173,0.2786885245901639
CC1=NOC(=N1)CN(C)C2=NC3=C(CC4=CC=CC=C4OC3)C(=O)N2,Cc1noc(CN(C)c2nc3c(c(=O)[nH]2)Cc2ccccc2OC3)n1,3.0405666207920268,10,17,0.5151958465576172,0.17363494634628296,0.17773577570915222,0.32123807072639465,0.8665665686130524,0.3431693911552429,0.36496615409851074,0.2297103852033615,0.2873900293255132
CC1=NC2=C(CN(C2)CC3=NOC(=N3)C4=CC=C(C=C4)OC)C(=O)N1,COc1ccc(-c2nc(CN3Cc4nc(C)[nH]c(=O)c4C3)no2)cc1,2.626180082330489,8,15,0.4221919775009155,0.17669495940208435,0.2627521753311157,0.3047950267791748,0.8616391122341156,0.3021038770675659,0.3787262439727783,0.21378110349178314,0.31645569620253167
CC(C1=NC(=NO1)C2=CN=CC=C2)NC(=O)C3=C4CCCCC4=NO3,CC(NC(=O)c1onc2c1CCCC2)c1nc(-c2cccnc2)no1,3.1930409245880984,11,17,0.1676138937473297,0.3612440228462219,0.33038005232810974,0.2546992599964142,0.8592379689216614,0.2594084143638611,0.20547893643379211,0.3313450813293457,0.18686868686868688
CC1=NC(=CC=C1)CNC(=O)C2=CC3=C(N=C2)N(C(=O)N(C3=O)C)C,Cc1cccc(CNC(=O)c2cnc3c(c2)c(=O)n(C)c(=O)n3C)n1,2.309124814771959,10,17,0.35202163457870483,0.15750721096992493,0.3465540111064911,0.2933216094970703,0.8560828566551208,0.27161023020744324,0.3594791889190674,0.22426976263523102,0.25517241379310346
CC(=O)NN1C(=O)C2=C(N3C1(CCC3=O)C)N(N=C2)C4=CC=CC=C4,CC(=O)NN1C(=O)c2cnn(-c3ccccc3)c2N2C(=O)CCC12C,3.4522446367663315,9,15,0.19454987347126007,0.3981480002403259,0.2633328139781952,0.27808117866516113,0.8560306876897812,0.2613295018672943,0.28001073002815247,0.30034688115119934,0.1368909512761021
CCN1C(=O)C2=CC=CC=C2N=C1NNC(=O)C3=CC(=CN3)C(=O)C,CCn1c(NNC(=O)c2cc(C(C)=O)c[nH]2)nc2ccccc2c1=O,2.4323409065063135,12,17,0.4305003881454468,0.23114287853240967,0.19295263290405273,0.2846284806728363,0.8545958995819092,0.3112477958202362,0.3648427724838257,0.19016322493553162,0.25
CC1=CC(=NO1)CNC(=O)CC2=C(N=C(NC2=O)C3=CC=NC=C3)C,Cc1cc(CNC(=O)Cc2c(C)nc(-c3ccncc3)[nH]c2=O)no1,2.5714765882893182,9,15,0.5092154741287231,0.17858730256557465,0.16552439332008362,0.3278166651725769,0.8533271700143814,0.3185948431491852,0.40250062942504883,0.2080112248659134,0.3072100313479624
CC1=C(C(=NO1)C)NC(=O)C2=NN(C(=C2)NC(=O)C3=CC=CC=C3)C,Cc1noc(C)c1NC(=O)c1cc(NC(=O)c2ccccc2)n(C)n1,2.237379148264555,9,15,0.585074782371521,-0.002114696428179741,0.27014845609664917,0.3101789355278015,0.8531085420399904,0.24633446335792542,0.5192368030548096,0.13271266222000122,0.1260053619302949
CC1=C(C=NO1)C(=O)N2CCCC(C2)C3=NOC(=N3)C4=CC=NC=C4,Cc1oncc1C(=O)N1CCCC(c2noc(-c3ccncc3)n2)C1,3.0506664251149687,9,15,0.18459075689315796,0.4547678828239441,0.2116086632013321,0.27871280908584595,0.8509673029184341,0.3199613094329834,0.1851736456155777,0.33677423000335693,0.17010309278350516
CN1C2=C(C=N1)C(=O)N(C=N2)CC(=O)NC3CCOC4=CC=CC=C34,Cn1ncc2c(=O)n(CC(=O)NC3CCOc4ccccc43)cnc21,2.8368639224806174,12,17,0.40580615401268005,0.146321102976799,0.29790472984313965,0.24365083873271942,0.8500319868326187,0.25272467732429504,0.35523658990859985,0.17562684416770935,0.3486238532110092
C[C@@H](C1=NC(=NO1)C2=CN=CC=C2)NC(=O)C3=C4CCCCC4=NO3,C[C@H](NC(=O)c1onc2c1CCCC2)c1nc(-c2cccnc2)no1,3.1930409245880984,11,17,0.1917499303817749,0.3571564555168152,0.30016952753067017,0.2488384246826172,0.8490759134292603,0.2648758888244629,0.2066652476787567,0.31490036845207214,0.18686868686868688
CC1=NC(=NC=C1C(=O)C)NCCN2C(=O)C3=CC=CC=C3C(=O)N2,CC(=O)c1cnc(NCCn2[nH]c(=O)c3ccccc3c2=O)nc1C,2.5081624449678515,11,17,0.5136522054672241,0.19605889916419983,0.1373504102230072,0.3192674517631531,0.8470615148544312,0.3584076166152954,0.40321096777915955,0.12802278995513916,0.2786885245901639
C[C@H](C1=NC(=NO1)C2=CN=CC=C2)NC(=O)C3=C4CCCCC4=NO3,C[C@@H](NC(=O)c1onc2c1CCCC2)c1nc(-c2cccnc2)no1,3.1930409245880984,11,17,0.17447003722190857,0.3629785180091858,0.3079982399940491,0.24782946705818176,0.8454467952251434,0.2591555714607239,0.20090252161026,0.32191577553749084,0.18686868686868688
CCOC(=O)C1=C(N=CC(=C1)C2=NN3C=C(N=C3C=C2)NC(=O)C)C,CCOC(=O)c1cc(-c2ccc3nc(NC(C)=O)cn3n2)cnc1C,2.5473668405722467,10,17,0.14828059077262878,0.45398950576782227,0.24284496903419495,0.21264472603797913,0.845115065574646,0.237315833568573,0.17482303082942963,0.33341270685195923,0.30538922155688625
CC1=CC(=NC(=O)N1CC(=O)NCC2=NC(=NO2)C3=CC=CC=C3)C,Cc1cc(C)n(CC(=O)NCc2nc(-c3ccccc3)no2)c(=O)n1,2.231959145169059,9,15,0.3335980176925659,0.2700343728065491,0.23563982546329498,0.30081188678741455,0.83927221596241,0.2924589514732361,0.34765753149986267,0.22557994723320007,0.2599388379204893
CC1=CN=C(C=N1)CNC(=O)C2=CC=CC=C2N3CCC(=O)NC3=O,Cc1cnc(CNC(=O)c2ccccc2N2CCC(=O)NC2=O)cn1,2.447651019491918,12,17,0.4443293809890747,0.4109324514865875,-0.01785638928413391,0.3134292662143707,0.8374054431915283,0.3965032398700714,0.3058495819568634,0.21252775192260742,0.14678899082568808
CCOC1=CC=CC=C1NC2=NC=NC(=C2)C(=O)NC3=NOC(=C3)C,CCOc1ccccc1Nc1cc(C(=O)Nc2cc(C)on2)ncn1,2.29399931309972,12,17,0.5861271023750305,0.05756082385778427,0.1921476274728775,0.3116517961025238,0.8358355537056923,0.28808528184890747,0.461620032787323,0.1478804051876068,0.25449101796407186
CC1=CC(=C2C(=O)NN(C2=N1)C)C(=O)NC3=CC(=C(C=C3)C(=O)N)C,Cc1cc(C(=O)Nc2ccc(C(N)=O)c(C)c2)c2c(=O)[nH]n(C)c2n1,2.446247390022796,10,17,0.4602411985397339,0.04329066351056099,0.33016645908355713,0.281016081571579,0.833698321133852,0.22303712368011475,0.44218921661376953,0.15144988894462585,0.23510971786833856
CCCC1=NOC(=N1)CN2C(=O)[C@@](NC2=O)(C)C3=CC=CC(=C3)C#N,CCCc1noc(CN2C(=O)N[C@](C)(c3cccc(C#N)c3)C2=O)n1,2.9810817796234748,10,17,0.2605862021446228,0.46139228343963623,0.11037613451480865,0.28393614292144775,0.8323546200990677,0.31781214475631714,0.22726503014564514,0.3066509962081909,0.11518324607329843
CCOC1=CC=CC=C1NC2=NC=CC(=N2)C(=O)NC3=NOC(=C3)C,CCOc1ccccc1Nc1nccc(C(=O)Nc2cc(C)on2)n1,2.244316620792027,12,17,0.6469317674636841,-0.008755335584282875,0.1921176314353943,0.29341238737106323,0.8302940633147955,0.2832014560699463,0.48437151312828064,0.10586860775947571,0.2628398791540785
CC1=C(C(=O)NC(=O)N1)CC(=O)N/N=C\C2=C(NC3=CC=CC=C32)C,Cc1[nH]c(=O)[nH]c(=O)c1CC(=O)N/N=C\c1c(C)[nH]c2ccccc12,2.6188228845282904,12,17,0.37070369720458984,0.1242469847202301,0.3326622247695923,0.2850153148174286,0.8276129066944122,0.21827764809131622,0.38040465116500854,0.2253817915916443,0.24745762711864408
CCOC(=O)C1=CC=CC=C1NC2=NC(=NC=C2)NC3=NOC(=C3)C,CCOC(=O)c1ccccc1Nc1ccnc(Nc2cc(C)on2)n1,2.326864697715104,12,17,0.5937122106552124,0.31564801931381226,-0.08299589157104492,0.3543893098831177,0.8263643383979797,0.4540356695652008,0.3657240569591522,0.1588309407234192,0.1834862385321101
CC1=CC(=O)NC(=N1)N2C(=CC(=N2)C)NC(=O)C3=CC=CC=C3OC,COc1ccccc1C(=O)Nc1cc(C)nn1-c1nc(C)cc(=O)[nH]1,2.425661126286533,11,17,0.6130367517471313,0.06658473610877991,0.14306142926216125,0.28129082918167114,0.8226829171180725,0.30431485176086426,0.4444795846939087,0.08072283864021301,0.27405247813411077
CC1=NC=C(O1)C2=CC3=NC(=NC=C3C=C2)NC(=O)N4CCOCC4,Cc1ncc(-c2ccc3cnc(NC(=O)N4CCOCC4)nc3c2)o1,2.5678683067772745,9,15,0.31488198041915894,0.23045650124549866,0.27621033787727356,0.28824901580810547,0.8215488195419312,0.2658960819244385,0.3288348317146301,0.24917584657669067,0.28802588996763756
CC1=CC(=NC(=N1)NC2=CC=CC=C2C(=O)OC)NC3=NOC(=C3)C,COC(=O)c1ccccc1Nc1nc(C)cc(Nc2cc(C)on2)n1,2.344438668462667,11,17,0.5999745726585388,0.16236518323421478,0.0587906613945961,0.27454182505607605,0.8211304172873497,0.3383367955684662,0.38643717765808105,0.09624196588993073,0.16467065868263472
CC1=CC(=NC(=O)N1CCNC(=O)C2=NNC(=O)C3=CC=CC=C32)C,Cc1cc(C)n(CCNC(=O)c2n[nH]c(=O)c3ccccc23)c(=O)n1,2.3414705768359827,11,17,0.6129274368286133,0.0213494673371315,0.18608291447162628,0.2868974804878235,0.8203598186373711,0.30209219455718994,0.467954158782959,0.0411573089659214,0.2043343653250774
CC1=NOC(=N1)C2CCCN2C(=O)CN3C=NC4=CC=CC=C4C3=O,Cc1noc(C2CCCN2C(=O)Cn2cnc3ccccc3c2=O)n1,2.7813504609421553,11,17,0.22492395341396332,0.5165274143218994,0.07772812992334366,0.29244837164878845,0.8191794976592064,0.3673689365386963,0.19168302416801453,0.30236387252807617,0.22038567493112948
CN1C2=CC=CC=C2N(C1=O)CCC(=O)NNC(=O)C3=CN=CC=C3,Cn1c(=O)n(CCC(=O)NNC(=O)c2cccnc2)c2ccccc21,2.154795114833197,13,17,0.41714295744895935,0.27738600969314575,0.12379626929759979,0.28178131580352783,0.8183252364397049,0.286723256111145,0.3250443935394287,0.24294757843017578,0.1832797427652733
CC1=CC(=C(C=C1)OC)NC(=O)C2=CN=C(N=C2)NC3=NOC(=C3)C,COc1ccc(C)cc1NC(=O)c1cnc(Nc2cc(C)on2)nc1,2.252533359686934,10,16,0.4526016116142273,0.18215246498584747,0.1813516765832901,0.26104429364204407,0.8161057531833649,0.24919945001602173,0.3530459702014923,0.20195257663726807,0.234375
CCN1C2=CC=CC=C2N(C1=O)CC(=O)NNC(=O)C3=CN=CC=C3,CCn1c(=O)n(CC(=O)NNC(=O)c2cccnc2)c2ccccc21,2.1443188418104437,13,17,0.46151888370513916,0.22281420230865479,0.13115721940994263,0.2931783199310303,0.8154903054237366,0.29848378896713257,0.3429606556892395,0.2308010756969452,0.17973856209150327
CC1=NC=C(O1)C2=NC3=CC(=NC=C3C=C2)NC(=O)N4CCOCC4,Cc1ncc(-c2ccc3cnc(NC(=O)N4CCOCC4)cc3n2)o1,2.642040066524377,9,15,0.2667270302772522,0.2809250056743622,0.2665635347366333,0.2713391184806824,0.8142155706882477,0.24539664387702942,0.2967321574687958,0.27763479948043823,0.23631123919308358
CCCC1=NOC(=N1)CN2C(=O)C(NC2=O)(C)C3=CC=CC(=C3)C#N,CCCc1noc(CN2C(=O)NC(C)(c3cccc(C#N)c3)C2=O)n1,2.9810817796234748,10,17,0.22676527500152588,0.43892520666122437,0.14802901446819305,0.27725765109062195,0.8137194961309433,0.29588618874549866,0.23204991221427917,0.2987481951713562,0.11518324607329843
CC1=NC(=NO1)[C@H]2CCCN(C2)C(=O)C3=NNC(=O)C4=CC=CC=C43,Cc1nc([C@H]2CCCN(C(=O)c3n[nH]c(=O)c4ccccc34)C2)no1,2.905358153249848,11,17,0.23787589371204376,0.42646926641464233,0.14854058623313904,0.2818451523780823,0.8128857463598251,0.33306318521499634,0.216282457113266,0.28566259145736694,0.1634349030470914
C/C(=N\NC(=O)C(=O)NC1=CC=C(C=C1)NC(=O)C)/C2=CC=NC=C2,CC(=O)Nc1ccc(NC(=O)C(=O)N/N=C(\C)c2ccncc2)cc1,2.0933336537590606,9,13,0.3422410190105438,0.20461009442806244,0.2652256488800049,0.2915171980857849,0.8120767623186111,0.26745879650115967,0.32503437995910645,0.24782612919807434,0.15547703180212014
CC(C)C1=NOC(=N1)CN2C(=O)C(NC2=O)(C)C3=CC=CC(=C3)C#N,CC(C)c1noc(CN2C(=O)NC(C)(c3cccc(C#N)c3)C2=O)n1,3.011232567965566,9,16,0.30176180601119995,0.24905692040920258,0.2612261176109314,0.2614918649196625,0.8120448440313339,0.25480544567108154,0.2981414198875427,0.24660463631153107,0.11548556430446194
CN1C2=C(C=CC(=N2)C(=O)NC3=CC=CC(=C3)CN)C(=O)N(C1=O)C,Cn1c(=O)c2ccc(C(=O)Nc3cccc(CN)c3)nc2n(C)c1=O,2.203576988685004,11,17,0.3434639573097229,0.05414147675037384,0.41443338990211487,0.2528316080570221,0.8120388239622116,0.21878573298454285,0.364059716463089,0.17693854868412018,0.2691029900332226
CCCC1=NOC(=N1)CN2C(=O)[C@](NC2=O)(C)C3=CC=CC(=C3)C#N,CCCc1noc(CN2C(=O)N[C@@](C)(c3cccc(C#N)c3)C2=O)n1,2.9810817796234748,10,17,0.21720004081726074,0.4857443869113922,0.10868531465530396,0.27154481410980225,0.8116297423839569,0.30466532707214355,0.19873547554016113,0.3169820010662079,0.11518324607329843
C1CCN2C(=NC=C2NC(=O)C3=CC=C(C=C3)N4CC(=O)NC4=O)C1,O=C1CN(c2ccc(C(=O)Nc3cnc4n3CCCC4)cc2)C(=O)N1,2.5991012361766437,10,15,0.20215463638305664,0.30225032567977905,0.30556678771972656,0.23747414350509644,0.8099717497825623,0.24542167782783508,0.24175122380256653,0.2608492374420166,0.18733509234828497
CN1C(=NN(C1=O)CC(=O)NC2=CC=CC=C2OC)C3=CC=CC=N3,COc1ccccc1NC(=O)Cn1nc(-c2ccccn2)n(C)c1=O,2.1500893726880186,12,17,0.19941896200180054,0.33923983573913574,0.2705610990524292,0.23591527342796326,0.8092198967933655,0.24473953247070312,0.22401298582553864,0.2850342392921448,0.35185185185185186
CCOC1=CC=CC=C1NC(=O)C2=NC(=NC=C2)NC3=NOC(=C3)C,CCOc1ccccc1NC(=O)c1ccnc(Nc2cc(C)on2)n1,2.2600800823304894,12,17,0.5533738136291504,0.07266290485858917,0.18306118249893188,0.3248990774154663,0.8090979009866714,0.3033401370048523,0.4581471085548401,0.14970088005065918,0.2515151515151515
CCOC1=NC=C(C=C1)C(=O)NC2=NNC(=N2)C3=CC=CC=C3OC,CCOc1ccc(C(=O)Nc2n[nH]c(-c3ccccc3OC)n2)cn1,2.237676236176643,12,17,0.3609232008457184,0.3235352337360382,0.12098966538906097,0.26091936230659485,0.8054480999708176,0.31073713302612305,0.2566203773021698,0.24294379353523254,0.4509090909090909
CC(=O)ONC(=NCC1=CC=CC=C1OC)NC2=CC=CC(=N2)C#N,COc1ccccc1CN=C(NOC(C)=O)Nc1cccc(C#N)n1,2.809125342352157,12,17,0.4430525004863739,0.11836957186460495,0.24375174939632416,0.24261662364006042,0.805173821747303,0.25978145003318787,0.3709128201007843,0.12215633690357208,0.22468354430379747
CC1=NC(=CC(=O)N1)CCNC(=O)CN2C=NC3=CC=CC=C3C2=O,Cc1nc(CCNC(=O)Cn2cnc3ccccc3c2=O)cc(=O)[nH]1,2.4691203586035115,12,17,0.5741726756095886,0.34600067138671875,-0.11692679673433304,0.37370654940605164,0.8032465502619743,0.436078816652298,0.39256349205970764,0.17789873480796814,0.24829931972789115
CN1C(=CC(=N1)C2=CC(=CC=C2)OC)C(=O)NC3=CN=C(N=C3)OC,COc1cccc(-c2cc(C(=O)Nc3cnc(OC)nc3)n(C)n2)c1,2.3127465774550817,10,16,0.514796257019043,0.0419425368309021,0.2458074539899826,0.2801873981952667,0.8025462478399277,0.27654001116752625,0.4424799680709839,0.11357239633798599,0.27469135802469136
CC1=NC(=NO1)[C@@H]2CCCN(C2)C(=O)C3=NNC(=O)C4=CC=CC=C43,Cc1nc([C@@H]2CCCN(C(=O)c3n[nH]c(=O)c4ccccc34)C2)no1,2.905358153249848,11,17,0.23461127281188965,0.4203217327594757,0.14700037240982056,0.2777552008628845,0.8019333779811859,0.3274029493331909,0.2129662185907364,0.28351712226867676,0.1634349030470914
CC1=CN=C(C=C1)C2=CC(=CNC2=O)C(=O)N[C@H](C)C3=NC(=NO3)C,Cc1ccc(-c2cc(C(=O)N[C@H](C)c3nc(C)no3)c[nH]c2=O)nc1,3.0583789224806166,11,17,0.5450138449668884,0.13705360889434814,0.1187511682510376,0.26915377378463745,0.8008186221122742,0.31735461950302124,0.40322956442832947,0.09997959434986115,0.23512747875354106
CC1=CC=C(C=C1)C2=NC=C(C(=O)N2)C(=O)N(C)CC3=NOC(=N3)C,Cc1ccc(-c2ncc(C(=O)N(C)Cc3noc(C)n3)c(=O)[nH]2)cc1,2.4949729944184007,8,15,0.4654398560523987,0.17303085327148438,0.16151024401187897,0.2702823877334595,0.799980953335762,0.3017385005950928,0.33430206775665283,0.17903092503547668,0.3059210526315789
CC1=CC(=NO1)NC2=NC=C(C=N2)C(=O)NCC3=CC=CC=C3OC,COc1ccccc1CNC(=O)c1cnc(Nc2cc(C)on2)nc1,2.2427743130997193,11,16,0.5684172511100769,0.12518197298049927,0.10622861236333847,0.28325140476226807,0.7998278364539146,0.30008238554000854,0.4030865430831909,0.13543955981731415,0.2268370607028754
CCOC(=O)C1=CC=CC=C1NC2=NC=CC(=N2)NC3=NOC(=C3)C,CCOC(=O)c1ccccc1Nc1nccc(Nc2cc(C)on2)n1,2.313068543868951,12,17,0.5430939197540283,0.3236178755760193,-0.06846077740192413,0.31030258536338806,0.7982510179281235,0.42126885056495667,0.3029017150402069,0.1695302277803421,0.1834862385321101
CCOC1=C(C=CC=N1)C(=O)NCCN2C(=O)C3=CC=CC=C3N=N2,CCOc1ncccc1C(=O)NCCn1nnc2ccccc2c1=O,2.1609646977151034,12,17,0.4416338801383972,0.31783631443977356,0.03857376426458359,0.31703197956085205,0.7980439588427544,0.3623509407043457,0.3460688591003418,0.20799614489078522,0.2344213649851632
CC(=O)NC1=CC=C(C=C1)C2=NC3=C(C(=N2)N4CCOCC4)OC=N3,CC(=O)Nc1ccc(-c2nc(N3CCOCC3)c3ocnc3n2)cc1,2.565013723004883,7,13,0.23235714435577393,0.1644330471754074,0.3975929319858551,0.22999641299247742,0.7943831235170364,0.17210455238819122,0.32367560267448425,0.229457825422287,0.38652482269503546
CC(=O)N(CC1=CN=C2C(=N1)C(=O)N(C(=O)N2C)C)C3=CC=CC=C3,CC(=O)N(Cc1cnc2c(n1)c(=O)n(C)c(=O)n2C)c1ccccc1,2.4604893632669427,8,15,0.05323857069015503,0.2803320586681366,0.46071916818618774,0.2549736499786377,0.7942897975444794,0.18406251072883606,0.23465315997600555,0.33371686935424805,0.28434504792332266
CC1=CC(=NC(=N1)OC2=CC=CC(=C2)NC(=O)C3=NNC(=O)CC3)C,Cc1cc(C)nc(Oc2cccc(NC(=O)C3=NNC(=O)CC3)c2)n1,2.5136464691127216,10,15,0.470539391040802,0.18557636439800262,0.1375523954629898,0.31832462549209595,0.7936681509017944,0.3268115818500519,0.4065728783607483,0.15743744373321533,0.21904761904761905
CC1=NC=C(C(=O)N1)C(=O)NCC2=CN(N=C2)C3=CC=CC=C3OC,COc1ccccc1-n1cc(CNC(=O)c2cnc(C)[nH]c2=O)cn1,2.3421959815720914,12,17,0.36712342500686646,0.24924853444099426,0.1743059754371643,0.25525861978530884,0.790677934885025,0.26940256357192993,0.3120082914829254,0.19777536392211914,0.26129032258064516
CCOC(=O)C1=C(C2=CN=C(N=C2NC1=O)NC3=CC=CC=C3C)N,CCOC(=O)c1c(N)c2cnc(Nc3ccccc3C)nc2[nH]c1=O,2.4540200273854342,11,17,0.4643000662326813,0.14821487665176392,0.17615006864070892,0.30295422673225403,0.7886650115251541,0.30625903606414795,0.3494773209095001,0.18856866657733917,0.29491525423728815
CC1=NN(C2=C1C=C(C=N2)NC(=O)C3=CC=CC=C3OCC(=O)N)C,Cc1nn(C)c2ncc(NC(=O)c3ccccc3OCC(N)=O)cc12,2.1724644229898296,11,17,0.28177517652511597,0.11974043399095535,0.38648200035095215,0.22200483083724976,0.7879976108670235,0.1375051736831665,0.35964688658714294,0.22094830870628357,0.29102167182662536
CC(C)(C)N1C(=O)C2=C(C1=O)C=C(C=C2)NC(=O)NC3=NC=CC=N3,CC(C)(C)N1C(=O)c2ccc(NC(=O)Nc3ncccn3)cc2C1=O,2.4105569217953704,8,14,0.24134355783462524,0.3179231584072113,0.22599515318870544,0.2790164351463318,0.785261869430542,0.27827832102775574,0.22749187052249908,0.3110678493976593,0.25177304964539005
CC1=NN2C(=C(C=NC2=C1)C(=O)NC3=CC(=CC=C3)OCC(=O)N)C,Cc1cc2ncc(C(=O)Nc3cccc(OCC(N)=O)c3)c(C)n2n1,2.2560536537590608,11,17,0.3313818871974945,0.16841815412044525,0.28513482213020325,0.2688942551612854,0.784934863448143,0.21441146731376648,0.3525315821170807,0.2334071695804596,0.2871287128712871
CCOC1=CC=CC=C1NC(=O)C2=CC(=NC=N2)NC3=NOC(=C3)C,CCOc1ccccc1NC(=O)c1cc(Nc2cc(C)on2)ncn1,2.2959666207920275,12,17,0.515285074710846,0.06853765994310379,0.1993297040462494,0.3078673481941223,0.7831524387001991,0.2726735472679138,0.43320655822753906,0.16047373414039612,0.24471299093655588
C1CC(OC1)C(=O)NCC2=NC3=C(C=NN3C4=CC=CC=C4)C(=O)N2,O=C(NCc1nc2c(cnn2-c2ccccc2)c(=O)[nH]1)C1CCCO1,2.901175381911596,11,15,0.5565025806427002,0.16734281182289124,0.058830101042985916,0.2785629630088806,0.7826754935085773,0.3584268391132355,0.37879040837287903,0.07781156152486801,0.270516717325228
CC1=CC(=NC(=N1)NC2=NOC(=C2)C)C(=O)NC3=CC=C(C=C3)OC,COc1ccc(NC(=O)c2cc(C)nc(Nc3cc(C)on3)n2)cc1,2.218549827725937,9,15,0.507952094078064,0.057758331298828125,0.21645042300224304,0.30059677362442017,0.7821608483791351,0.2563844323158264,0.43751201033592224,0.15978768467903137,0.23148148148148148
CCCC1=NOC(=N1)CN2C(=O)C(NC2=O)(C)C3=CC=C(C=C3)C#N,CCCc1noc(CN2C(=O)NC(C)(c3ccc(C#N)cc3)C2=O)n1,2.9409951862168793,8,15,0.14484870433807373,0.49493807554244995,0.1419524848461151,0.26448771357536316,0.7817392647266388,0.28331655263900757,0.1749647706747055,0.3326070308685303,0.11578947368421053
CCOC1=C(C(=CC(=N1)C(=O)NC2=CC=CC(=C2)NC(=O)C)N)C#N,CCOc1nc(C(=O)Nc2cccc(NC(C)=O)c2)cc(N)c1C#N,2.298200400056242,11,17,0.3390057682991028,0.1023755744099617,0.33961623907089233,0.2349781095981598,0.7809975817799568,0.16653570532798767,0.36745017766952515,0.1922675371170044,0.221875
CC1=CC(=NO1)NC(=O)CNC(=O)C2=CC3=NC(=C(N=C3C=C2)C)C,Cc1cc(NC(=O)CNC(=O)c2ccc3nc(C)c(C)nc3c2)no1,2.242019587824995,10,17,0.6035885810852051,0.1291176676750183,0.0478968508541584,0.29610538482666016,0.7806030996143818,0.3302990794181824,0.4244426488876343,0.1116698682308197,0.17771084337349397
CCOC1=CC=CC=C1NC2=NN=C(C=C2)C(=O)NC3=NOC(=C3)C,CCOc1ccccc1Nc1ccc(C(=O)Nc2cc(C)on2)nn1,2.2714070054074114,12,17,0.5881267189979553,0.04374771937727928,0.14325439929962158,0.2749450206756592,0.7751288376748562,0.28325581550598145,0.4291708767414093,0.0972171351313591,0.20512820512820512
CC1=CC(=O)NC(=N1)N2C(=C(C=N2)C(=O)NC3=CC=CC=C3OC)C,COc1ccccc1NC(=O)c1cnn(-c2nc(C)cc(=O)[nH]2)c1C,2.418263324088729,11,17,0.5090481638908386,0.02151363343000412,0.23790331184864044,0.2585527002811432,0.7684651091694832,0.24128225445747375,0.4149090647697449,0.10924236476421356,0.26176470588235295
CC1=C(C=C2C(=NN(C2=N1)C)C)C(=O)NNC(=O)C3=CC=CC=C3O,Cc1nc2c(cc1C(=O)NNC(=O)c1ccccc1O)c(C)nn2C,2.2642652829993857,11,17,0.39024123549461365,0.08969087898731232,0.2865612506866455,0.28829336166381836,0.7664933651685715,0.23868423700332642,0.39681991934776306,0.17218053340911865,0.20754716981132076
CC(=O)NC1=NC(=C(C2=NC=NN21)CCOC(=O)C)C3=CC=CC=C3,CC(=O)Nc1nc(-c2ccccc2)c(CCOC(C)=O)c2ncnn12,2.581461420358657,9,15,0.0619417279958725,0.3313039541244507,0.3715226650238037,0.19117161631584167,0.7647683471441269,0.14730992913246155,0.21324500441551208,0.30001503229141235,0.4166666666666667
COC1=CC=C(C=C1)N2C(=O)C3=CN=C(N=C3NC2=O)N4CCCC4,COc1ccc(-n2c(=O)[nH]c3nc(N4CCCC4)ncc3c2=O)cc1,2.3061646977151042,7,13,0.40529370307922363,0.01283765584230423,0.3447617292404175,0.29344356060028076,0.7628930881619453,0.24066348373889923,0.3977944254875183,0.16932256519794464,0.45703125
COC1=CC=C(C=C1)C2=C3C(=NC(=N2)N4CCCC4)NC(=O)NC3=O,COc1ccc(-c2nc(N3CCCC3)nc3[nH]c(=O)[nH]c(=O)c23)cc1,2.3925243130997202,7,13,0.3708451986312866,0.022459104657173157,0.3687230348587036,0.2684856653213501,0.7620273381471634,0.2194911241531372,0.36311256885528564,0.1833515465259552,0.6271929824561403
CC1=C(C(=O)N(N1C)C2=CC=CC=C2)NC(=O)C3=CC(=NC=N3)OC,COc1cc(C(=O)Nc2c(C)n(C)n(-c3ccccc3)c2=O)ncn1,2.3244140933194988,9,15,0.2588886022567749,0.10658279061317444,0.3963201344013214,0.29658588767051697,0.7617915272712708,0.17947590351104736,0.3825768530368805,0.2548249363899231,0.20460358056265984
CC1=CC(=NC(=N1)NC2=NOC(=C2)C)NC3=CC=CC=C3C(=O)OC,COC(=O)c1ccccc1Nc1cc(C)nc(Nc2cc(C)on2)n1,2.3584291343348234,11,17,0.6013684868812561,0.10836616903543472,0.0519675612449646,0.29689645767211914,0.7617022171616554,0.34887126088142395,0.42613181471824646,0.06033646687865257,0.16467065868263472
CC(=O)NC1=NC=C(C=C1)NC(=O)C2=CC(=NC=C2)C(=O)NC3CC3,CC(=O)Nc1ccc(NC(=O)c2ccnc(C(=O)NC3CC3)c2)cn1,2.1403235438689503,12,16,0.33849215507507324,0.3274034857749939,0.095022052526474,0.28815895318984985,0.7609176933765411,0.3021799921989441,0.302526593208313,0.2245967835187912,0.22039473684210525
COC1=CC=CC=C1C2=NN(N=N2)CC(=O)NC3=CC=CC=C3OC,COc1ccccc1NC(=O)Cn1nnc(-c2ccccc2OC)n1,1.9634743130997183,12,17,0.44326192140579224,0.2513786852359772,0.06551270931959152,0.2575247287750244,0.7601533159613609,0.3271667957305908,0.2997870445251465,0.15727660059928894,0.33941605839416056
C[C@@H]1[C@H](N(CCO1)C(=O)C2=C3C=NC=CC3=NC=C2)C4=NC(=NO4)C,Cc1noc([C@@H]2[C@@H](C)OCCN2C(=O)c2ccnc3ccncc23)n1,3.641367204250022,11,17,0.23403359949588776,0.2488686889410019,0.2764674127101898,0.2216850370168686,0.7593697011470795,0.2131180316209793,0.26273858547210693,0.2324436455965042,0.15718157181571815
CN1C2=CC=CC=C2N(C1=O)CCC(=O)NNC(=O)C3=CC=CC=N3,Cn1c(=O)n(CCC(=O)NNC(=O)c2ccccn2)c2ccccc21,2.1733938147248555,13,17,0.40059298276901245,0.2726210653781891,0.08469927310943604,0.26927369832992554,0.7579133212566376,0.28603941202163696,0.2940914034843445,0.22870367765426636,0.18238993710691823
CC1=CC(=CC=C1)C2=C(N=CO2)C(=O)N3CCN4C(=NN(C4=O)C)C3,Cc1cccc(-c2ocnc2C(=O)N2CCn3c(nn(C)c3=O)C2)c1,2.8462837388852,10,17,0.12096152454614639,0.17442908883094788,0.4600526690483093,0.1957775503396988,0.7554432824254036,0.1676100790500641,0.23702219128608704,0.2229442298412323,0.17037037037037037
CN1C2=C(C=C(C=N2)NC(=O)C3=CC=C(C=C3)CN)C(=O)N(C1=O)C,Cn1c(=O)c2cc(NC(=O)c3ccc(CN)cc3)cnc2n(C)c1=O,2.1573649485512245,9,15,0.15630942583084106,0.1908654123544693,0.4063299298286438,0.20287629961967468,0.7535047680139542,0.1574939489364624,0.24381023645401,0.2587866187095642,0.28975265017667845
CC1=CC(=NC(=N1)NC2=NOC(=C2)C)C(=O)NC3=CC(=CC=C3)OC,COc1cccc(NC(=O)c2cc(C)nc(Nc3cc(C)on3)n2)c1,2.266500423608928,11,17,0.5749689340591431,0.018873639404773712,0.1593475341796875,0.29217255115509033,0.7531901076436043,0.2923625111579895,0.4529203176498413,0.08537894487380981,0.23384615384615384
C[C@@H](C1=NC(=NO1)C2=CN=CC=C2)NC(=O)C3=NOC4=C3CCCC4,C[C@H](NC(=O)c1noc2c1CCCC2)c1nc(-c2cccnc2)no1,3.0543385009843043,11,17,0.1447528600692749,0.30342185497283936,0.3043527603149414,0.21759779751300812,0.7525274753570557,0.22281616926193237,0.179009348154068,0.2833211421966553,0.189873417721519
C[C@H](C1=NC(=NO1)C2=CN=CC=C2)NC(=O)C3=NOC4=C3CCCC4,C[C@@H](NC(=O)c1noc2c1CCCC2)c1nc(-c2cccnc2)no1,3.0543385009843043,11,17,0.1299131214618683,0.30829423666000366,0.31218528747558594,0.21718154847621918,0.7503926455974579,0.21823425590991974,0.17408692836761475,0.28985098004341125,0.189873417721519
CC1=CC(=NC(=N1)NC2=CC(=CC=C2)OC)C(=O)NC3=NOC(=C3)C,COc1cccc(Nc2nc(C)cc(C(=O)Nc3cc(C)on3)n2)c1,2.2441710628288636,11,17,0.5999460220336914,0.007706016302108765,0.14272496104240417,0.2594720125198364,0.7503769993782043,0.2738814353942871,0.4318075180053711,0.07166703045368195,0.24615384615384617
COC1=NC(=NC(=N1)CNC(=O)C2=CC=C(C=C2)N3C=CC=C3)OC,COc1nc(CNC(=O)c2ccc(-n3cccc3)cc2)nc(OC)n1,2.43217431309972,7,11,0.39688539505004883,0.1933581829071045,0.15881627798080444,0.27441731095314026,0.7490598559379578,0.300459086894989,0.34232890605926514,0.15826168656349182,0.1597222222222222
C1CCC(C1)NC(=O)C2=NC(=NO2)CN3C=NC4=CC=CC=C4C3=O,O=C(NC1CCCC1)c1nc(Cn2cnc3ccccc3c2=O)no1,2.34610034049698,10,15,0.17203044891357422,0.2905033230781555,0.2864622473716736,0.34494325518608093,0.7489960193634033,0.28011593222618103,0.2926265001296997,0.3059285879135132,0.21865889212827988
CN1C=C(C(=N1)OC)C(=O)NCC(=O)NC2=CC=CC3=C2C=CC=N3,COc1nn(C)cc1C(=O)NCC(=O)Nc1cccc2ncccc12,2.196470087747608,12,17,0.4352135956287384,0.10827083140611649,0.2050793319940567,0.24430368840694427,0.7485637590289116,0.22944585978984833,0.3863092064857483,0.13845372200012207,0.2066869300911854
C1CCC(C1)N2C(=NN=N2)CNC(=O)C3=CC4=CC=CC=C4OC3=O,O=C(NCc1nnnn1C1CCCC1)c1cc2ccccc2oc1=O,2.345379581803618,10,15,0.16157639026641846,0.23892338573932648,0.3479408025741577,0.23489199578762054,0.7484405785799026,0.2068946659564972,0.2317260205745697,0.2644804120063782,0.12605042016806722
C1COCCN1C2=NC=C(C=N2)C(=O)NCC3=NC4=CC=CC=C4O3,O=C(NCc1nc2ccccc2o1)c1cnc(N2CCOCC2)nc1,2.3205907372161434,9,14,0.3061656355857849,0.18080590665340424,0.26131749153137207,0.2673726975917816,0.7482890337705612,0.21850788593292236,0.3521551787853241,0.21357601881027222,0.24115755627009647
CN1C=CC=C(C1=O)CNC(=O)C2=NC(=NC3=C2C=CC=C3OC)N,COc1cccc2c(C(=O)NCc3cccn(C)c3=O)nc(N)nc12,2.5256066207920274,11,17,0.4677184820175171,0.15420785546302795,0.12606289982795715,0.24396589398384094,0.7479892373085022,0.27502739429473877,0.35045450925827026,0.13721632957458496,0.3016393442622951
CC(=O)NC1=CC=C(C=C1)N2CC(CC2=O)C(=O)NC3=NC=CC=N3,CC(=O)Nc1ccc(N2CC(C(=O)Nc3ncccn3)CC2=O)cc1,2.5438706667926425,10,14,0.3440452218055725,0.12102542817592621,0.2824615240097046,0.2671927213668823,0.7475321739912033,0.24130776524543762,0.3116520047187805,0.20944365859031677,0.3117408906882591
CC1=C(ON=C1C)NC(=O)C2=CC(=C(C=C2)OC)C3=CN=C(N=C3)N,COc1ccc(C(=O)Nc2onc(C)c2C)cc1-c1cnc(N)nc1,2.4223637636491695,9,16,0.4604516625404358,0.16644781827926636,0.12035894393920898,0.2500244677066803,0.7472584247589111,0.24729961156845093,0.36666834354400635,0.14133590459823608,0.29721362229102166
CC1=CC(=NN1C2=CC=CC=C2NC(=O)C3=C(C=NN3C)C(=O)O)C,Cc1cc(C)n(-c2ccccc2NC(=O)c2c(C(=O)O)cnn2C)n1,2.298041871628147,11,17,0.31501203775405884,-0.010689199902117252,0.4424644112586975,0.2605380713939667,0.7467872491106391,0.17556500434875488,0.4004634618759155,0.1618642807006836,0.11658031088082901
CC1=C(C(=O)N(N1C)C2=CC=CC=C2)NC(=O)C3=NN(C(=O)C=C3)C,Cc1c(NC(=O)c2ccc(=O)n(C)n2)c(=O)n(-c2ccccc2)n1C,2.2685616040696193,9,15,0.3250420391559601,0.08373656868934631,0.3373769521713257,0.25346899032592773,0.7461555600166321,0.18126240372657776,0.35703974962234497,0.2096099555492401,0.1455026455026455
CC1=NN(C(=C1)NC(=O)CNC(=O)C2=NOC(=C2)C3=CC=CC=C3)C,Cc1cc(NC(=O)CNC(=O)c2cc(-c3ccccc3)on2)n(C)n1,2.212108440943707,10,15,0.5170409679412842,0.028658468276262283,0.20023733377456665,0.2554270029067993,0.7459367699921131,0.22038206458091736,0.4294401705265045,0.11374866962432861,0.19021739130434784
CC1=NC(=NO1)[C@@H]2CCCN(C2)C(=O)C3=CN=C4C=CC=CN4C3=O,Cc1nc([C@@H]2CCCN(C(=O)c3cnc4ccccn4c3=O)C2)no1,2.9967908455575394,11,17,0.25519895553588867,0.2870748043060303,0.20240285992622375,0.2568817138671875,0.7446766197681427,0.2896851599216461,0.23627224564552307,0.22755756974220276,0.21203438395415472
CC1=CC(=C(C=C1)OC)NC2=NC=NC(=C2)C(=O)NC3=NOC(=C3)C,COc1ccc(C)cc1Nc1cc(C(=O)Nc2cc(C)on2)ncn1,2.3258867724713337,11,17,0.5059566497802734,0.07815615832805634,0.15812304615974426,0.24978874623775482,0.742235854268074,0.24834224581718445,0.3721383213996887,0.12954498827457428,0.2314540059347181
CCN1C(=O)C2=CC=CC=C2N=C1NNC(=O)C3=C(N=CC=C3)OC,CCn1c(NNC(=O)c2cccnc2OC)nc2ccccc2c1=O,2.25586033693504,12,17,0.449649453163147,0.2997715473175049,-0.007696334272623062,0.3236282467842102,0.7417246662080288,0.38814473152160645,0.314637690782547,0.19221627712249756,0.29102167182662536
CC1=CC(=NO1)NC(=O)CN(C2CC2)C(=O)NC3=CC=CC(=C3)C#N,Cc1cc(NC(=O)CN(C(=O)Nc2cccc(C#N)c2)C2CC2)no1,2.366892115297521,11,16,0.49099665880203247,0.06675128638744354,0.18336176872253418,0.2688925266265869,0.7411097139120102,0.26031285524368286,0.404407262802124,0.10972133278846741,0.17073170731707318
CCOC1=C(C=NN(C1=O)C2=CC=CC=C2)N3C(=C(N=N3)C(=O)C)C,CCOc1c(-n2nnc(C(C)=O)c2C)cnn(-c2ccccc2)c1=O,2.488198269143675,8,15,0.28432053327560425,0.08286027610301971,0.37235552072525024,0.2081635445356369,0.7395363301038742,0.16694824397563934,0.3477816581726074,0.15454456210136414,0.1907356948228883
CC(C)C1=NOC(=N1)CN2C(=O)C(NC2=O)(C)C3=CC=C(C=C3)C#N,CC(C)c1noc(CN2C(=O)NC(C)(c3ccc(C#N)cc3)C2=O)n1,2.970565009437138,7,14,0.21939146518707275,0.27656587958335876,0.24086682498455048,0.22849637269973755,0.736824169754982,0.2219838798046112,0.23294125497341156,0.2567288279533386,0.11609498680738786
CCC1=CC(=NC(=N1)C2=CC=NC=C2)OCC(=O)NC3=NOC(=C3)C,CCc1cc(OCC(=O)Nc2cc(C)on2)nc(-c2ccncc2)n1,2.4708223900227964,9,15,0.4125630855560303,0.3565998375415802,-0.03352619335055351,0.2865877151489258,0.735636729747057,0.3344593644142151,0.2801712155342102,0.21975216269493103,0.35873015873015873
CN(CC(=O)NC1=CC=CC=N1)C2=NC(=NO2)C3=CC=C(C=C3)OC,COc1ccc(-c2noc(N(C)CC(=O)Nc3ccccn3)n2)cc1,2.347332005407411,10,15,0.3112393319606781,0.19173255562782288,0.23258277773857117,0.23175367712974548,0.7355546653270721,0.21627327799797058,0.29347097873687744,0.21190696954727173,0.39649122807017545
CC1=CC(=NO1)NC(=O)C2=CC(=NC(=N2)C)NC3=CC=C(C=C3)OC,COc1ccc(Nc2cc(C(=O)Nc3cc(C)on3)nc(C)n2)cc1,2.244769762720521,9,15,0.5767936110496521,-0.01834661327302456,0.17647495865821838,0.27430588006973267,0.7349219564348459,0.2421329915523529,0.4413434565067291,0.1015392318367958,0.23053892215568864
CC(=O)NC1=C(C=CC(=C1)NC(=O)CN2C3=CC=CC=C3N=N2)OC,COc1ccc(NC(=O)Cn2nnc3ccccc32)cc1NC(C)=O,1.9398599035655906,12,17,0.31049734354019165,0.23253366351127625,0.19174131751060486,0.21159754693508148,0.7347723245620728,0.21969275176525116,0.30108118057250977,0.16068783402442932,0.22145328719723184
C1COCCN1CC(=O)N2C3=CC=CC=C3NC(=O)C4=CN=CN=C42,O=C1Nc2ccccc2N(C(=O)CN2CCOCC2)c2ncncc21,2.5761494448173163,10,15,0.258309006690979,0.2864779829978943,0.18973344564437866,0.2968405485153198,0.734520435333252,0.2680797874927521,0.2897379994392395,0.26530420780181885,0.23839009287925697
CC1=C(C(=NN1C2=CC=CC=C2)C)NC(=O)CN3C=CC(=O)NC3=O,Cc1nn(-c2ccccc2)c(C)c1NC(=O)Cn1ccc(=O)[nH]c1=O,2.225691016396423,10,15,0.3027637004852295,0.06107478216290474,0.36912667751312256,0.22721342742443085,0.7329651601612568,0.1701682209968567,0.3590649962425232,0.15944111347198486,0.23529411764705882
CC1=NC(=NO1)[C@H]2CCCN(C2)C(=O)C3=CN=C4C=CC=CN4C3=O,Cc1nc([C@H]2CCCN(C(=O)c3cnc4ccccn4c3=O)C2)no1,2.9967908455575394,11,17,0.25740528106689453,0.2712852954864502,0.2028902769088745,0.2507285475730896,0.7315808534622192,0.2844700813293457,0.2363293468952179,0.21609744429588318,0.21203438395415472
CCOC(=O)C1=CC=CC=C1NC(=O)C2=NN3C(=CC(=NC3=N2)C)C,CCOC(=O)c1ccccc1NC(=O)c1nc2nc(C)cc(C)n2n1,2.207374532879939,10,17,0.38843467831611633,0.208749920129776,0.13308903574943542,0.2819526195526123,0.7302736341953278,0.3067818284034729,0.32433754205703735,0.17050714790821075,0.1903323262839879
CCOC(=O)C1C(N2C(=NC(=N2)OC)N=C1C)C3=CC=C(C=C3)C#N,CCOC(=O)C1C(C)=Nc2nc(OC)nn2C1c1ccc(C#N)cc1,3.538919347107165,8,15,0.13415390253067017,0.24833990633487701,0.3456847071647644,0.19056914746761322,0.7281785160303116,0.16758237779140472,0.21865376830101013,0.24852773547172546,0.141439205955335
CC1=CC(=NC(=N1)NC2=CC=C(C=C2)OC)C(=O)NC3=NOC(=C3)C,COc1ccc(Nc2nc(C)cc(C(=O)Nc3cc(C)on3)n2)cc1,2.193531192839698,9,15,0.5125179290771484,0.01802503690123558,0.19758908450603485,0.25993162393569946,0.7281320504844189,0.2208004891872406,0.41150328516960144,0.12861239910125732,0.24382716049382716
CC1=CC(=NO1)NC(=O)C2=CC(=NC(=N2)C)NC3=CC(=CC=C3)OC,COc1cccc(Nc2cc(C(=O)Nc3cc(C)on3)nc(C)n2)c1,2.2954096327096867,11,17,0.6307245492935181,-0.026724454015493393,0.12357945740222931,0.2940613627433777,0.727579552680254,0.3028748333454132,0.4707793593406677,0.05493767559528351,0.23283582089552238
CC1=CC(=NC(=N1)OC2=CC=C(C=C2)NC(=O)C3=NNC(=O)CC3)C,Cc1cc(C)nc(Oc2ccc(NC(=O)C3=NNC(=O)CC3)cc2)n1,2.462638018408496,8,13,0.34707844257354736,0.23238396644592285,0.14717191457748413,0.2876042127609253,0.7266343235969543,0.27801573276519775,0.3241002559661865,0.20509132742881775,0.21587301587301588
CC1=CN=C2C(=C1NC3=CC=C(C=C3)C(=O)N)C(=O)N(C(=O)N2C)C,Cc1cnc2c(c1Nc1ccc(C(N)=O)cc1)c(=O)n(C)c(=O)n2C,2.355614132104245,8,15,0.18471184372901917,0.18680965900421143,0.35329681634902954,0.24356693029403687,0.7248183190822601,0.17337125539779663,0.2883354425430298,0.2518485188484192,0.2692307692307692
CC1=CC(=C(C=C1)OC)NC2=NN=C(C=C2)C(=O)NC3=NOC(=C3)C,COc1ccc(C)cc1Nc1ccc(C(=O)Nc2cc(C)on2)nn1,2.3029762632622326,11,17,0.4660462439060211,0.07131309062242508,0.18647611141204834,0.2056540548801422,0.7238354459404945,0.21651026606559753,0.336122989654541,0.10942096263170242,0.1813031161473088
C1C[C@@H](OC1)C(=O)NCC2=NC3=C(C=NN3C4=CC=CC=C4)C(=O)N2,O=C(NCc1nc2c(cnn2-c2ccccc2)c(=O)[nH]1)[C@H]1CCCO1,2.901175381911596,11,15,0.5332387089729309,0.126889169216156,0.06366711854934692,0.25800564885139465,0.7237949967384338,0.3243868350982666,0.3699114918708801,0.056895967572927475,0.270516717325228
CCOC(=O)C1=CC=CC=C1NC2=CC(=NC=N2)NC3=NOC(=C3)C,CCOC(=O)c1ccccc1Nc1cc(Nc2cc(C)on2)ncn1,2.3621723900227956,12,17,0.49152588844299316,0.2878778576850891,-0.057071179151535034,0.3096460700035095,0.7223325669765472,0.37659934163093567,0.32412609457969666,0.15592992305755615,0.16923076923076924
CC(=O)NC1=NC=C2C=NN(C2=C1)C3=CC=CC(=N3)C4(COC4)OC,COC1(c2cccc(-n3ncc4cnc(NC(C)=O)cc43)n2)COC1,3.1120889393185704,10,16,0.42031627893447876,-0.19039961695671082,0.4916412830352783,0.19973884522914886,0.7215579450130463,0.0758800208568573,0.4683433771133423,0.07501678168773651,0.20320855614973263
CC1=C(C(=NN1C2=CC=CC=C2)C)C(=O)NC3=C(N(N=C3)C)C(=O)O,Cc1nn(-c2ccccc2)c(C)c1C(=O)Nc1cnn(C)c1C(=O)O,2.2716157846716243,9,15,0.2538600265979767,0.07665205001831055,0.3909365236759186,0.25416749715805054,0.7214486002922058,0.17145420610904694,0.3384365737438202,0.21368801593780518,0.12631578947368421
CC1=CN=C2C(C1=NC3=CC=C(C=C3)C(=O)N)C(=O)N(C(=O)N2C)C,CC1=CN=C2C(C(=O)N(C)C(=O)N2C)C1=Nc1ccc(C(N)=O)cc1,3.68735023469781,8,15,0.04852960258722305,0.44217485189437866,0.2307058572769165,0.251027375459671,0.7214103117585182,0.2216283231973648,0.1717912256717682,0.3480369448661804,0.10989010989010989
CN1C=CC2=C1C(=CC=C2)CC3=NOC(=N3)CN4CCC(=O)NC4=O,Cn1ccc2cccc(Cc3noc(CN4CCC(=O)NC4=O)n3)c21,2.8611627746381814,11,17,0.1797216683626175,0.2979547083377838,0.24362772703170776,0.24844151735305786,0.7213041037321091,0.2500501871109009,0.19226393103599548,0.28416699171066284,0.1601123595505618
CCCN1C2=C(C=C(C=N2)C(=O)NC3=NC=CC(=C3)C)C(=O)NC1=O,CCCn1c(=O)[nH]c(=O)c2cc(C(=O)Nc3cc(C)ccn3)cnc21,2.3716413460667525,11,17,0.43300408124923706,0.06328792870044708,0.22490619122982025,0.2335907220840454,0.7211982011795044,0.22064810991287231,0.35880130529403687,0.12232127785682678,0.3125
CC1=CC(=C(C=C1)OC)NC2=NC=CC(=N2)C(=O)NC3=NOC(=C3)C,COc1ccc(C)cc1Nc1nccc(C(=O)Nc2cc(C)on2)n1,2.275504323933955,11,17,0.4602293372154236,0.09579898416996002,0.16466104984283447,0.22197917103767395,0.7206893712282181,0.23622047901153564,0.32785922288894653,0.12926533818244934,0.23952095808383234
CC1=CC(=NO1)NC(=O)C2=NC(=NC=C2)NCC3=CC=CC=C3OC,COc1ccccc1CNc1nccc(C(=O)Nc2cc(C)on2)n1,2.247001236176642,12,17,0.6199957132339478,0.010072113014757633,0.0895596444606781,0.2308405041694641,0.7196274707093835,0.27147236466407776,0.39404672384262085,0.05288010090589523,0.2634920634920635
CN1C=C(C(=N1)OC)C(=O)NCC(=O)NC2=CC=CC3=C2N=CC=C3,COc1nn(C)cc1C(=O)NCC(=O)Nc1cccc2cccnc12,2.243788830976209,12,17,0.3489420413970947,0.17613905668258667,0.19412294030189514,0.2444557398557663,0.7192040383815765,0.2385583370923996,0.32245391607284546,0.17291945219039917,0.2072072072072072
CCOC1=CC=CC=C1NC(=O)C2=NN=C(C=C2)NC3=NOC(=C3)C,CCOc1ccccc1NC(=O)c1ccc(Nc2cc(C)on2)nn1,2.273374313099719,12,17,0.5342639684677124,0.027532119303941727,0.15663549304008484,0.2674960494041443,0.718431580811739,0.25765883922576904,0.4127553105354309,0.1011212170124054,0.19596541786743515
C1C[C@H](OC1)C(=O)NCC2=NC3=C(C=NN3C4=CC=CC=C4)C(=O)N2,O=C(NCc1nc2c(cnn2-c2ccccc2)c(=O)[nH]1)[C@@H]1CCCO1,2.901175381911596,11,15,0.5278096795082092,0.12301349639892578,0.06732311844825745,0.25439146161079407,0.7181462943553925,0.31763598322868347,0.36596789956092834,0.0595109686255455,0.270516717325228
CC1=NC(=NO1)CCN(C)C(=O)C2=CN=C(NC2=O)C3=CC=CC=C3,Cc1nc(CCN(C)C(=O)c2cnc(-c3ccccc3)[nH]c2=O)no1,2.4890978233922443,9,15,0.3830179274082184,0.29689356684684753,0.037709757685661316,0.34065860509872437,0.7176212519407272,0.3472357988357544,0.32233160734176636,0.2165546417236328,0.3086816720257235
CC1=CC(=O)NC(=N1)N2C(=CC(=N2)C)NC(=O)C3=CC=C(C=C3)OC,COc1ccc(C(=O)Nc2cc(C)nn2-c2nc(C)cc(=O)[nH]2)cc1,2.373783543868951,9,15,0.544188380241394,-0.0008971802890300751,0.17425265908241272,0.2363121211528778,0.7175438590347767,0.21638843417167664,0.41067343950271606,0.09165206551551819,0.2822822822822823
C1CN(CCN1C2=NC=CC=N2)C(=O)C3=C4C(=CC=C3)OCC(=O)N4,O=C1COc2cccc(C(=O)N3CCN(c4ncccn4)CC3)c2N1,2.4066440707393397,9,14,0.18354767560958862,0.20912891626358032,0.32131534814834595,0.195474311709404,0.7139919400215149,0.18068385124206543,0.21451950073242188,0.2336890548467636,0.32996632996632996
CC(C1=NC2=CC=CC=C2C(=O)N1)OC(=O)CN(C)C3=NC=CC=N3,CC(OC(=O)CN(C)c1ncccn1)c1nc2ccccc2c(=O)[nH]1,3.032294718796976,11,16,0.5715209245681763,-0.017897017300128937,0.16016680002212524,0.30654770135879517,0.7137907072901726,0.30340510606765747,0.45231127738952637,0.0727299377322197,0.35294117647058826
CC(=O)OCCCN1C=NC2=C(N=CN=C21)NC(=O)C3=CC=CC=C3,CC(=O)OCCCn1cnc2c(NC(=O)c3ccccc3)ncnc21,2.1876685438689503,10,15,0.007171424105763435,0.36896657943725586,0.3373040556907654,0.24031831324100494,0.7134420592337847,0.18143050372600555,0.201529398560524,0.32879629731178284,0.2721311475409836
CC1=NN(C(=O)C2=CC=CN12)CC(=O)NC3=CC=C(C=C3)NC(=O)C,CC(=O)Nc1ccc(NC(=O)Cn2nc(C)n3cccc3c2=O)cc1,2.171269697715104,10,15,0.23741281032562256,0.25587326288223267,0.21994541585445404,0.24389444291591644,0.7132314890623093,0.21800653636455536,0.2729269862174988,0.23128560185432434,0.20186335403726707
CC1=CC(=NO1)NC2=NC(=NC(=C2)C(=O)NC3=CC(=CC=C3)OC)C,COc1cccc(NC(=O)c2cc(Nc3cc(C)on3)nc(C)n2)c1,2.3016540530780514,11,17,0.5744632482528687,-0.018871966749429703,0.1573728322982788,0.2896929979324341,0.7129641138017178,0.2778971195220947,0.4631500244140625,0.0722385123372078,0.2222222222222222
CCOC(=O)C1=CC(=C(N=C1)C)C2=NN3C=C(N=C3C=C2)NC(=O)C,CCOC(=O)c1cnc(C)c(-c2ccc3nc(NC(C)=O)cn3n2)c1,2.5846367306821385,10,17,0.0886545181274414,0.431987464427948,0.19148100912570953,0.16054096817970276,0.7121229916810989,0.19843056797981262,0.10685919225215912,0.29565247893333435,0.30538922155688625
CC(=O)NCC(=O)NC1=CN2C(=N1)C=CC(=N2)C3=CC(=CC=C3)OC,COc1cccc(-c2ccc3nc(NC(=O)CNC(C)=O)cn3n2)c1,2.309856436610012,12,17,0.19061404466629028,0.29826319217681885,0.2221129685640335,0.1711006760597229,0.7109902054071426,0.19931070506572723,0.20392489433288574,0.20782867074012756,0.4157706093189964
CC1=NC2=C(C=CC=C2N1)C(=O)NC3CCCN4C3=CC(=N4)C(=O)O,Cc1nc2c(C(=O)NC3CCCn4nc(C(=O)O)cc43)cccc2[nH]1,3.229579009154506,12,17,0.23355744779109955,0.255728155374527,0.22064849734306335,0.22657367587089539,0.7099341005086899,0.2527941167354584,0.24365198612213135,0.18462325632572174,0.1484375
CC(=O)NC1=CC(=CC=C1)NC(=O)C2CN(C2)C(=O)C3=NC=CN=C3,CC(=O)Nc1cccc(NC(=O)C2CN(C(=O)c3cnccn3)C2)c1,2.1316578295832365,12,16,0.3201885223388672,0.09159082174301147,0.2965449094772339,0.23514105379581451,0.7083242535591125,0.20414257049560547,0.33194732666015625,0.159440279006958,0.16723549488054607
CC1=NN(C(=C1)NC(=O)COC(=O)C2=CN(N=C2)C3=CC=CC=C3)C,Cc1cc(NC(=O)COC(=O)c2cnn(-c3ccccc3)c2)n(C)n1,2.219645819058549,10,15,0.3469191789627075,0.14004717767238617,0.22081899642944336,0.20193225145339966,0.707785353064537,0.18403558433055878,0.33107587695121765,0.14576570689678192,0.16944444444444445
C1CCC(C1)N2C(=NN=N2)CNC(=O)C3=CC(=O)C4=CC=CC=C4O3,O=C(NCc1nnnn1C1CCCC1)c1cc(=O)c2ccccc2o1,2.3899509200544085,10,15,0.10323353856801987,0.27920660376548767,0.32435619831085205,0.20488274097442627,0.7067963406443596,0.17721538245677948,0.1961035281419754,0.26837944984436035,0.13128491620111732
CC1=CC(=NO1)NC(=O)C2=CN=C(N=C2)NCC3=CC=C(C=C3)OC,COc1ccc(CNc2ncc(C(=O)Nc3cc(C)on3)cn2)cc1,2.152466620792028,9,14,0.5231758952140808,0.07566585391759872,0.1074124351143837,0.24000617861747742,0.7062541842460632,0.2580980658531189,0.3538358509540558,0.105097696185112,0.2808219178082192
CC1=C2C(=NC(=C1C(=O)NC3=CC=CC=C3)N)N(C(=O)N(C2=O)C)C,Cc1c(C(=O)Nc2ccccc2)c(N)nc2c1c(=O)n(C)c(=O)n2C,2.3253480687558277,8,15,0.303177148103714,0.08102679252624512,0.32003286480903625,0.2887766361236572,0.7042368054389954,0.1989649385213852,0.3707057535648346,0.20310238003730774,0.28253968253968254
C1CC(=O)NC(=O)C1N2CC3=C(C=CC=C3C2=O)C4=NNC(=C4)CN,NCc1cc(-c2cccc3c2CN(C2CCC(=O)NC2=O)C3=O)n[nH]1,3.3075270048208107,12,17,0.27625972032546997,0.4735296964645386,-0.046371303498744965,0.2373833954334259,0.7034181132912636,0.35765892267227173,0.12330421805381775,0.2452075183391571,0.191044776119403
CCOC1=CC=C(C=C1)C(=O)NNC(=O)CN2C3=CC=CC=C3N=N2,CCOc1ccc(C(=O)NNC(=O)Cn2nnc3ccccc32)cc1,1.95818777463818,11,15,0.5152052640914917,0.07365715503692627,0.11400695145130157,0.2642603814601898,0.7028693705797195,0.26559576392173767,0.3806859254837036,0.12181386351585388,0.2079207920792079
CC1=CC(=O)NC(=N1)N2C(=CC(=N2)C)NC(=O)C3=CC(=CC=C3)OC,COc1cccc(C(=O)Nc2cc(C)nn2-c2nc(C)cc(=O)[nH]2)c1,2.422132335077741,11,17,0.585340678691864,0.004655098542571068,0.1127840057015419,0.22309069335460663,0.702779782935977,0.25651487708091736,0.40521240234375,0.03148452192544937,0.2844311377245509
CC1=NC2=C(C=CC(=C2)C(=O)N(C)CC3=NOC(=N3)C4CC4)C(=O)N1,Cc1nc2cc(C(=O)N(C)Cc3noc(C4CC4)n3)ccc2c(=O)[nH]1,2.6430793680447735,9,16,0.45764490962028503,0.317658931016922,-0.0728626623749733,0.29836395382881165,0.7024411782622337,0.37172240018844604,0.28179556131362915,0.18199893832206726,0.22492401215805471
CC1=C(C(=O)NC(=C1CCC(=O)NNC(=O)C2=CC=CC=N2)C)C#N,Cc1[nH]c(=O)c(C#N)c(C)c1CCC(=O)NNC(=O)c1ccccn1,2.4559602662769766,11,17,0.5820512175559998,0.06549855321645737,0.05408918485045433,0.25700265169143677,0.7016389556229115,0.28370651602745056,0.39509686827659607,0.08058813959360123,0.19122257053291536
CC(=O)NC1=CC(=C(C=C1)OC)NC(=O)CN2C3=CC=CC=C3N=N2,COc1ccc(NC(C)=O)cc1NC(=O)Cn1nnc2ccccc21,1.9318310844973343,12,17,0.26382166147232056,0.2539476752281189,0.18280121684074402,0.1984761655330658,0.7005705535411835,0.2188638150691986,0.2543306350708008,0.17096465826034546,0.22145328719723184
CN1C2=C(C=C(C=N2)C(=O)NCCC3=CN=CC=C3)C(=O)N(C1=O)C,Cn1c(=O)c2cc(C(=O)NCCc3cccnc3)cnc2n(C)c1=O,2.2442685988140045,11,17,0.2152484655380249,0.315313458442688,0.16985353827476501,0.23358216881752014,0.7004154622554779,0.2554776966571808,0.18833449482917786,0.26328757405281067,0.27335640138408307
CC1(C(=O)N(C(=O)N1)CCC(=O)NC2=CC=CC=C2)C3=NC=CN=C3,CC1(c2cnccn2)NC(=O)N(CCC(=O)Nc2ccccc2)C1=O,2.739733288677799,11,15,0.30067169666290283,0.2250649333000183,0.174069344997406,0.282885879278183,0.6998059749603271,0.2568010687828064,0.3001174330711365,0.2140374481678009,0.14040114613180515
CCC1=CC(=NC=C1)NC(=O)C2=C3C(=O)NC(=O)N(C3=NC(=C2)C)C,CCc1ccnc(NC(=O)c2cc(C)nc3c2c(=O)[nH]c(=O)n3C)c1,2.395011102397378,10,17,0.45084452629089355,0.18584588170051575,0.06306280940771103,0.26345616579055786,0.6997532173991203,0.29432740807533264,0.2967627942562103,0.1471913456916809,0.3102310231023102
CC1=CC(=NO1)NC(=O)C2=CC(=NC=N2)NCC3=CC=CC=C3OC,COc1ccccc1CNc1cc(C(=O)Nc2cc(C)on2)ncn1,2.280339697715103,12,17,0.5453448295593262,0.05948507785797119,0.09460511803627014,0.25195762515068054,0.6994350254535675,0.2736395597457886,0.3969842791557312,0.08227153867483139,0.24921135646687698
CCOC1=NN2C=C(N=C2C=C1)C(=O)NC3=CC=C(C=C3)NC(=O)C,CCOc1ccc2nc(C(=O)Nc3ccc(NC(C)=O)cc3)cn2n1,2.253494789806112,10,15,0.12052667140960693,0.30962103605270386,0.2678490877151489,0.19857117533683777,0.6979967951774597,0.14651499688625336,0.20692914724349976,0.29182255268096924,0.2727272727272727
COC1=CC=CC2=C1N=C(N=C2C(=O)NCC3=NC(=CC=C3)CO)N,COc1cccc2c(C(=O)NCc3cccc(CO)n3)nc(N)nc12,2.4718973900227965,12,17,0.425412118434906,0.24118146300315857,0.031148862093687057,0.27000099420547485,0.6977424435317516,0.32033830881118774,0.2992386221885681,0.1664850413799286,0.2753623188405797
CC1=NN(C2=C1C=C(C=N2)NC(=O)C3=CC(=CC=C3)OCC(=O)N)C,Cc1nn(C)c2ncc(NC(=O)c3cccc(OCC(N)=O)c3)cc12,2.1669951922205986,11,17,0.17626909911632538,0.1672016978263855,0.35385313630104065,0.17989321053028107,0.6973239332437515,0.10422326624393463,0.2725639343261719,0.23567920923233032,0.30254777070063693
CC1=NOC(=C1)CC(=O)N2CCC[C@H]2C3=NC(=NO3)C4=CC=NC=C4,Cc1cc(CC(=O)N2CCC[C@H]2c2nc(-c3ccncc3)no2)on1,3.0040029899200267,9,15,0.09829483926296234,0.44804447889328003,0.15091979503631592,0.22622616589069366,0.6972591131925583,0.2513221800327301,0.12169550359249115,0.32314354181289673,0.20821917808219179
CN(C)C1=NC=CC(=N1)CNC(=O)CN2C(=O)C3=CC=CC=C3C2=O,CN(C)c1nccc(CNC(=O)CN2C(=O)c3ccccc3C2=O)n1,2.268265961451368,8,12,0.4138805568218231,0.2422427535057068,0.04078004136681557,0.2525845766067505,0.6969033516943455,0.2766268253326416,0.3004321753978729,0.18955954909324646,0.24820143884892087
C1C(=O)NC(=O)N1CC(=O)NCCC2=NC=CC(=N2)C3=CC=CC=C3,O=C(CN1CC(=O)NC1=O)NCCc1nccc(-c2ccccc2)n1,2.3943243130997196,11,15,0.42000940442085266,0.18739305436611176,0.08915125578641891,0.3060157299041748,0.6965537145733833,0.31559664011001587,0.349223792552948,0.16399437189102173,0.2786259541984733
CC1=CC(=NO1)NC2=NC(=NC(=C2)C(=O)NC3=CC=C(C=C3)OC)C,COc1ccc(NC(=O)c2cc(Nc3cc(C)on3)nc(C)n2)cc1,2.2537034571950603,9,15,0.4633195698261261,0.03309193253517151,0.19941869378089905,0.2695666253566742,0.6958301961421967,0.21218985319137573,0.40128567814826965,0.14979462325572968,0.21987951807228914
CN(C)C1=NC=C(C=C1)NC(=O)CN2C3=CC=CC=C3C(=O)NC2=O,CN(C)c1ccc(NC(=O)Cn2c(=O)[nH]c(=O)c3ccccc32)cn1,2.2320404669458735,11,16,0.49341660737991333,0.1508120596408844,0.04825381189584732,0.27919360995292664,0.692482478916645,0.30660396814346313,0.3479447364807129,0.1333846151828766,0.31724137931034485
CCOC(=O)C1=C(C2=C(NC1=O)N=C(N=C2NC3=CC=CC=C3)C)N,CCOC(=O)c1c(N)c2c(Nc3ccccc3)nc(C)nc2[nH]c1=O,2.4883110163964233,9,15,0.3210991621017456,0.25538796186447144,0.1149614080786705,0.2710668444633484,0.6914485320448875,0.2715456783771515,0.2530653476715088,0.23483924567699432,0.26517571884984026
CCOC1=CC=CC=C1NC(=O)COC2=CC=CC(=C2)N3C=NN=N3,CCOc1ccccc1NC(=O)COc1cccc(-n2cnnn2)c1,2.033025524901614,13,17,0.38738569617271423,0.07610943913459778,0.22790434956550598,0.20255884528160095,0.691399484872818,0.19000622630119324,0.3234494924545288,0.13723231852054596,0.23674911660777384
COCCOC1=C(C=CC=N1)C(=O)NC2=NNC(=C2)C3=CC=NC=C3,COCCOc1ncccc1C(=O)Nc1cc(-c2ccncc2)[nH]n1,2.404582321529645,11,15,0.34637922048568726,0.07157863676548004,0.2725684642791748,0.2152983397245407,0.6905263215303421,0.18625739216804504,0.3137873411178589,0.1623411774635315,0.2654320987654321
CC1=CC(=NO1)NC2=NN=C(C=C2)C(=O)NCC3=CC=CC=C3OC,COc1ccccc1CNC(=O)c1ccc(Nc2cc(C)on2)nn1,2.28344354386895,12,17,0.5208730697631836,0.09390847384929657,0.07385911047458649,0.2067299336194992,0.6886406540870667,0.24361838400363922,0.33476799726486206,0.08166861534118652,0.15942028985507245
CC1=C(C(=NO1)C)CC(=O)N2CC(C2)C3=NC(=NO3)C4=CC=NC=C4,Cc1noc(C)c1CC(=O)N1CC(c2nc(-c3ccncc3)no2)C1,2.521837151669599,7,14,0.22128205001354218,0.2965220808982849,0.16994787752628326,0.2560237944126129,0.6877520084381104,0.23815004527568817,0.23385855555534363,0.26711565256118774,0.20221606648199447
C[C@@]1(C(=O)N(C(=O)N1)CCC(=O)NC2=CC=CC=C2)C3=NC=CN=C3,C[C@@]1(c2cnccn2)NC(=O)N(CCC(=O)Nc2ccccc2)C1=O,2.739733288677799,11,15,0.27621710300445557,0.24529749155044556,0.16549694538116455,0.2875611186027527,0.6870115399360657,0.2611389756202698,0.2853327989578247,0.2275727242231369,0.14040114613180515
CC1=C(C(=NN1C)C)C(=O)NC2=CC=CC=C2N3C=CC(=N3)C(=O)O,Cc1nn(C)c(C)c1C(=O)Nc1ccccc1-n1ccc(C(=O)O)n1,2.290593042196708,11,17,0.31196969747543335,-0.007152605801820755,0.3818882405757904,0.23912198841571808,0.686705332249403,0.1470119059085846,0.3713526427745819,0.16804161667823792,0.12032085561497326
CC1=NN(C2=C1C=C(C=N2)NC(=O)C(=O)NC3=CC=CC=C3OC)C,COc1ccccc1NC(=O)C(=O)Nc1cnc2c(c1)c(C)nn2C,2.147426620792027,11,17,0.37778568267822266,-0.017757367342710495,0.32532182335853577,0.21378576755523682,0.6853501386940479,0.1542154848575592,0.3630966246128082,0.13822707533836365,0.2909698996655518
C1CN(CC2=C1C(=O)NC=N2)C(=O)CCN3C4=CC=CC=C4NC3=O,O=C(CCn1c(=O)[nH]c2ccccc21)N1CCc2c(nc[nH]c2=O)C1,2.6996743130997185,12,17,0.4472878575325012,0.16015532612800598,0.07721174508333206,0.28480154275894165,0.6846549287438393,0.31179237365722656,0.34970521926879883,0.13839416205883026,0.20869565217391303
CC1=CC(=NO1)NC(=O)C2=NC(=NC=C2)NCC3=CC=C(C=C3)OC,COc1ccc(CNc2nccc(C(=O)Nc3cc(C)on3)n2)cc1,2.1960416207920286,10,15,0.6039291620254517,-0.04304642975330353,0.12357846647500992,0.2425268590450287,0.684461198747158,0.23639756441116333,0.42368701100349426,0.05189833045005798,0.27124183006535946
CCOC(=O)C1=NN(C2=C(C(=C1)C3=CC=CC=C3)C(=O)NC(=N2)N)C,CCOC(=O)C1=NN(C)c2nc(N)[nH]c(=O)c2C(c2ccccc2)=C1,3.0200488185942245,9,15,0.5182554721832275,0.04968558996915817,0.11531704664230347,0.26255711913108826,0.6832581087946892,0.25869396328926086,0.3742600083351135,0.09323357790708542,0.24863387978142076
CC1=C(N2C3=C(N=C2N1C4=CC=CC=C4O)N(C(=O)N(C3=O)C)C)C,Cc1c(C)n2c3c(=O)n(C)c(=O)n(C)c3nc2n1-c1ccccc1O,2.6323111909277745,9,17,0.23883964121341705,0.1420070230960846,0.2995034456253052,0.23613157868385315,0.6803501099348068,0.17186903953552246,0.2961752712726593,0.2207162082195282,0.23052959501557632
CC1CCNC(=O)C2=CC3=C(N12)N=C(C=C3)C(=O)NC4=NOC(=C4)C,Cc1cc(NC(=O)c2ccc3cc4n(c3n2)C(C)CCNC4=O)no1,3.237561024322437,11,17,0.5514053106307983,0.09259398281574249,0.03478311747312546,0.24512562155723572,0.6787824109196663,0.2881842255592346,0.36625808477401733,0.06845299154520035,0.19946808510638298
C[C@]1(C(=O)N(C(=O)N1)CCC(=O)NC2=CC=CC=C2)C3=NC=CN=C3,C[C@]1(c2cnccn2)NC(=O)N(CCC(=O)Nc2ccccc2)C1=O,2.739733288677799,11,15,0.28034016489982605,0.23484908044338226,0.16352291405200958,0.28666380047798157,0.6787121593952179,0.2596173882484436,0.28566449880599976,0.2229933738708496,0.14040114613180515
C1COCCN1C2=NC=C(C=C2)C(=O)NCC3=NC4=C(O3)C=CC=N4,O=C(NCc1nc2ncccc2o1)c1ccc(N2CCOCC2)nc1,2.4255820054074118,10,15,0.25099503993988037,0.21770939230918884,0.20992541313171387,0.21792498230934143,0.6786298453807831,0.18961000442504883,0.2666783928871155,0.22510725259780884,0.21282798833819241
CN1C(=NN(C1=O)CC(=O)NC2=CC(=CC=C2)OC)C3=CC=CC=N3,COc1cccc(NC(=O)Cn2nc(-c3ccccn3)n(C)c2=O)c1,2.163196414941538,12,17,0.22861438989639282,0.2291112244129181,0.2207159698009491,0.20496822893619537,0.67844158411026,0.21078553795814514,0.2310052514076233,0.20551389455795288,0.35646687697160884
CC1=CC(=NO1)NC(=O)C2=CC(=NC=N2)NCC3=CC=C(C=C3)OC,COc1ccc(CNc2cc(C(=O)Nc3cc(C)on3)ncn2)cc1,2.229380082330488,10,15,0.5740239024162292,-0.0012918608263134956,0.10558268427848816,0.2615610957145691,0.6783147258684039,0.2565923035144806,0.4200546145439148,0.071875661611557,0.2564935064935065
CCOC1=CC=C(C=C1)NC2=NC=NC(=C2)C(=O)NC3=NOC(=C3)C,CCOc1ccc(Nc2cc(C(=O)Nc3cc(C)on3)ncn2)cc1,2.239247390022797,10,15,0.5301215648651123,-0.07063479721546173,0.21853387355804443,0.2614443302154541,0.678020641207695,0.20364263653755188,0.42521145939826965,0.10510876774787903,0.26153846153846155
CCOC1=CC=C(C=C1)NC(=O)C2=CN=C(N=C2)NC3=NOC(=C3)C,CCOc1ccc(NC(=O)c2cnc(Nc3cc(C)on3)nc2)cc1,2.181560851561258,9,14,0.5034376382827759,-0.04385022073984146,0.21779939532279968,0.25758740305900574,0.6773868128657341,0.1972646266222,0.40497922897338867,0.12084783613681793,0.26537216828478966
CC(=O)C1=CN=C(N=C1NC2=CC3=C(C=C2)OCCN3C(=O)C=C)N,C=CC(=O)N1CCOc2ccc(Nc3nc(N)ncc3C(C)=O)cc21,2.7449751922205987,11,17,0.44997847080230713,0.06605757027864456,0.1611352264881134,0.19637112319469452,0.6771712675690651,0.24674686789512634,0.3343733549118042,0.041489895433187485,0.2870662460567823
CC1=CC(=NO1)NC(=O)CN(C)C(=O)C2=CN(N=C2)C3=CC=CC=C3,Cc1cc(NC(=O)CN(C)C(=O)c2cnn(-c3ccccc3)c2)no1,2.272323608874366,10,15,0.3847218155860901,0.19664224982261658,0.09287150949239731,0.24107065796852112,0.674235574901104,0.22824211418628693,0.3173653483390808,0.17880356311798096,0.15217391304347827
C[C@H](C1=NC2=CC=CC=C2C(=O)N1)OC(=O)CN(C)C3=NC=CC=N3,C[C@@H](OC(=O)CN(C)c1ncccn1)c1nc2ccccc2c(=O)[nH]1,3.032294718796976,11,16,0.5796945095062256,-0.028204239904880524,0.12223677337169647,0.2990657687187195,0.6737270429730415,0.3045933246612549,0.4439391493797302,0.052293889224529266,0.35294117647058826
CNC(=O)CN1C=C(C=N1)NC(=O)C2=CC(=NC3=CC=CC=C32)OC,CNC(=O)Cn1cc(NC(=O)c2cc(OC)nc3ccccc23)cn1,2.2606421354182444,12,17,0.3953322172164917,0.3262675404548645,-0.04838230460882187,0.281341016292572,0.6732174530625343,0.32971858978271484,0.2723003029823303,0.19816726446151733,0.2188449848024316
CC1=NN(C(=C1)NC(=O)C2=C(N=C(C=C2)OC)OC)C3=CC=CC=N3,COc1ccc(C(=O)Nc2cc(C)nn2-c2ccccn2)c(OC)n1,2.35831797507155,11,17,0.4182920455932617,0.06315379589796066,0.191278338432312,0.209447979927063,0.6727241799235344,0.22900062799453735,0.33816081285476685,0.08411318063735962,0.16145833333333334
CC1=C(C(=NC2=NC=NN12)C)CC(=O)OCC(=O)NC3=CC=CC=C3,Cc1nc2ncnn2c(C)c1CC(=O)OCC(=O)Nc1ccccc1,2.2062306511278873,9,15,0.13073618710041046,0.23453781008720398,0.30719777941703796,0.2310391515493393,0.6724717766046524,0.14415499567985535,0.2583256661891937,0.2807014584541321,0.22508038585209003
CC1=NN(C(=C1)NC(=O)CNC(=O)C2=C(OC=C2)C)C3=CC=CC=N3,Cc1cc(NC(=O)CNC(=O)c2ccoc2C)n(-c2ccccn2)n1,2.3395827638039446,12,17,0.46718257665634155,0.1119328960776329,0.09307307004928589,0.22578954696655273,0.6721885427832603,0.25448647141456604,0.3712053894996643,0.05395915359258652,0.1466992665036675
CC(=O)NC1=CC=C(C=C1)NC(=O)C2CN(C2)C(=O)C3=NC=CN=C3,CC(=O)Nc1ccc(NC(=O)C2CN(C(=O)c3cnccn3)C2)cc1,2.0816435438689513,10,14,0.13162139058113098,0.23433275520801544,0.30522143840789795,0.2192821502685547,0.6711755841970444,0.1784883737564087,0.21756567060947418,0.2568674683570862,0.16838487972508592
CC1=NOC(=N1)C2CCCN(C2)C(=O)C3=NOC(=C3)C4=CN=CC=C4,Cc1noc(C2CCCN(C(=O)c3cc(-c4cccnc4)on3)C2)n1,2.9494187960317237,11,17,0.08888416737318039,0.3754281997680664,0.2066599428653717,0.17945584654808044,0.6709723100066185,0.2030414342880249,0.10662592947483063,0.29453611373901367,0.14609571788413098
CC1=CC(=NO1)NC(=O)C2=NN=C(C=C2)NCC3=CC=CC=C3OC,COc1ccccc1CNc1ccc(C(=O)Nc2cc(C)on2)nn1,2.2508108515612584,12,17,0.5544259548187256,0.06278514117002487,0.05314749479293823,0.20482158660888672,0.6703585907816887,0.2619810998439789,0.34723377227783203,0.04668831080198288,0.18397626112759644
COCCN(CC1=NC2=CC=CC=C2C(=O)N1)C(=O)C3=NC=CN=C3,COCCN(Cc1nc2ccccc2c(=O)[nH]1)C(=O)c1cnccn1,2.432760851561257,12,17,0.31878381967544556,0.02949722483754158,0.3219817876815796,0.2594296932220459,0.6702628321945667,0.2173950970172882,0.35729432106018066,0.11686581373214722,0.2640845070422535
C[C@@H]1CC2=C(NC1=O)N(N=C2NC(=O)CC3=NOC4=CC=CC=C43)C,C[C@@H]1Cc2c(NC(=O)Cc3noc4ccccc34)nn(C)c2NC1=O,3.4124203959367376,11,17,0.2925272583961487,0.054757118225097656,0.3229063153266907,0.25343406200408936,0.670190691947937,0.17692801356315613,0.3361932933330536,0.1941952109336853,0.17438692098092642
CN1C2=CN=C(N=C2N(C1=O)CC3=CC=C(C=C3)[N+]#[C-])OCCOC,[C-]#[N+]c1ccc(Cn2c(=O)n(C)c3cnc(OCCOC)nc32)cc1,2.8021983651040525,8,15,0.11899462342262268,0.11257414519786835,0.4381675124168396,0.16678807139396667,0.6697362810373306,0.1112019494175911,0.2426021248102188,0.18728813529014587,0.21476510067114093
CCOC1=CC=C(C=C1)NC2=NC=C(C=N2)C(=O)NC3=NOC(=C3)C,CCOc1ccc(Nc2ncc(C(=O)Nc3cc(C)on3)cn2)cc1,2.156889697715105,9,14,0.4804888665676117,-0.036017656326293945,0.2238888442516327,0.2260589599609375,0.6683600544929504,0.18141275644302368,0.3642558753490448,0.11806780844926834,0.2792207792207792
CC(C1=CC=C(C=C1)C#N)N2C3=NC(=NC=C3NC2=O)OCCOC,COCCOc1ncc2[nH]c(=O)n(C(C)c3ccc(C#N)cc3)c2n1,3.104663299512036,9,15,0.2664416432380676,-0.12320657074451447,0.523844301700592,0.16641616821289062,0.6670793741941452,0.04187072813510895,0.40189510583877563,0.10316413640975952,0.2012987012987013
CCCC1=NOC(=N1)CN2C(=O)[C@@](NC2=O)(C)C3=CC=C(C=C3)C#N,CCCc1noc(CN2C(=O)N[C@](C)(c3ccc(C#N)cc3)C2=O)n1,2.9409951862168793,8,15,0.15374986827373505,0.4266825318336487,0.0865025445818901,0.219440758228302,0.6669349446892738,0.24045507609844208,0.15242137014865875,0.27720800042152405,0.11578947368421053
CCOC1=CC=CC=C1NC2=NC=C(N=C2)C(=O)NC3=NOC(=C3)C,CCOc1ccccc1Nc1cnc(C(=O)Nc2cc(C)on2)cn1,2.2883877746381813,12,17,0.39238277077674866,0.09248484671115875,0.18181027472019196,0.23180213570594788,0.6666778922080994,0.20476046204566956,0.34122616052627563,0.14382362365722656,0.2276657060518732
CC1=NC2=NC=CC(=C2N1)C(=O)N/N=C\C3=CC(=C(C=C3)OC)OC,COc1ccc(/C=N\NC(=O)c2ccnc3nc(C)[nH]c23)cc1OC,2.4250193835222547,11,17,0.22796940803527832,0.32105353474617004,0.11722332239151001,0.204492449760437,0.6662462651729584,0.2347797453403473,0.20163990557193756,0.20838189125061035,0.24125874125874125
CC1=CC(=NO1)NC2=NC=C(C=N2)C(=O)NCC3=CC=C(C=C3)OC,COc1ccc(CNC(=O)c2cnc(Nc3cc(C)on3)nc2)cc1,2.188189697715103,9,14,0.48929640650749207,0.07166677713394165,0.1051667332649231,0.24804219603538513,0.6661299169063568,0.23246893286705017,0.36470285058021545,0.12070279568433762,0.23278688524590163
CC1=CC(=C(C=C1)OC)NC(=O)C2=CC(=NC=N2)NC3=NOC(=C3)C,COc1ccc(C)cc1NC(=O)c1cc(Nc2cc(C)on2)ncn1,2.319966079080217,11,17,0.35649386048316956,0.12045355886220932,0.18885353207588196,0.2222958505153656,0.6658009514212608,0.19700497388839722,0.31133970618247986,0.1626921445131302,0.2208955223880597
CC(=O)[C@H](C(=O)N(C)C)N1C=NC2=C(C1=O)C=NN2C3=CC=CC=C3,CC(=O)[C@H](C(=O)N(C)C)n1cnc2c(cnn2-c2ccccc2)c1=O,2.975070026159546,8,14,0.15974512696266174,0.25922051072120667,0.24567022919654846,0.23629136383533478,0.6646358668804169,0.2107580006122589,0.23439592123031616,0.23456436395645142,0.24853801169590642
CCOC1=CC=CC=C1NC(=O)C2=CC(=C(C=C2)N3C=NN=N3)OC,CCOc1ccccc1NC(=O)c1ccc(-n2cnnn2)c(OC)c1,2.045833928484333,12,17,0.287336528301239,0.258338987827301,0.11849675327539444,0.18882104754447937,0.6641722694039345,0.22238633036613464,0.22291789948940277,0.17882385849952698,0.2
CCN1C(=O)C2=CC=CC=C2N=C1NNC(=O)C3=CN=C(C=C3)OC,CCn1c(NNC(=O)c2ccc(OC)nc2)nc2ccccc2c1=O,2.231779730217813,12,17,0.3965539038181305,0.26225027441978455,0.0050192102789878845,0.28223735094070435,0.6638233885169029,0.32391077280044556,0.28708070516586304,0.17822715640068054,0.29936305732484075
CC1=NN2C=CC=NC2=C1C(=O)NNC(=O)CC3=CC=CC=C3OC,COc1ccccc1CC(=O)NNC(=O)c1c(C)nn2cccnc12,2.328468787639263,12,17,0.4332612454891205,0.01027928851544857,0.2197895646095276,0.22256509959697723,0.6633300986140966,0.2013174295425415,0.33685368299484253,0.13136738538742065,0.24358974358974358
CC1=CC(=C(C=C1)OC)NC(=O)C2=NN=C(C=C2)NC3=NOC(=C3)C,COc1ccc(C)cc1NC(=O)c1ccc(Nc2cc(C)on2)nn1,2.2970555698711177,11,17,0.3439074754714966,0.11180134117603302,0.2075253427028656,0.18231859803199768,0.6632341593503952,0.16532523930072784,0.2896156907081604,0.14671345055103302,0.17142857142857143
COCC1=NC2=C(O1)CCN(C2)C(=O)C3=CC=CC=C3N4C=NC=N4,COCc1nc2c(o1)CCN(C(=O)c1ccccc1-n1cncn1)C2,2.7367382751650506,11,17,0.1381567120552063,0.3337368965148926,0.1903356909751892,0.19364222884178162,0.6622292995452881,0.2132725715637207,0.17828688025474548,0.23105686902999878,0.11510791366906475
CC1=NN=C(O1)[C@@](C)(CC2=CC(=CC=C2)C3=NC=CC(=N3)C(=O)N)O,Cc1nnc([C@](C)(O)Cc2cccc(-c3nccc(C(N)=O)n3)c2)o1,3.254614526876221,11,17,0.003156699240207672,0.30139368772506714,0.3574923872947693,0.19117479026317596,0.6620427742600441,0.12448710948228836,0.1589750349521637,0.31246763467788696,0.24096385542168675
CC1=NOC(=C1)NC(=O)CCCN2C(=O)C=CC(=N2)C3=CC=NC=C3,Cc1cc(NC(=O)CCCn2nc(-c3ccncc3)ccc2=O)on1,2.429180082330488,10,15,0.3449356257915497,0.27468472719192505,0.042075399309396744,0.24116289615631104,0.6616957522928715,0.2815991938114166,0.255636990070343,0.18609237670898438,0.2471590909090909
CC1=C(C(=CC=C1)NC(=O)CN(C)C2=NC(=C(C=C2)[N+](=O)[O-])C#N)C,Cc1cccc(NC(=O)CN(C)c2ccc([N+](=O)[O-])c(C#N)n2)c1C,2.50010689228524,10,17,0.40610355138778687,-0.08488249033689499,0.3403507471084595,0.22160100936889648,0.6615718081593513,0.15263661742210388,0.39792540669441223,0.11371953785419464,0.20125786163522014
CC(C)C1=NOC(=N1)CN2C(=O)[C@@](NC2=O)(C)C3=CC=CC(=C3)C#N,CC(C)c1noc(CN2C(=O)N[C@](C)(c3cccc(C#N)c3)C2=O)n1,3.011232567965566,9,16,0.20952840149402618,0.25571727752685547,0.19603723287582397,0.20077845454216003,0.6612829118967056,0.204451322555542,0.20117920637130737,0.2303617298603058,0.11548556430446194
CC1=CC(=NO1)NC2=NC(=NC(=C2)NC3=CC=CC=C3C(=O)OC)C,COC(=O)c1ccccc1Nc1cc(Nc2cc(C)on2)nc(C)n1,2.3967732296761017,11,17,0.5295295715332031,0.11832019686698914,0.013150369748473167,0.25707781314849854,0.6610001381486654,0.3105652332305908,0.3700597286224365,0.04689985513687134,0.15151515151515152
C1CCC(C1)N2C3=C(C=N2)C(=O)NC(=N3)CC4=CC(=CC=C4)[N+](=O)[O-],O=c1[nH]c(Cc2cccc([N+](=O)[O-])c2)nc2c1cnn2C1CCCC1,2.5820973900227955,10,15,0.17458544671535492,0.09229511767625809,0.39337414503097534,0.17655383050441742,0.6602547094225883,0.1319860816001892,0.2468676120042801,0.18100208044052124,0.24233128834355827
CC1=NOC(=N1)C2CN(C2)C(=O)CCN3C=NC4=CC=CC=C4C3=O,Cc1noc(C2CN(C(=O)CCn3cnc4ccccc4c3=O)C2)n1,2.3891461440856343,10,16,0.2802940011024475,0.28900909423828125,0.08933576196432114,0.2661098539829254,0.6586388573050499,0.28409868478775024,0.2560771703720093,0.20723167061805725,0.2287390029325513
CC1=CC(=NO1)NC(=O)CCCN2C(=O)C=CC(=N2)C3=CC=NC=C3,Cc1cc(NC(=O)CCCn2nc(-c3ccncc3)ccc2=O)no1,2.329337774638182,10,15,0.3272300064563751,0.29502275586128235,0.03531818091869354,0.23763807117938995,0.657570943236351,0.2797064185142517,0.2407872974872589,0.19699279963970184,0.27298850574712646
CC1=C(C(=O)NC=C1)CNC(=O)C2=NC(=NC3=C2C=CC=C3OC)N,COc1cccc2c(C(=O)NCc3c(C)cc[nH]c3=O)nc(N)nc12,2.6145859614513682,11,17,0.5864027738571167,-0.045248743146657944,0.11604417115449905,0.20402240753173828,0.6571982018649578,0.23628093302249908,0.4186476767063141,-0.005707217380404472,0.3174061433447099
CC1=NOC(=N1)C(C2=CC=CC=C2)NC(=O)C3=CN=C4N3CCOC4,Cc1noc(C(NC(=O)c2cnc3n2CCOC3)c2ccccc2)n1,3.306266425114968,10,15,0.1765291541814804,0.18518467247486115,0.29506930708885193,0.17001664638519287,0.6567831337451935,0.15900695323944092,0.22933393716812134,0.17651569843292236,0.14615384615384616
CC(=O)N1CCC(CC1)C2=NC(=NO2)C3=NC(=NO3)C4=CC=CC=C4,CC(=O)N1CCC(c2nc(-c3nc(-c4ccccc4)no3)no2)CC1,2.3699555565138404,7,13,-0.027677012607455254,0.4396973252296448,0.244282066822052,0.18324023485183716,0.6563023794442415,0.19297927618026733,0.07927413284778595,0.33229124546051025,0.2120253164556962
CN1C(=CC=N1)NC(=O)CC2=NOC(=N2)C3CCOC4=CC=CC=C34,Cn1nccc1NC(=O)Cc1noc(C2CCOc3ccccc32)n1,3.164280755989573,12,17,0.138977512717247,0.20736753940582275,0.3094860911369324,0.14070653915405273,0.6558311432600021,0.11570402979850769,0.17938393354415894,0.23274369537830353,0.25263157894736843
CC1=C(C(=O)NN=C1C)C(=O)NC2=NNC(=C2)C3=CC=CC=C3OC,COc1ccccc1-c1cc(NC(=O)c2c(C)c(C)n[nH]c2=O)n[nH]1,2.500661785627191,11,17,0.4673698842525482,-0.06657309085130692,0.2549998462200165,0.22602027654647827,0.6557966396212578,0.21621248126029968,0.3751974105834961,0.06735460460186005,0.3282208588957055
CCCN1C2=C(C=C(C=N2)C(=O)NC3=NC=C(C=C3)C)C(=O)NC1=O,CCCn1c(=O)[nH]c(=O)c2cc(C(=O)Nc3ccc(C)cn3)cnc21,2.353500906506312,11,17,0.44044584035873413,-0.032477185130119324,0.2473726123571396,0.2142796665430069,0.6553412675857544,0.1809205710887909,0.3767617642879486,0.07753486931324005,0.31561461794019935
CC1=CC=C(C=C1)OCC(=O)NC2=NN=C(C=C2)NC3=NOC(=C3)C,Cc1ccc(OCC(=O)Nc2ccc(Nc3cc(C)on3)nn2)cc1,2.258045466945873,10,15,0.3642571270465851,0.17404267191886902,0.11547084152698517,0.21267640590667725,0.6537706404924393,0.2215939164161682,0.29479846358299255,0.14323067665100098,0.26143790849673204
CC(=NNC(=O)C(=O)NC1=CC=C(C=C1)NC(=O)C)C2=CC=NC=C2,CC(=O)Nc1ccc(NC(=O)C(=O)NN=C(C)c2ccncc2)cc1,2.0933336537590606,9,13,0.3129902482032776,0.061510294675827026,0.2786880135536194,0.24029818177223206,0.653188556432724,0.18751239776611328,0.3204248547554016,0.17462900280952454,0.15547703180212014
CC1CC2=C(NC1=O)N(N=C2NC(=O)CC3=NOC4=CC=CC=C43)C,CC1Cc2c(NC(=O)Cc3noc4ccccc34)nn(C)c2NC1=O,3.4124203959367376,11,17,0.3096053898334503,0.014061027206480503,0.32704460620880127,0.25240013003349304,0.6507110232487321,0.16623631119728088,0.34922999143600464,0.17989085614681244,0.17438692098092642
C[C@@H](C1=NC2=CC=CC=C2C(=O)N1)OC(=O)CN(C)C3=NC=CC=N3,C[C@H](OC(=O)CN(C)c1ncccn1)c1nc2ccccc2c(=O)[nH]1,3.032294718796976,11,16,0.5783266425132751,-0.04644642025232315,0.11870691180229187,0.292313814163208,0.6505871340632439,0.29566478729248047,0.44344815611839294,0.0395808219909668,0.35294117647058826
CCOC1=C(C=CC=N1)CNC(=O)CN2C(=O)C3=CC=CC=C3N=N2,CCOc1ncccc1CNC(=O)Cn1nnc2ccccc2c1=O,2.161649313099719,12,17,0.3043554723262787,0.27458250522613525,0.07041527330875397,0.25915205478668213,0.6493532508611679,0.26593872904777527,0.26987409591674805,0.20911385118961334,0.25075528700906347
CC1=CC(=NO1)NC(=O)CCCN2C(=O)C=CC(=N2)C3=CN=CC=C3,Cc1cc(NC(=O)CCCn2nc(-c3cccnc3)ccc2=O)no1,2.3255108515612584,12,17,0.3084385097026825,0.329831600189209,0.011065026745200157,0.22167187929153442,0.6493351366370916,0.27203261852264404,0.21812427043914795,0.20453132688999176,0.2647887323943662
CC(=O)[C@@H](C(=O)N(C)C)N1C=NC2=C(C1=O)C=NN2C3=CC=CC=C3,CC(=O)[C@@H](C(=O)N(C)C)n1cnc2c(cnn2-c2ccccc2)c1=O,2.975070026159546,8,14,0.15139120817184448,0.24735227227210999,0.24759885668754578,0.22834908962249756,0.6463423371315002,0.20012909173965454,0.2292250543832779,0.22858133912086487,0.24853801169590642
CC1=CC(=NO1)NC2=NC=CC(=N2)C(=O)NCC3=CC=CC=C3OC,COc1ccccc1CNC(=O)c1ccnc(Nc2cc(C)on2)n1,2.2701493130997203,12,17,0.4929261803627014,0.08306717872619629,0.070193812251091,0.24106499552726746,0.6461871713399887,0.2590097188949585,0.3530653715133667,0.09021132439374924,0.22018348623853212
CC1=C(C=C(C(=N1)C)C2=NN=C(O2)C3=CC=CC=C3OC)C(=O)NN,COc1ccccc1-c1nnc(-c2cc(C(=O)NN)c(C)nc2C)o1,2.4003266207920273,10,17,0.1723516881465912,0.3274269998073578,0.14580783247947693,0.2285574972629547,0.6455865204334259,0.23147331178188324,0.1912243366241455,0.2501211166381836,0.2554517133956386
CN1C(=NN=N1)C2=CC=C(C=C2)NC(=O)C3=C(C=CC=C3OC)OC,COc1cccc(OC)c1C(=O)Nc1ccc(-c2nnnn2C)cc1,2.045595764887368,7,12,0.27648043632507324,0.2047296166419983,0.1643739938735962,0.18667438626289368,0.6455840468406677,0.2133384644985199,0.21778875589370728,0.18252427875995636,0.2542372881355932
CC(C1=NC(=NO1)C2=CN=CC=C2)NC(=O)C3=NOC4=C3CCCC4,CC(NC(=O)c1noc2c1CCCC2)c1nc(-c2cccnc2)no1,3.0543385009843043,11,17,0.06276712566614151,0.2648487687110901,0.3168485164642334,0.18029259145259857,0.644464410841465,0.16312366724014282,0.13535024225711823,0.2712775468826294,0.189873417721519
CCN1C(=O)C2=CC=CC=C2N=C1NNC(=O)CN3C=CC=CC3=O,CCn1c(NNC(=O)Cn2ccccc2=O)nc2ccccc2c1=O,2.3083509111495566,13,17,0.42106688022613525,0.20022888481616974,0.021984055638313293,0.2779848873615265,0.6432798206806183,0.306745707988739,0.30968523025512695,0.14665822684764862,0.29818181818181816
CCOC1=CC=C(C=C1)NC(=O)C2=NC(=NC=C2)NC3=NOC(=C3)C,CCOc1ccc(NC(=O)c2ccnc(Nc3cc(C)on3)n2)cc1,2.2121704669458726,10,15,0.5219148397445679,-0.06963285803794861,0.19068045914173126,0.2593127191066742,0.6429624408483505,0.20477962493896484,0.4237179160118103,0.09025538712739944,0.2577639751552795
CCOC(=O)C1=C2CC3=C(N=NN3C4=C(N2C=N1)C=CC(=C4)C)CO,CCOC(=O)c1ncn2c1Cc1c(CO)nnn1-c1cc(C)ccc1-2,3.0267069241506395,10,17,0.29952558875083923,0.13119101524353027,0.21090152859687805,0.1663714349269867,0.6416181325912476,0.1990329921245575,0.2515740990638733,0.11533357948064804,0.129973474801061
CCC1=NC2=CC=CC=C2N1CC(=O)NNC(=O)C3=CC=CNC3=O,CCc1nc2ccccc2n1CC(=O)NNC(=O)c1ccc[nH]c1=O,2.281508874313154,13,17,0.5960665345191956,0.145325168967247,-0.09978589415550232,0.28154075145721436,0.6416058093309402,0.33262455463409424,0.35998570919036865,0.08551137149333954,0.19756838905775076
CC1=CC(=CC=C1)NC(=O)C2=NOC3=NC=NC(=C23)N4CCOCC4,Cc1cccc(NC(=O)c2noc3ncnc(N4CCOCC4)c23)c1,2.4075734701070957,9,15,0.1489458680152893,0.11643248796463013,0.3762209713459015,0.2133139967918396,0.6415993273258209,0.14536499977111816,0.24955064058303833,0.2226344347000122,0.21142857142857144
CC1=NC(=NO1)C2CCCN(C2)C(=O)C3=CN=C4C=CC=CN4C3=O,Cc1nc(C2CCCN(C(=O)c3cnc4ccccn4c3=O)C2)no1,2.9967908455575394,11,17,0.21966752409934998,0.1990329921245575,0.22077664732933044,0.21578636765480042,0.6394771635532379,0.23801302909851074,0.2181021273136139,0.17372944951057434,0.21203438395415472
CCOC1=CC=CC=C1C2CC(=O)N=C3C2C(=O)N(C4=NC=NN34)C,CCOc1ccccc1C1CC(=O)N=C2C1C(=O)N(C)c1ncnn12,3.745039712375698,11,17,0.274854838848114,0.0982615202665329,0.26627248525619507,0.18598723411560059,0.639388844370842,0.14163994789123535,0.25510719418525696,0.19309771060943604,0.25326370757180156
COC1=CC=CC(=C1OC)C(=O)NCC2=NN=NN2C3=CC=CC=C3,COc1cccc(C(=O)NCc2nnnn2-c2ccccc2)c1OC,2.024797390022796,10,15,0.3493853807449341,0.18076832592487335,0.10909327864646912,0.19819426536560059,0.6392469853162766,0.22642867267131805,0.28818583488464355,0.11540288478136063,0.15873015873015872
CC1=CC=C(O1)C(=O)N2CCCC[C@@H]2C3=NC(=NO3)C4=NC=CC=N4,Cc1ccc(C(=O)N2CCCC[C@@H]2c2nc(-c3ncccn3)no2)o1,2.9674870784342513,10,16,-0.04017877206206322,0.40643423795700073,0.271899551153183,0.18237613141536713,0.6381550170481205,0.1652691662311554,0.0748848095536232,0.3365277051925659,0.17857142857142858
CC1=NOC(=C1)NC(=O)CCCN2C(=O)C=CC(=N2)C3=CN=CC=C3,Cc1cc(NC(=O)CCCn2nc(-c3cccnc3)ccc2=O)on1,2.425353159253566,12,17,0.3099003732204437,0.3134968876838684,0.014498213306069374,0.21642188727855682,0.6378954742103815,0.26350003480911255,0.2210533320903778,0.1947336345911026,0.2395543175487465
CC(C)C1=NOC(=N1)CN2C(=O)[C@](NC2=O)(C)C3=CC=CC(=C3)C#N,CC(C)c1noc(CN2C(=O)N[C@@](C)(c3cccc(C#N)c3)C2=O)n1,3.011232567965566,9,16,0.15751945972442627,0.2811588943004608,0.19910985231399536,0.18614062666893005,0.6377882063388824,0.18877099454402924,0.16808733344078064,0.24264025688171387,0.11548556430446194
CC1=CC(=O)C(=NN1C2=CC=CC=C2)C(=O)NC(C)C3=NC(=NO3)C,Cc1noc(C(C)NC(=O)c2nn(-c3ccccc3)c(C)cc2=O)n1,2.804658043359737,9,15,0.3607465624809265,0.06201482564210892,0.21371182799339294,0.2238537073135376,0.6364732161164284,0.20747065544128418,0.35727566480636597,0.0905306488275528,0.12562814070351758
CC1=C(C(=O)NC(=O)N1)CC(=O)N/N=C\C2=CN(C3=CC=CC=C32)C,Cc1[nH]c(=O)[nH]c(=O)c1CC(=O)N/N=C\c1cn(C)c2ccccc12,2.5399710163964215,12,17,0.33710092306137085,-0.012331626377999783,0.3105843663215637,0.2103034406900406,0.6353536630049348,0.11893728375434875,0.35833147168159485,0.1361742913722992,0.24104234527687296
CC1=CC=C(O1)C(=O)N2CCCC[C@H]2C3=NC(=NO3)C4=NC=CC=N4,Cc1ccc(C(=O)N2CCCC[C@H]2c2nc(-c3ncccn3)no2)o1,2.9674870784342513,10,16,-0.044402312487363815,0.41104620695114136,0.2670504152774811,0.18114683032035828,0.6336943097412586,0.1659402847290039,0.07093915343284607,0.3360055685043335,0.17857142857142858
CN1C2=C(C(=O)N(C1=O)C)N(C=N2)CC(=O)N3CCC4=CC=CC=C43,Cn1c(=O)c2c(ncn2CC(=O)N2CCc3ccccc32)n(C)c1=O,2.355821126286532,10,17,0.09418205916881561,0.25638821721076965,0.28310316801071167,0.1846870630979538,0.6336734443902969,0.1934155523777008,0.1333339512348175,0.24872201681137085,0.2620481927710843
CC1=CC(=NO1)NC(=O)C2=CN=C(C=N2)NCC3=CC=CC=C3OC,COc1ccccc1CNc1cnc(C(=O)Nc2cc(C)on2)cn1,2.2762627746381803,12,17,0.3393336534500122,0.2014182209968567,0.09207886457443237,0.18355853855609894,0.6328307390213013,0.21844688057899475,0.24426476657390594,0.14215439558029175,0.22054380664652568
CC1=[N+](C2=CC=CC=C2N3C1=C(N=C3)C4=NC(=NO4)C(C)(C)OC)[O-],COC(C)(C)c1noc(-c2ncn3c2c(C)[n+]([O-])c2ccccc23)n1,3.250254972440379,8,16,0.09930359572172165,0.18581782281398773,0.3476482927799225,0.1946825534105301,0.6327697113156319,0.11796511709690094,0.22360119223594666,0.2597610652446747,0.1774193548387097
CCN1C(=C(C(=N1)C)[N+](=O)[O-])C(=O)NC2=CC(=NC3=CC=CC=C32)C,CCn1nc(C)c([N+](=O)[O-])c1C(=O)Nc1cc(C)nc2ccccc12,2.3648224736348364,10,17,0.4976832866668701,-0.02927405573427677,0.16422495245933533,0.23451218008995056,0.6326341833919287,0.24776998162269592,0.4028612971305847,0.022768957540392876,0.14986376021798364
CC1=NC2(CCN(CC2)C(=O)C3=CN=C4C=CC=CN4C3=O)C(=O)N1,CC1=NC2(CCN(C(=O)c3cnc4ccccn4c3=O)CC2)C(=O)N1,3.235433397020161,9,15,0.24308174848556519,0.17809933423995972,0.21110369265079498,0.1963014304637909,0.6322847753763199,0.20642611384391785,0.23858295381069183,0.15783947706222534,0.2289156626506024
CCN(C1=CC=CC(=C1)C(=O)CC(=O)NC2=C(C=NN2)C#N)C(=O)C,CCN(C(C)=O)c1cccc(C(=O)CC(=O)Nc2[nH]ncc2C#N)c1,2.7828017378488834,11,17,0.2786080837249756,0.0002513844519853592,0.3517265021800995,0.1577717661857605,0.6305859703570604,0.10687410086393356,0.3153853416442871,0.1120329350233078,0.165625
CC1=CC(=C2C(=NOC2=N1)C)C(=O)N3CCCC3C4=CC=NC(=O)N4,Cc1cc(C(=O)N2CCCC2c2ccnc(=O)[nH]2)c2c(C)noc2n1,3.2901081532498475,10,17,0.28972071409225464,0.3346106708049774,0.005992690101265907,0.26427367329597473,0.630324074998498,0.32046520709991455,0.23066575825214386,0.1875929981470108,0.17403314917127072
CC1=CC(=NO1)NC2=NC=NC(=C2)C(=O)NCC3=CC=CC=C3OC,COc1ccccc1CNC(=O)c1cc(Nc2cc(C)on2)ncn1,2.3060358515612585,12,17,0.46177390217781067,0.06265923380851746,0.105436772108078,0.23251910507678986,0.6298699080944061,0.23491674661636353,0.35200047492980957,0.09674760699272156,0.21036585365853658
CC1=CC(=CC=C1)OCC(=O)NNC(=O)CN2C3=CC=CC=C3N=N2,Cc1cccc(OCC(=O)NNC(=O)Cn2nnc3ccccc32)c1,2.0492396977151035,13,17,0.40860816836357117,0.1474243402481079,0.0737905278801918,0.20355573296546936,0.6298230364918709,0.24940259754657745,0.31750285625457764,0.06418468058109283,0.2150170648464164
C1CC(CCC1NC(=O)C2=CC=CNC2=O)OC3=NC=CN=C3C#N,N#Cc1nccnc1OC1CCC(NC(=O)c2ccc[nH]c2=O)CC1,2.7061743130997193,11,15,0.30217504501342773,-0.1286190003156662,0.45594853162765503,0.14405891299247742,0.6295045763254166,0.06704764068126678,0.351563036441803,0.06822971254587173,0.22727272727272727
C/C=C\C(=O)NC1=CC(=NN1C2=NC(=C(C(=O)N2)C)C)C3=CC=CO3,C/C=C\C(=O)Nc1cc(-c2ccco2)nn1-c1nc(C)c(C)c(=O)[nH]1,2.941942664748071,11,17,0.49235934019088745,0.044721730053424835,0.09206186980009079,0.22455604374408722,0.6291429400444031,0.25972163677215576,0.354347288608551,0.039686039090156555,0.26370757180156656
CN1C=CC(=N1)NC(=O)CN2C(=O)[C@]3(CCC4=CC=CC=C43)NC2=O,Cn1ccc(NC(=O)CN2C(=O)N[C@@]3(CCc4ccccc43)C2=O)n1,3.3172978980586967,12,17,0.29228729009628296,0.32976558804512024,0.0059278192929923534,0.20030993223190308,0.6279806974343956,0.27961644530296326,0.15153616666793823,0.20415157079696655,0.14882506527415143
C1CN(CCN1C2=NC=CNC2=O)C(=O)CC3=NOC4=CC=CC=C43,O=C(Cc1noc2ccccc12)N1CCN(c2ncc[nH]c2=O)CC1,2.5011184648383917,10,15,0.26152360439300537,0.15842878818511963,0.2079182267189026,0.28136682510375977,0.6278706192970276,0.23390112817287445,0.3126215934753418,0.19369396567344666,0.22424242424242424
COC1=CC=CC(=C1)C2=CC(=NC=N2)NC(=O)C3CN(CCO3)C#N,COc1cccc(-c2cc(NC(=O)C3CN(C#N)CCO3)ncn2)c1,3.1786927686344626,12,17,0.40909671783447266,0.05986660346388817,0.15857428312301636,0.18679675459861755,0.6275376044213772,0.21766433119773865,0.32353562116622925,0.06241213530302048,0.42805755395683454
CC(=O)N(C)C1=CC=C(C=C1)NC(=O)CN2C(=O)N3C=CC=CC3=N2,CC(=O)N(C)c1ccc(NC(=O)Cn2nc3ccccn3c2=O)cc1,2.2558914559568635,10,15,0.17473424971103668,0.17666324973106384,0.2761206030845642,0.1875743716955185,0.6275181025266647,0.13649192452430725,0.21788160502910614,0.23689302802085876,0.22580645161290322
COC1=CC=CC(=C1OC)C(=O)NCC2=CN(N=N2)C3=CC=NC=C3,COc1cccc(C(=O)NCc2cn(-c3ccncc3)nn2)c1OC,2.2565185438689497,10,15,0.2964566648006439,0.1820829212665558,0.14836385846138,0.18792597949504852,0.6269034445285797,0.21523678302764893,0.25913023948669434,0.12964025139808655,0.18125
CCOC1=CC=CC=C1NC(=O)C2=CN=C(C=N2)NC3=NOC(=C3)C,CCOc1ccccc1NC(=O)c1cnc(Nc2cc(C)on2)cn1,2.290355082330489,12,17,0.35889047384262085,0.06002343073487282,0.20729312300682068,0.23629969358444214,0.6262070275843143,0.18733908236026764,0.3425525724887848,0.14618191123008728,0.2180232558139535
COCCOC1=NC(=NC2=C1N=C(C=C2)NC(=O)C3=CC=CC=C3)N,COCCOc1nc(N)nc2ccc(NC(=O)c3ccccc3)nc12,2.237610851561257,10,15,0.3928869068622589,0.02918599732220173,0.20396125316619873,0.25478339195251465,0.6260341573506594,0.18878713250160217,0.4115772843360901,0.09790585935115814,0.2920962199312715
CC1=CC(=NO1)NC2=NC(=NC(=C2)NC3=CC4=C(C=C3)OCCO4)C,Cc1nc(Nc2ccc3c(c2)OCCO3)cc(Nc2cc(C)on2)n1,2.5277523952915004,11,17,0.31774723529815674,0.08221135288476944,0.2237846404314041,0.14537487924098969,0.6237432286143303,0.16061295568943024,0.2348475456237793,0.13060955703258514,0.24315068493150685
C[C@H]1CC2=C(NC1=O)N(N=C2NC(=O)CC3=NOC4=CC=CC=C43)C,C[C@H]1Cc2c(NC(=O)Cc3noc4ccccc34)nn(C)c2NC1=O,3.4124203959367376,11,17,0.2736482620239258,0.028256073594093323,0.3217881917953491,0.23934853076934814,0.6236925274133682,0.15762099623680115,0.3261900544166565,0.17817579209804535,0.17438692098092642
CC1(CC1(C#N)NC(=O)C2=CC3=C(N=C2)N(C(=O)NC3=O)C4CC4)C,CC1(C)CC1(C#N)NC(=O)c1cnc2c(c1)c(=O)[nH]c(=O)n2C1CC1,3.5501719879226368,8,15,0.3396446704864502,0.20518119633197784,0.07875283062458038,0.2657192647457123,0.6235786974430084,0.29612407088279724,0.2621701657772064,0.1640588641166687,0.2469879518072289
CCOC1=CC=CC=C1NC(=O)CN2C(=O)C=CC(=N2)N3C=CC=N3,CCOc1ccccc1NC(=O)Cn1nc(-n2cccn2)ccc1=O,2.2190262361766404,13,17,0.28866320848464966,0.2108248770236969,0.12342578172683716,0.23191985487937927,0.6229138672351837,0.2210521101951599,0.2712187170982361,0.18477782607078552,0.23850574712643677
CC1=NN2C=CC=NC2=C1C(=O)NC3=CC(=C(C=C3)NC(=O)C)OC,COc1cc(NC(=O)c2c(C)nn3cccnc23)ccc1NC(C)=O,2.248820027385433,11,17,0.2134637087583542,0.05730521306395531,0.35126107931137085,0.14878283441066742,0.6220300011336803,0.08863131701946259,0.2714647650718689,0.16030161082744598,0.2866666666666667
CCCC1=NOC(=N1)CN2C(=O)[C@](NC2=O)(C)C3=CC=C(C=C3)C#N,CCCc1noc(CN2C(=O)N[C@@](C)(c3ccc(C#N)cc3)C2=O)n1,2.9409951862168793,8,15,0.10553029924631119,0.4331495463848114,0.08331966400146484,0.20121505856513977,0.6219995096325874,0.21654918789863586,0.12253562361001968,0.2776939868927002,0.11578947368421053
COC1=CN=C(NC1=O)C2CCCN2C(=O)C3=CC=CN4C3=CC=N4,COc1cnc(C2CCCN2C(=O)c2cccn3nccc23)[nH]c1=O,3.1940427686344632,12,17,0.1800001561641693,0.339587539434433,0.0976521372795105,0.1684153825044632,0.6172398328781128,0.2368752658367157,0.14471271634101868,0.17584757506847382,0.24850299401197604
CC1=CC(=C(O1)C)C(=O)NCC(=O)NC2=CC=C(C=C2)C3=NC=NN3,Cc1cc(C(=O)NCC(=O)Nc2ccc(-c3ncn[nH]3)cc2)c(C)o1,2.294011366187476,10,15,0.21280644834041595,0.20402586460113525,0.20038750767707825,0.196034237742424,0.6172198206186295,0.17430511116981506,0.2510710656642914,0.17092914879322052,0.24382716049382716
CN1C2=C(C(=O)N(C1=O)C)N=CN2CC(=O)N3CCC4=CC=CC=C43,Cn1c(=O)c2ncn(CC(=O)N3CCc4ccccc43)c2n(C)c1=O,2.5005253021107077,10,17,0.11696186661720276,0.1625390350818634,0.336730420589447,0.1690312623977661,0.6162313222885132,0.16201265156269073,0.16959410905838013,0.19896765053272247,0.2636363636363636
CCOC1=CC=C(C=C1)NC2=NC=CC(=N2)C(=O)NC3=NOC(=C3)C,CCOc1ccc(Nc2nccc(C(=O)Nc3cc(C)on3)n2)cc1,2.1874993130997193,10,15,0.5265008211135864,-0.12406815588474274,0.21328818798065186,0.22157274186611176,0.6157208532094955,0.1671414077281952,0.40555596351623535,0.06549086421728134,0.2701863354037267
COCCN1C(=O)C2=CC=CC=C2C(=N1)CNC(=O)C3=NC=CN=C3,COCCn1nc(CNC(=O)c2cnccn2)c2ccccc2c1=O,2.3095762361766425,12,17,0.12179187685251236,0.10562322288751602,0.3876674175262451,0.18094001710414886,0.6150825172662735,0.10131891071796417,0.25784337520599365,0.17986813187599182,0.178125
CC1=CC(=NN1C2=CC=CC=C2NC(=O)CN3C=CC(=O)NC3=O)C,Cc1cc(C)n(-c2ccccc2NC(=O)Cn2ccc(=O)[nH]c2=O)n1,2.2803220054074114,12,17,0.19818055629730225,0.11733441054821014,0.29920101165771484,0.18019357323646545,0.6147159785032272,0.1408410668373108,0.2788071036338806,0.1424897164106369,0.22965116279069767
CC1=C(C(=O)N2C(=N1)C=CN2C3=CN=CC=C3)C(=O)N4CCOCC4,Cc1nc2ccn(-c3cccnc3)n2c(=O)c1C(=O)N1CCOCC1,2.813295466945874,9,15,0.10447794198989868,0.18276247382164001,0.32714322209358215,0.1675635576248169,0.6143836379051208,0.10611020028591156,0.21301713585853577,0.2230427861213684,0.21983914209115282
C1CCC(C1)N2C3=NC(=NC(=C3NC2=O)C(=O)N)C4=CC(=CC=C4)O,NC(=O)c1nc(-c2cccc(O)c2)nc2c1[nH]c(=O)n2C1CCCC1,2.539211149502753,10,15,0.21353033185005188,0.06604877859354019,0.3346448540687561,0.21645627915859222,0.6142239645123482,0.1448994278907776,0.3088725209236145,0.1613454967737198,0.3300970873786408
CC(=O)NC1=CC=CC=C1N2C(NC3=C(C2=N)C=C(C=C3)C(=O)O)N,CC(=O)Nc1ccccc1N1C(=N)c2cc(C(=O)O)ccc2NC1N,3.189428554587641,14,17,0.24143490195274353,0.3002451956272125,0.07236750423908234,0.19794794917106628,0.6140476018190384,0.2170351892709732,0.20780405402183533,0.19881348311901093,0.13479623824451412
CC1=CC2=C(N1)N=C(N(C2=O)CC(=O)NC3=CC=CC=C3C(=O)N)C,Cc1cc2c(=O)n(CC(=O)Nc3ccccc3C(N)=O)c(C)nc2[nH]1,2.3616779920294846,11,17,0.3511008322238922,0.09771215915679932,0.16448362171649933,0.2336357831954956,0.6132966130971909,0.20059004426002502,0.34096652269363403,0.12225998193025589,0.279874213836478
CN1C(=NC2=CC=CC=C2C1=O)CCC(=O)NNC(=O)C3=CC=CN3,Cn1c(CCC(=O)NNC(=O)c2ccc[nH]2)nc2ccccc2c1=O,2.3509522112578995,13,17,0.405673086643219,0.3029615879058838,-0.09539387375116348,0.2671133875846863,0.6132408007979393,0.3261168599128723,0.27274519205093384,0.1527518481016159,0.2507936507936508
CN1C(=NN=N1)C2=CC(=CC=C2)NC(=O)COC3=CC=CC=C3OC,COc1ccccc1OCC(=O)Nc1cccc(-c2nnnn2C)c1,1.9753685438689512,12,17,0.2108456790447235,0.21745972335338593,0.1838039606809616,0.13521406054496765,0.612109363079071,0.1561010479927063,0.21368765830993652,0.14311739802360535,0.34831460674157305
C1CN(CCN1C2=NC=CC=N2)C(=O)C3=C4C(=CC=C3)NC(=O)CO4,O=C1COc2c(cccc2C(=O)N2CCN(c3ncccn3)CC2)N1,2.39340866504914,9,14,0.1494804322719574,0.17918464541435242,0.2831006944179535,0.15858455002307892,0.6117657721042633,0.1469648778438568,0.18120077252388,0.19647163152694702,0.3265993265993266
CC(=O)NC1=NC=C2C=NN(C2=C1)C3=NC(=CC=C3)OC4CCOC4,CC(=O)Nc1cc2c(cn1)cnn2-c1cccc(OC2CCOC2)n1,3.2682141595722927,12,17,0.3887103199958801,0.05239114910364151,0.1692672073841095,0.1454138457775116,0.6103686764836311,0.1695948839187622,0.31581753492355347,0.040159672498703,0.2668621700879765
C1CC(CCC1NC(=O)C2=NNC(=O)C=C2)OC3=NC=C(C=C3)C#N,N#Cc1ccc(OC2CCC(NC(=O)c3ccc(=O)[nH]n3)CC2)nc1,2.5961973900227964,11,15,0.32519078254699707,-0.11289269477128983,0.3979411721229553,0.13857664167881012,0.6102392598986626,0.07952722162008286,0.3438711166381836,0.05930814892053604,0.2329192546583851
C1CN(CC2=C1N=C(NC2=O)N)CC3=C(OC4=CC=CC=C4C3=O)N,Nc1nc2c(c(=O)[nH]1)CN(Cc1c(N)oc3ccccc3c1=O)CC2,2.807290239426914,11,17,0.419698566198349,0.1676502823829651,0.022262487560510635,0.26771119236946106,0.6096113361418247,0.2901447117328644,0.3039056062698364,0.11402003467082977,0.22941176470588234
CCOC1=CC=CC=C1N2C(=CN3C2=NC4=C3C(=O)NC(=O)N4C)C,CCOc1ccccc1-n1c(C)cn2c3c(=O)[nH]c(=O)n(C)c3nc12,2.5633136537590584,10,17,0.10616327077150345,0.047088321298360825,0.4558851718902588,0.18471479415893555,0.6091367639601231,0.04251842945814133,0.2769526243209839,0.24744370579719543,0.2916666666666667
CC1=CC(=NO1)NC2=NC=CC(=N2)C(=O)NCC3=CC=C(C=C3)OC,COc1ccc(CNC(=O)c2ccnc(Nc3cc(C)on3)n2)cc1,2.215564697715104,10,15,0.493184357881546,0.03612985461950302,0.07937611639499664,0.25276267528533936,0.6086903288960457,0.23591233789920807,0.3807600736618042,0.0895979255437851,0.22641509433962265
CC(C)N1C2=CC=CC=C2N3C=NC(=C3C1=O)C4=NOC(=N4)COC,COCc1nc(-c2ncn3c2c(=O)n(C(C)C)c2ccccc23)no1,2.6846698710628836,9,16,0.09707473963499069,0.13907232880592346,0.3723166584968567,0.18701836466789246,0.6084637269377708,0.0949859470129013,0.24927102029323578,0.23062503337860107,0.2529411764705882
CC1=C(C(=NO1)C)CC(=O)N2CC(C2)C3=NC(=NO3)C4=CC=CC=N4,Cc1noc(C)c1CC(=O)N1CC(c2nc(-c3ccccn3)no2)C1,2.533179296848365,9,16,0.10181921720504761,0.33296382427215576,0.17300444841384888,0.19970256090164185,0.6077874898910522,0.18185102939605713,0.1448565125465393,0.2844557762145996,0.19733333333333333
CC1=C(C=NN1C2=NNC(=O)C=C2)C(=O)NCC3=CC=CC=C3OC,COc1ccccc1CNC(=O)c1cnn(-c2ccc(=O)[nH]n2)c1C,2.277113208007627,12,17,0.3842894434928894,0.10904285311698914,0.11382360756397247,0.14126116037368774,0.607155904173851,0.2004559487104416,0.2383105754852295,0.077599436044693,0.19142857142857142
C1CC(=O)NC(=O)C1NC(=O)C2=NC(=NC=C2)NCC3=CC=CC=C3,O=C1CCC(NC(=O)c2ccnc(NCc3ccccc3)n2)C(=O)N1,2.738042768634463,12,15,0.5145463943481445,0.23451732099056244,-0.1422453224658966,0.2817087769508362,0.6068183928728104,0.3867191672325134,0.28151360154151917,0.07519075274467468,0.24054982817869416
C1CC(CCC1NC2=NC=C(C=N2)[N+](=O)[O-])OC3=CC=CC=C3C#N,N#Cc1ccccc1OC1CCC(Nc2ncc([N+](=O)[O-])cn2)CC1,2.5098877746381802,10,14,0.2705991268157959,-0.14974837005138397,0.48594674468040466,0.1243659108877182,0.6067975014448166,0.031741902232170105,0.3291870355606079,0.1018064022064209,0.3522727272727273
CN1C2=C(C=C(C=N2)C(=O)N(C)CC3=CC=CC=N3)C(=O)N(C1=O)C,CN(Cc1ccccn1)C(=O)c1cnc2c(c1)c(=O)n(C)c(=O)n2C,2.347725483668281,10,17,0.12245757132768631,0.201650008559227,0.2826577126979828,0.2362825870513916,0.6067652925848961,0.19729697704315186,0.18209372460842133,0.26393741369247437,0.25170068027210885
CN1C(=CC(=N1)C2=CC=CC=C2)C(=O)NC3=CN=C(N=C3OC)OC,COc1ncc(NC(=O)c2cc(-c3ccccc3)nn2C)c(OC)n1,2.3737262090910516,9,15,0.4681985378265381,-0.12885603308677673,0.266838014125824,0.228300541639328,0.6061805188655853,0.18019680678844452,0.42384272813796997,0.0471215546131134,0.24198250728862974
CC1=NOC2=NC=NC(=C12)NC3=CC4=C(C=C3)N(CC4)C(=O)COC,COCC(=O)N1CCc2cc(Nc3ncnc4onc(C)c34)ccc21,2.5660646977151043,10,17,-0.09515713155269623,0.22430366277694702,0.4770221710205078,0.13336080312728882,0.6061687022447586,0.027959149330854416,0.10631879419088364,0.3430810868740082,0.20949720670391062
CC1=CC(=CC=C1)OCC(=O)NNC(=O)C2=C3N=CC=CN3N=C2C,Cc1cccc(OCC(=O)NNC(=O)c2c(C)nn3cccnc23)c1,2.326994464779025,12,17,0.46598732471466064,-0.019865170121192932,0.15956944227218628,0.1870620846748352,0.605691596865654,0.2070787101984024,0.3319351077079773,0.04753393679857254,0.28378378378378377
CC1=C(C(=NO1)C)CC(=O)N2CC(C2)C3=NC(=NO3)C4=CN=CC=C4,Cc1noc(C)c1CC(=O)N1CC(c2nc(-c3cccnc3)no2)C1,2.5126011820054615,9,16,0.075175940990448,0.35589081048965454,0.17310631275177002,0.20472876727581024,0.6041730642318726,0.17418161034584045,0.1419614553451538,0.3029099404811859,0.20218579234972678
CC1=C(C(=O)N(N1C)C2=CC=CC=C2)NC(=O)C3=NN=C(C=C3)OC,COc1ccc(C(=O)Nc2c(C)n(C)n(-c3ccccc3)c2=O)nn1,2.2898105768359827,9,15,0.3217027187347412,-0.03420785814523697,0.31632909178733826,0.192240372300148,0.6038239523768425,0.12261281162500381,0.34848901629447937,0.11039721965789795,0.18134715025906736
C1CC(N(C1)C2=NC3=C(C=NN3)C(=O)N2)C4=C5C(=CC=C4)OCCO5,O=c1[nH]c(N2CCCC2c2cccc3c2OCCO3)nc2[nH]ncc12,3.3972493174910117,12,17,0.35950368642807007,0.14335837960243225,0.1006123423576355,0.15063223242759705,0.6034744083881378,0.26095932722091675,0.18369106948375702,0.07896414399147034,0.43986254295532645
C1CC1CNC(=O)C(=O)NC2=CC=CC=C2NC(=O)C3=NC=CN=C3,O=C(NCC1CC1)C(=O)Nc1ccccc1NC(=O)c1cnccn1,2.1648735547031865,13,16,0.4173499643802643,0.1458175629377365,0.04016934335231781,0.270190954208374,0.6033368706703186,0.2711910605430603,0.31135663390159607,0.14666637778282166,0.18
CN1C(=C(C(=O)N(C1=O)C)C#N)NC2CCN(C2=O)C3=CC=CC=C3,Cn1c(NC2CCN(c3ccccc3)C2=O)c(C#N)c(=O)n(C)c1=O,3.00349678201239,9,15,0.09407409280538559,0.2718650698661804,0.23727113008499146,0.19445040822029114,0.6032102927565575,0.19866052269935608,0.12613344192504883,0.2527264952659607,0.2658959537572254
CCCNC(=O)C1=CC(=CC=C1)NC(=O)C2=CNC3=C2C(=O)NC=N3,CCCNC(=O)c1cccc(NC(=O)c2c[nH]c3nc[nH]c(=O)c23)c1,2.3441285926230133,13,17,0.554284930229187,0.16466054320335388,-0.1168331652879715,0.2695058584213257,0.6021123081445694,0.31872740387916565,0.36358973383903503,0.07197227329015732,0.3129496402877698
COCC1=NC(=CC=C1)C2=CC3=C(C=C2)C(=C(N3)NC(=O)N)C(=O)N,COCc1cccc(-c2ccc3c(C(N)=O)c(NC(N)=O)[nH]c3c2)n1,2.5623285988140054,12,17,0.4043065905570984,0.08339163661003113,0.11337517201900482,0.23992086946964264,0.6010733991861343,0.22129370272159576,0.3145448565483093,0.13676834106445312,0.25396825396825395
CC1=CC(=NO1)C(=O)N2CCC(CC2)N3C=NC4=C(C3=O)C=CC=N4,Cc1cc(C(=O)N2CCC(n3cnc4ncccc4c3=O)CC2)no1,2.518118543868951,9,15,0.2608153223991394,0.24910065531730652,0.09113316237926483,0.2177424132823944,0.6010491400957108,0.2591943144798279,0.20265993475914001,0.17125284671783447,0.22662889518413598
COCC1=NOC(=C1)CNC(=O)NC2=C(N=CC=C2)C3=CN=CC=C3,COCc1cc(CNC(=O)Nc2cccnc2-c2cccnc2)on1,2.450407400560204,13,17,0.2496277093887329,0.13689956068992615,0.21385504305362701,0.16917090117931366,0.6003823131322861,0.12220077961683273,0.2706843912601471,0.1741238236427307,0.19943019943019943
CC1=NOC(=C1NC(=O)NC2=CC=C(C=C2)C3=NN=C(O3)C)C4CC4,Cc1nnc(-c2ccc(NC(=O)Nc3c(C)noc3C3CC3)cc2)o1,2.5359504777801085,8,14,0.29360365867614746,0.1689259558916092,0.13762855529785156,0.2301766276359558,0.6001581698656082,0.2209891676902771,0.2805844247341156,0.15135252475738525,0.16260162601626016
CC1=C(C(=NC2=CC(=O)NN12)C)CC(=O)NC3=CC=C(C=C3)C(=O)N,Cc1nc2cc(=O)[nH]n2c(C)c1CC(=O)Nc1ccc(C(N)=O)cc1,2.3907127746381818,9,15,0.19569814205169678,0.19486567378044128,0.2083137333393097,0.21559453010559082,0.5988775491714478,0.14628824591636658,0.26975348591804504,0.21252655982971191,0.2507936507936508
C1C(=O)N(C(=O)N1)CC(=O)NCCC2=NC=CC(=N2)C3=CC=CC=C3,O=C(CN1C(=O)CNC1=O)NCCc1nccc(-c2ccccc2)n1,2.358526236176642,11,15,0.40972036123275757,0.15922683477401733,0.02990896813571453,0.2641785144805908,0.5988561641424894,0.28159868717193604,0.31786954402923584,0.1304284930229187,0.2786259541984733
CC1=NC=C(N1)C2=CC3=C(C=C2)N(C(=O)N3C)C4CCC(=O)NC4=O,Cc1ncc(-c2ccc3c(c2)n(C)c(=O)n3C2CCC(=O)NC2=O)[nH]1,3.2753896917113865,11,17,0.1965707540512085,0.3198205828666687,0.0816555842757225,0.1968088448047638,0.5980469211935997,0.24592116475105286,0.1795148253440857,0.17741122841835022,0.2586750788643533
C1CCN(C1)C2=NC=C(C=N2)NC(=O)CN3C4=CC=CC=C4OC3=O,O=C(Cn1c(=O)oc2ccccc21)Nc1cnc(N2CCCC2)nc1,2.261132374216686,9,14,0.2501479685306549,0.008971058763563633,0.3386087119579315,0.2354079931974411,0.5977277392521501,0.15440326929092407,0.3597167730331421,0.11672723293304443,0.26443768996960487
C1CCN(C1)C2=NC=NC=C2NC(=O)C3=CC4=C(C=C3)OCC(=O)N4,O=C1COc2ccc(C(=O)Nc3cncnc3N3CCCC3)cc2N1,2.412193912678223,10,15,0.005671299062669277,0.2119629979133606,0.3800153434276581,0.1501956582069397,0.597649640403688,0.10588089376688004,0.15632590651512146,0.23276612162590027,0.3211920529801324
CC(C)C1=NC2=CC=CC=C2C(=C1)C(=O)NC3=C(C=NN3C)[N+](=O)[O-],CC(C)c1cc(C(=O)Nc2c([N+](=O)[O-])cnn2C)c2ccccc2n1,2.4609368549057393,10,16,0.4186949133872986,0.0713222324848175,0.10737548768520355,0.20488838851451874,0.5973926335573196,0.2232971042394638,0.29882174730300903,0.09946094453334808,0.16897506925207756
C1=CC=C(C=C1)OCC(=O)NCC(=O)NCC2=NN=C3N2C=CC=C3,O=C(CNC(=O)COc1ccccc1)NCc1nnc2ccccn12,2.0696476534579915,12,15,0.20638713240623474,0.18947026133537292,0.20135509967803955,0.17550534009933472,0.5972124934196472,0.1649155467748642,0.2081751674413681,0.19285035133361816,0.2867647058823529
CN(CC(=O)OCC(=O)NC1=CC=C(C=C1)CC#N)C2=NC=CC=N2,CN(CC(=O)OCC(=O)Nc1ccc(CC#N)cc1)c1ncccn1,2.342634768137639,9,14,0.09417129307985306,0.15943962335586548,0.34339451789855957,0.17288678884506226,0.5970054343342781,0.08336184173822403,0.20424842834472656,0.26178884506225586,0.291044776119403
C1COCCN1C2=CC(=O)NC(=N2)CC(=O)NC3=CC=CC(=C3)C#N,N#Cc1cccc(NC(=O)Cc2nc(N3CCOCC3)cc(=O)[nH]2)c1,2.5180127746381817,10,15,0.28608015179634094,0.032623566687107086,0.27816277742385864,0.20801220834255219,0.5968664959073067,0.13751091063022614,0.3321489691734314,0.1315649151802063,0.29931972789115646
CN1C=CC(=N1)NC(=O)CN2C(=O)[C@@]3(CCC4=CC=CC=C43)NC2=O,Cn1ccc(NC(=O)CN2C(=O)N[C@]3(CCc4ccccc43)C2=O)n1,3.3172978980586967,12,17,0.2988571524620056,0.28875672817230225,0.008389689028263092,0.1934751570224762,0.596003569662571,0.26663368940353394,0.1557539701461792,0.18581093847751617,0.14882506527415143
CC1=C(C(=NO1)C)CN(C)C2=NC=CC(=N2)C3=NC=CC(=C3)C(=O)O,Cc1noc(C)c1CN(C)c1nccc(-c2cc(C(=O)O)ccn2)n1,2.634374093319499,10,17,0.26775142550468445,0.1889878809452057,0.13903111219406128,0.21490344405174255,0.5957704186439514,0.2035779058933258,0.21993733942508698,0.2132977843284607,0.2417910447761194
CC1=C(C(=O)N(N=C1C)CC(=O)NC2=CC=C(C=C2)NC(=O)C)C#N,CC(=O)Nc1ccc(NC(=O)Cn2nc(C)c(C)c(C#N)c2=O)cc1,2.105245127579357,8,15,0.2821175456047058,-0.005707649514079094,0.3182600140571594,0.19587627053260803,0.5946699101477861,0.12271849066019058,0.3194980323314667,0.14036814868450165,0.1716867469879518
CN1CC(=O)N2CCN(C[C@@H]2C1=O)C(=O)C3=C4C(=CC=C3)N=CC=N4,CN1CC(=O)N2CCN(C(=O)c3cccc4nccnc34)C[C@@H]2C1=O,2.9843148704762825,11,17,0.07007133215665817,0.30049338936805725,0.22353595495224,0.21582329273223877,0.5941006764769554,0.21011841297149658,0.13992032408714294,0.2502620220184326,0.1384083044982699
CC1=CC(=NO1)C(=NCC2=CC=CC=C2)NNC(=O)C3=NOC(=C3)C,Cc1cc(C(=O)NNC(=NCc2ccccc2)c2cc(C)on2)no1,2.6816916207920283,10,15,0.3629217743873596,0.0984407365322113,0.13200825452804565,0.2300059199333191,0.5933707654476166,0.20583230257034302,0.32375678420066833,0.12486596405506134,0.0972644376899696
CC1=C2C(=CC=C1)C(=O)N(C=N2)CC(=O)NNC(=O)C3=CC=CN3C,Cc1cccc2c(=O)n(CC(=O)NNC(=O)c3cccn3C)cnc12,2.357498488923895,12,17,0.4772458076477051,-0.1067199558019638,0.22268730401992798,0.21703004837036133,0.5932131558656693,0.1762661635875702,0.4361513555049896,0.014355793595314026,0.24375
CN1C=NC2=C1C(=O)N(C(=O)N2C)CC(=O)N3CCC4=CC=CC=C43,Cn1cnc2c1c(=O)n(CC(=O)N1CCc3ccccc31)c(=O)n2C,2.3920901372755434,10,17,0.10880754888057709,0.18672415614128113,0.2972202003002167,0.1722089797258377,0.5927519053220749,0.16694627702236176,0.1519138067960739,0.21334397792816162,0.26047904191616766
CC1=CC=C(O1)C(=O)N2CCCCC2C3=NC(=NO3)C4=NC=CC=N4,Cc1ccc(C(=O)N2CCCCC2c2nc(-c3ncccn3)no2)o1,2.9674870784342513,10,16,-0.0622430294752121,0.4046313762664795,0.2503436207771301,0.16732752323150635,0.5927319675683975,0.1515408307313919,0.05084240064024925,0.33186984062194824,0.17857142857142858
C[C@]1(C(=O)N(C(=O)N1)NC(=O)C2=NC=CN=C2)CCC3=CC=CC=C3,C[C@]1(CCc2ccccc2)NC(=O)N(NC(=O)c2cnccn2)C1=O,2.8631805259475716,11,15,0.34012994170188904,0.14312392473220825,0.10901758074760437,0.23834361135959625,0.5922714471817017,0.25714075565338135,0.25667667388916016,0.14003288745880127,0.13142857142857142
CC1=NC=C(O1)C2=NC=C3C=NC(=CC3=C2)NC(=O)N4CCOCC4,Cc1ncc(-c2cc3cc(NC(=O)N4CCOCC4)ncc3cn2)o1,2.7780737862293297,9,15,0.104851633310318,0.2278311550617218,0.259152352809906,0.19342800974845886,0.5918351411819458,0.14448633790016174,0.19479691982269287,0.24215729534626007,0.2411764705882353
C[C@H](C1=NN2CCN(CC2=C1)C(=O)C3=NC4=CC=CC=C4C(=O)N3)O,C[C@@H](O)c1cc2n(n1)CCN(C(=O)c1nc3ccccc3c(=O)[nH]1)C2,3.324058532448113,12,17,0.32834723591804504,0.13342145085334778,0.12889015674591064,0.20386770367622375,0.5906588435173035,0.23578347265720367,0.2694947421550751,0.09554003924131393,0.2062146892655367
CC1=CC(=NC(=N1)NC2=CC=CC(=C2)C(=O)OC)NC3=NOC(=C3)C,COC(=O)c1cccc(Nc2nc(C)cc(Nc3cc(C)on3)n2)c1,2.3246640205753426,11,17,0.5139299631118774,0.10772828757762909,-0.031372085213661194,0.1996420919895172,0.5902861654758453,0.2933768033981323,0.2904110848903656,0.02179957926273346,0.16718266253869968
CC1=CC(=C(C=C1)OC)NC(=O)C2=NC(=NC=C2)NC3=NOC(=C3)C,COc1ccc(C)cc1NC(=O)c1ccnc(Nc2cc(C)on2)n1,2.2835740964149966,11,17,0.2966291010379791,0.11593570560216904,0.1768520474433899,0.18393605947494507,0.589416854083538,0.1580735445022583,0.270325630903244,0.14847129583358765,0.2275449101796407
C[C@@H](C1=NN2CCN(CC2=C1)C(=O)C3=NC4=CC=CC=C4C(=O)N3)O,C[C@H](O)c1cc2n(n1)CCN(C(=O)c1nc3ccccc3c(=O)[nH]1)C2,3.324058532448113,12,17,0.33603841066360474,0.13154762983322144,0.12157411873340607,0.2032809555530548,0.5891601592302322,0.2379523515701294,0.27206990122795105,0.09012705832719803,0.2062146892655367
C1C(CC1NC2=NC=CC(=N2)OC3=CC=CC=C3)C4C(=O)NC(=O)N4,O=C1NC(=O)C(C2CC(Nc3nccc(Oc4ccccc4)n3)C2)N1,3.072192768634462,12,14,0.4933522343635559,0.07573924213647842,0.020050901919603348,0.2251175045967102,0.5891423784196377,0.27109259366989136,0.2782118320465088,0.08921269327402115,0.30714285714285716
CC1=NN(C2=C1C=C(C=N2)C(=O)NC3=CC=C(C=C3)OCC(=O)N)C,Cc1nn(C)c2ncc(C(=O)Nc3ccc(OCC(N)=O)cc3)cc12,2.1036114559568606,9,15,0.09849973022937775,0.11122702062129974,0.3788405656814575,0.14352130889892578,0.588567316532135,0.04842580482363701,0.2233324646949768,0.22785794734954834,0.29337539432176657
C1CCN2C(=NN=C2CNC(=O)C3=CC=C(NC3=O)C4=CC=CO4)C1,O=C(NCc1nnc2n1CCCC2)c1ccc(-c2ccco2)[nH]c1=O,2.5689759990849677,12,17,0.3364310562610626,0.15456292033195496,0.09661084413528442,0.14181600511074066,0.587604820728302,0.20765875279903412,0.2181481122970581,0.07450228184461594,0.22105263157894736
CN1C2=CC=CC(=C2OC1=O)C(=O)NC3=CN=CN=C3N4CCCC4,Cn1c(=O)oc2c(C(=O)Nc3cncnc3N3CCCC3)cccc21,2.57946854386895,9,15,0.08798456192016602,0.09113246202468872,0.4083484709262848,0.23006084561347961,0.5874654948711395,0.14310277998447418,0.2442052960395813,0.21655450761318207,0.21081081081081082
CC1=CC(=NN1C2=NC=C(C=C2)NC(=O)CNC(=O)C3=CC=CO3)C,Cc1cc(C)n(-c2ccc(NC(=O)CNC(=O)c3ccco3)cn2)n1,2.2309158082243137,12,17,0.2477724552154541,0.11940865218639374,0.22015753388404846,0.18994736671447754,0.5873386412858963,0.15008988976478577,0.31234675645828247,0.10449711233377457,0.13994910941475827
C[C@@]1(C(=O)N(C(=O)N1)NC(=O)C2=NC=CN=C2)CCC3=CC=CC=C3,C[C@@]1(CCc2ccccc2)NC(=O)N(NC(=O)c2cnccn2)C1=O,2.8631805259475716,11,15,0.33080846071243286,0.14510628581047058,0.11109401285648346,0.23446159064769745,0.5870087593793869,0.2524603605270386,0.25057920813560486,0.14140525460243225,0.13142857142857142
CC1=NC2=C(CN(C2)CC3=CC(=O)N4C=CC=C(C4=N3)O)C(=O)N1C,Cc1nc2c(c(=O)n1C)CN(Cc1cc(=O)n3cccc(O)c3n1)C2,2.904488818594224,10,17,0.26678186655044556,0.041955165565013885,0.27782386541366577,0.24037331342697144,0.5865608975291252,0.18653419613838196,0.29634615778923035,0.16150474548339844,0.23376623376623376
CC1=CC(=O)C(=NN1C2=CC=CC=C2)C(=O)N[C@H](C)C3=NC(=NO3)C,Cc1noc([C@@H](C)NC(=O)c2nn(-c3ccccc3)c(C)cc2=O)n1,2.804658043359737,9,15,0.3373854160308838,0.04088353365659714,0.2082296907901764,0.21551498770713806,0.5864986404776573,0.20033963024616241,0.33633244037628174,0.08059526234865189,0.12562814070351758
CCOC(=O)C1=C(NC(=C1C)/C=C\2/C(=NNC2=O)C3=NC=CN=C3)C,CCOC(=O)c1c(C)[nH]c(/C=C2\C(=O)NN=C2c2cnccn2)c1C,2.9671387087041143,10,17,0.19888374209403992,0.2585390508174896,0.1289616823196411,0.16819924116134644,0.5863844752311707,0.21895284950733185,0.132441446185112,0.1985173523426056,0.12935323383084577
CC1=NC=CC(=C1OC)NC(=O)CCC2=NC(=NO2)C3=CC=NC=C3,COc1c(NC(=O)CCc2nc(-c3ccncc3)no2)ccnc1C,2.3803570054074115,9,15,0.3822401165962219,0.19214174151420593,0.011641854420304298,0.205287367105484,0.5860237125307322,0.2540276348590851,0.24632832407951355,0.12927088141441345,0.31446540880503143
CC1=C(C(=O)N2C(=N1)C=CN2C3=CC=CC=N3)C(=O)N4CCOCC4,Cc1nc2ccn(-c3ccccn3)n2c(=O)c1C(=O)N1CCOCC1,2.7988973900227965,9,15,0.1375572383403778,0.15381880104541779,0.29464447498321533,0.17358461022377014,0.5860205143690109,0.13109064102172852,0.21941688656806946,0.18500857055187225,0.20725388601036268
COC1=CC=CC=C1C2=CC(=NN3C2=NN=C3)C(=O)N4CCOCC4,COc1ccccc1-c1cc(C(=O)N2CCOCC2)nn2cnnc12,2.445081373162944,9,15,0.033179063349962234,0.2920988202095032,0.25975626707077026,0.12079504132270813,0.5850341506302357,0.11426945775747299,0.09852748364210129,0.2424096018075943,0.30618892508143325
CN1C2=C(C(=N1)C(=O)N3CCCC4=C3C=CC=C4OC)N=CNC2=O,COc1cccc2c1CCCN2C(=O)c1nn(C)c2c(=O)[nH]cnc12,2.776932059578593,10,17,0.3775917589664459,0.036240674555301666,0.1705310046672821,0.2056008279323578,0.5843634381890297,0.2216693013906479,0.2894362211227417,0.08584000170230865,0.2572178477690289
C[C@@H]1[C@H](N(CCO1)C(=O)C2=C3C(=CC=C2)N=CC=N3)C4=NC(=NO4)C,Cc1noc([C@@H]2[C@@H](C)OCCN2C(=O)c2cccc3nccnc23)n1,3.542234511942328,11,17,0.2253054678440094,0.14134134352207184,0.21759569644927979,0.1545049250125885,0.584242507815361,0.15659573674201965,0.2407088428735733,0.12549461424350739,0.13577023498694518
CC1=NC=C(C=C1)C(=O)NC2=NNC(=N2)C3=CC(=C(C=C3)OC)OC,COc1ccc(-c2nc(NC(=O)c3ccc(C)nc3)n[nH]2)cc1OC,2.199999881897117,11,17,0.07636602222919464,0.3442620038986206,0.1631380319595337,0.16331720352172852,0.5837660580873489,0.19032630324363708,0.10248024016618729,0.23753444850444794,0.3985239852398524
COC1=CC=CC(=C1)C2=CC(=NC=N2)NC(=O)[C@H]3CN(CCO3)C#N,COc1cccc(-c2cc(NC(=O)[C@H]3CN(C#N)CCO3)ncn2)c1,3.1786927686344626,12,17,0.38238078355789185,0.04764942079782486,0.15366306900978088,0.17774055898189545,0.5836932733654976,0.20539218187332153,0.30126097798347473,0.05482613295316696,0.42805755395683454
CCN(CC1=NC2=CC=CC=C2C(=O)N1)C(=O)C3=NN(C(=O)C=C3)C,CCN(Cc1nc2ccccc2c(=O)[nH]1)C(=O)c1ccc(=O)n(C)n1,2.4489503570557627,11,17,0.37069040536880493,0.05178264155983925,0.16103321313858032,0.265169233083725,0.5835062600672245,0.2391693890094757,0.3464776873588562,0.10817482322454453,0.2347266881028939
COC1=CC=CC=C1NC(=O)CN2N=C(N=N2)COC3=CC=CC=C3,COc1ccccc1NC(=O)Cn1nnc(COc2ccccc2)n1,2.015480740918475,11,15,0.2839880883693695,0.20936329662799835,0.09008300304412842,0.20918449759483337,0.5834343880414963,0.2444986253976822,0.2095177322626114,0.16577959060668945,0.2048611111111111
CC1=CC(=NO1)NC2=NN=C(C=C2)NC(=O)CCOC3=CC=CC=C3,Cc1cc(Nc2ccc(NC(=O)CCOc3ccccc3)nn2)no1,2.2797905407077277,11,15,0.4019128680229187,0.07776343822479248,0.10330276936292648,0.22611205279827118,0.5829790756106377,0.20019283890724182,0.3130227029323578,0.1398760974407196,0.28052805280528054
CN1C2=CC=CC=C2C(=CC1=O)C(=O)NC3=NNC(=N3)[C@@H]4CCCO4,Cn1c(=O)cc(C(=O)Nc2n[nH]c([C@@H]3CCCO3)n2)c2ccccc21,3.014988922480616,12,17,0.1949440985918045,0.16739560663700104,0.22051316499710083,0.11384586989879608,0.5828528702259064,0.18247902393341064,0.13758434355258942,0.12085472047328949,0.2740963855421687
CN1C2=CC=CC=C2C(=CC1=O)C(=O)NC3=NNC(=N3)[C@H]4CCCO4,Cn1c(=O)cc(C(=O)Nc2n[nH]c([C@H]3CCCO3)n2)c2ccccc21,3.014988922480616,12,17,0.1919153779745102,0.171474426984787,0.2187173068523407,0.11240389943122864,0.5821071118116379,0.18024571239948273,0.13611896336078644,0.12229973077774048,0.2740963855421687
COC1=CN=C(C=C1)CNC(=O)C2=NC(=NC3=C2C=CC=C3OC)N,COc1ccc(CNC(=O)c2nc(N)nc3c(OC)cccc23)nc1,2.385325775721606,11,17,0.39393219351768494,0.1640649437904358,0.023754466325044632,0.21846604347229004,0.5817516036331654,0.25831252336502075,0.27686357498168945,0.11107392609119415,0.2889733840304182
CC1(C(=O)N(C(=O)N1)NC(=O)C2=NC=CN=C2)CCC3=CC=CC=C3,CC1(CCc2ccccc2)NC(=O)N(NC(=O)c2cnccn2)C1=O,2.8631805259475716,11,15,0.37522393465042114,0.10378366708755493,0.1018325462937355,0.24252130091190338,0.5808401480317116,0.2512553036212921,0.27232933044433594,0.12801381945610046,0.13142857142857142
CCOC1=CC=CC=C1C(=O)NC2=CC=C(C=C2)N3C(=O)N(N=N3)C,CCOc1ccccc1C(=O)Nc1ccc(-n2nnn(C)c2=O)cc1,2.06037019608997,10,15,0.20520831644535065,0.13517075777053833,0.2403745949268341,0.21459223330020905,0.5807536691427231,0.15953665971755981,0.25596749782562256,0.19332873821258545,0.1976401179941003
CC1=CC(=NO1)NC2=NC=NC(=C2)C(=O)NCC3=CC=C(C=C3)OC,COc1ccc(CNC(=O)c2cc(Nc3cc(C)on3)ncn2)cc1,2.251451236176644,10,15,0.4765061140060425,0.006573071703314781,0.0975128710269928,0.23532530665397644,0.5805920567363501,0.20918838679790497,0.3610118627548218,0.08766742050647736,0.21630094043887146
C1CN(C(=O)NC1=O)CC(=O)NCC2=CN=C(C=N2)C3=CC=CC=C3,O=C(CN1CCC(=O)NC1=O)NCc1cnc(-c2ccccc2)cn1,2.3982358515612567,11,15,0.2560308873653412,0.23355358839035034,0.09096863865852356,0.2561299502849579,0.5805531144142151,0.26473909616470337,0.2665233016014099,0.15416200459003448,0.2150170648464164
CC1=NN(C(=C1)NC(=O)COC(=O)C2=CC=C(C=C2)N3C=CC=N3)C,Cc1cc(NC(=O)COC(=O)c2ccc(-n3cccn3)cc2)n(C)n1,2.19944408558076,10,15,0.2656688690185547,0.19737088680267334,0.11713338643312454,0.13787032663822174,0.5801731422543526,0.15260763466358185,0.2328718900680542,0.12573453783988953,0.17231638418079095
CN(C)C(=O)NCC1=NC=CC(=C1)C(=O)NC2=NC3=CC=CC=C3O2,CN(C)C(=O)NCc1cc(C(=O)Nc2nc3ccccc3o2)ccn1,2.374556978321822,11,16,0.4896741509437561,0.06482017785310745,0.02454838529229164,0.28619498014450073,0.5790427140891552,0.27015626430511475,0.3687498867511749,0.10417380928993225,0.16666666666666666
COC1=CC=CC(=C1)C2=NN(N=N2)CC(=O)NC3=CC=CC=C3OC,COc1cccc(-c2nnn(CC(=O)Nc3ccccc3OC)n2)c1,1.95373200540741,12,17,0.25075799226760864,0.2256256341934204,0.10258220881223679,0.18244053423404694,0.5789658352732658,0.22561649978160858,0.19229693710803986,0.1565866470336914,0.3007246376811594
CC1=CN2C3=C(N=C2N1C4=CC=CC=C4OC)N(C(=O)N(C3=O)C)C,COc1ccccc1-n1c(C)cn2c3c(=O)n(C)c(=O)n(C)c3nc12,2.4705830087518947,9,17,0.03319377824664116,0.158387690782547,0.3873056173324585,0.16380804777145386,0.5788870863616467,0.0691995918750763,0.1832980513572693,0.2607584595680237,0.2626582278481013
CC(=O)NC1=CC=CC=C1OCCNC(=O)C2=C3C=CC=NC3=NN2,CC(=O)Nc1ccccc1OCCNC(=O)c1[nH]nc2ncccc12,2.3320262361766417,13,17,0.22373762726783752,0.1456776261329651,0.2088242769241333,0.16745632886886597,0.5782395303249359,0.1414813995361328,0.2450297474861145,0.15297842025756836,0.297029702970297
CCOC(=O)C1=C2CC3=C(N=NN3C4=C(N2C=N1)C=CC(=C4)CO)C,CCOC(=O)c1ncn2c1Cc1c(C)nnn1-c1cc(CO)ccc1-2,3.0163730129913766,10,17,0.28064072132110596,0.12730014324188232,0.17016416788101196,0.13078929483890533,0.5781050324440002,0.15640738606452942,0.2235870063304901,0.10675123333930969,0.12928759894459102
CC1=NN(C(=N1)C)C2CN(C2)C(=O)CN3C(=O)C4=CC=CC=C4C3=O,Cc1nc(C)n(C2CN(C(=O)CN3C(=O)c4ccccc4C3=O)C2)n1,2.4696117712936996,7,12,0.08667359501123428,0.32083967328071594,0.17005139589309692,0.1822570562362671,0.5775646641850471,0.1934661865234375,0.15060630440711975,0.21921789646148682,0.13569321533923304
CC1=NOC(=C1)CC(=O)N2CCC[C@H]2C3=NC(=NO3)C4=CC=CC=N4,Cc1cc(CC(=O)N2CCC[C@H]2c2nc(-c3ccccn3)no2)on1,3.0150343913952646,11,17,0.01953360252082348,0.5038223266601562,0.053811945021152496,0.17876888811588287,0.5771678742021322,0.23085610568523407,0.03073473647236824,0.3108629286289215,0.20105820105820105
CC(C1=NOC(=N1)CN(C)C2=NC=NC3=C2OC4=CC=CC=C43)OC,COC(C)c1noc(CN(C)c2ncnc3c2oc2ccccc23)n1,3.3115446917113855,10,17,0.2140519618988037,0.05568252503871918,0.3072960376739502,0.2206231653690338,0.5770305246114731,0.15430989861488342,0.2890925407409668,0.15966945886611938,0.1850828729281768
CC1=C(C(=NN1CC(=O)O)C)NC(=O)C2=CC=CC=C2N3C=CC=N3,Cc1nn(CC(=O)O)c(C)c1NC(=O)c1ccccc1-n1cccn1,2.2894031043085104,12,17,0.27114030718803406,0.17331790924072266,0.13249973952770233,0.19700658321380615,0.576957955956459,0.20254585146903992,0.2781146764755249,0.09733536839485168,0.13172043010752688
CC1=CC(=O)C(=NN1C2=CC=CC=C2)C(=O)N[C@@H](C)C3=NC(=NO3)C,Cc1noc([C@H](C)NC(=O)c2nn(-c3ccccc3)c(C)cc2=O)n1,2.804658043359737,9,15,0.3321837782859802,0.03715316206216812,0.20679403841495514,0.21146458387374878,0.5761309787631035,0.195946604013443,0.33212193846702576,0.07791699469089508,0.12562814070351758
CC(C)C1=NOC(=C1)C(=O)N2CC[C@H]2C3=NC(=NO3)C4=CN=CC=C4,CC(C)c1cc(C(=O)N2CC[C@H]2c2nc(-c3cccnc3)no2)on1,3.095983153249847,10,16,-0.06690279394388199,0.5119973421096802,0.12937207520008087,0.18638654053211212,0.5744666233658791,0.20277389883995056,0.017631202936172485,0.3433317542076111,0.18848167539267016
CC1=NON=C1[C@@H]2CCCN2C(=O)CN3C=NC4=CC=CC=C4C3=O,Cc1nonc1[C@@H]1CCCN1C(=O)Cn1cnc2ccccc2c1=O,2.9390581532498476,11,17,0.10049708932638168,0.3784031271934509,0.09529601037502289,0.21906691789627075,0.5741962268948555,0.2707633376121521,0.11479666829109192,0.2223856896162033,0.22285714285714286
C1CN(CC2=C1C(=O)NC(=N2)N)C(=O)C[C@H]3C4=CC=CC=C4C(=O)N3,Nc1nc2c(c(=O)[nH]1)CCN(C(=O)C[C@@H]1NC(=O)c3ccccc31)C2,3.262747373184842,12,17,0.3691093921661377,0.356375515460968,-0.15151426196098328,0.26672375202178955,0.5739706456661224,0.3631720542907715,0.219783216714859,0.13166071474552155,0.2631578947368421
CC1=NON=C1[C@H]2CCCN2C(=O)CN3C=NC4=CC=CC=C4C3=O,Cc1nonc1[C@H]1CCCN1C(=O)Cn1cnc2ccccc2c1=O,2.9390581532498476,11,17,0.0963410958647728,0.38317418098449707,0.09443211555480957,0.2192559391260147,0.5739473924040794,0.27061718702316284,0.1115739494562149,0.2262367308139801,0.22285714285714286
CC(C)C1=NOC(=C1)C(=O)N2CC[C@@H]2C3=NC(=NO3)C4=CN=CC=C4,CC(C)c1cc(C(=O)N2CC[C@@H]2c2nc(-c3cccnc3)no2)on1,3.095983153249847,10,16,-0.06566765904426575,0.5111726522445679,0.12766233086585999,0.18565276265144348,0.5731673240661621,0.20196405053138733,0.01662185974419117,0.3434388041496277,0.18848167539267016
COC1=C(N=CC=C1)CNC(=O)C2=NC(=NC3=C2C=CC=C3OC)N,COc1cccnc1CNC(=O)c1nc(N)nc2c(OC)cccc12,2.4317669458191133,11,17,0.3331194519996643,0.1815422773361206,0.05781564861536026,0.19700926542282104,0.5724773779511452,0.22810356318950653,0.252502977848053,0.12798646092414856,0.2783882783882784
CCOC1=CC=C(C=C1)NC(=O)C2=CC(=NC=N2)NC3=NOC(=C3)C,CCOc1ccc(NC(=O)c2cc(Nc3cc(C)on3)ncn2)cc1,2.2480570054074125,10,15,0.4596107602119446,-0.09085916727781296,0.20366081595420837,0.2367192953824997,0.57241240888834,0.16524013876914978,0.38464802503585815,0.09456750750541687,0.25077399380804954
COC1=CC=CC=C1OCC(=O)NCC2=NN=NN2C3=CC=CC=C3,COc1ccccc1OCC(=O)NCc1nnnn1-c1ccccc1,1.9322463889690553,11,15,0.22841374576091766,0.2631535530090332,0.0805669054389,0.1396435648202896,0.5721342042088509,0.17400828003883362,0.19606074690818787,0.15021556615829468,0.21160409556313994
CC1=CC(=NO1)NC2=NN=C(C=C2)NC(=O)CC3=CC=C(C=C3)OC,COc1ccc(CC(=O)Nc2ccc(Nc3cc(C)on3)nn2)cc1,2.259847390022795,10,15,0.3492066562175751,0.034596025943756104,0.18788594007492065,0.21690824627876282,0.5716886222362518,0.16203846037387848,0.3248310089111328,0.12687784433364868,0.2356687898089172
CC(=O)NCC(=O)NC1=CC=CC(=C1)CN2C(=O)N3C=CC=CC3=N2,CC(=O)NCC(=O)Nc1cccc(Cn2nc3ccccn3c2=O)c1,2.1892856890477166,13,17,0.2690660357475281,0.14633019268512726,0.1562904417514801,0.21540604531764984,0.5716866701841354,0.2061769664287567,0.2671773135662079,0.1270390897989273,0.22468354430379747
CC1=CC=C(O1)C2=NN(C=C2C(=O)NNC(=O)NC)C3=CC=CC=C3,CNC(=O)NNC(=O)c1cn(-c2ccccc2)nc1-c1ccc(C)o1,2.3645311928396975,11,15,0.4953903555870056,0.17095279693603516,-0.09494850039482117,0.23278042674064636,0.5713946521282196,0.3123132586479187,0.3100437819957733,0.03166884928941727,0.1455026455026455
CC(=O)NC1=CC=CC(=C1)C(=O)NCC2=NC(=NO2)C3=CC=CN3C,CC(=O)Nc1cccc(C(=O)NCc2nc(-c3cccn3C)no2)c1,2.3191372600119617,12,17,0.09132637083530426,0.24635609984397888,0.23332539200782776,0.15136992931365967,0.5710078626871109,0.10796047747135162,0.198868989944458,0.20984488725662231,0.2433234421364985
C1COCCN1C2=C(C=CC=N2)C(=O)NC3=CC4=C(C=C3)NC(=O)N4,O=C(Nc1ccc2[nH]c(=O)[nH]c2c1)c1cccnc1N1CCOCC1,2.2663237335422917,11,15,0.24540963768959045,0.09637966006994247,0.2287825495004654,0.183449387550354,0.5705718472599983,0.15376323461532593,0.2776259183883667,0.1249643936753273,0.2222222222222222
CC1=NC=CN1C2=NC=NC(=C2)NC(=O)C3=C(C(=CC=C3)OC)OC,COc1cccc(C(=O)Nc2cc(-n3ccnc3C)ncn2)c1OC,2.33648590573244,11,17,0.09931112825870514,0.321429580450058,0.14981859922409058,0.19366033375263214,0.5705593079328537,0.1723543405532837,0.16454137861728668,0.24250423908233643,0.2453416149068323
CC(=O)N1CCC2=C1C=CC(=C2)NC3=C(C(=O)N(C(=O)N3C)C)C#N,CC(=O)N1CCc2cc(Nc3c(C#N)c(=O)n(C)c(=O)n3C)ccc21,2.5787163945476834,9,17,-0.010420486330986023,0.22797875106334686,0.35258013010025024,0.10882007330656052,0.5701383948326111,0.08207331597805023,0.073826365172863,0.2606978416442871,0.2507204610951009
CC1=NC(=NO1)C2CCCN(C2)C(=O)C3=NNC(=O)C4=CC=CC=C43,Cc1nc(C2CCCN(C(=O)c3n[nH]c(=O)c4ccccc34)C2)no1,2.905358153249848,11,17,0.1251257210969925,0.3196169137954712,0.12512925267219543,0.2092464417219162,0.5698718875646591,0.24553227424621582,0.13746842741966248,0.20970988273620605,0.1634349030470914
CCOC(=O)CC(=O)NC1=NNC(=C1)C2=NC3=CC=CC=C3N=C2C,CCOC(=O)CC(=O)Nc1cc(-c2nc3ccccc3nc2C)[nH]n1,2.4768313011820595,11,17,0.26345691084861755,0.17323735356330872,0.13306115567684174,0.21148329973220825,0.569755420088768,0.19994786381721497,0.25138917565345764,0.15770208835601807,0.2607361963190184
CCOC1=CC=CC=C1NC(=O)COC2=CC=C(C=C2)N3C=NN=N3,CCOc1ccccc1NC(=O)COc1ccc(-n2cnnn2)cc1,1.9707557672619949,11,15,0.34105029702186584,0.046831995248794556,0.18168193101882935,0.1760820746421814,0.5695642232894897,0.1485196352005005,0.3014315366744995,0.11045277118682861,0.23843416370106763
CC1=NON=C1C2CCCN2C(=O)CN3C=NC4=CC=CC=C4C3=O,Cc1nonc1C1CCCN1C(=O)Cn1cnc2ccccc2c1=O,2.9390581532498476,11,17,0.130054771900177,0.3473326563835144,0.09130970388650894,0.20621582865715027,0.5686971321702003,0.257537305355072,0.13159117102622986,0.20202888548374176,0.22285714285714286
CC1=CC(=NO1)NC(=O)C2=C3C=CC=CN3C(=N2)C(=O)N4CCCC4,Cc1cc(NC(=O)c2nc(C(=O)N3CCCC3)n3ccccc23)no1,2.5354454669458732,9,15,0.207699254155159,0.043380312621593475,0.3173239231109619,0.19195903837680817,0.5684034898877144,0.12199143320322037,0.28217893838882446,0.15819281339645386,0.16756756756756758
CN1CC(=O)N2CCN(C[C@H]2C1=O)C(=O)C3=C4C(=CC=C3)N=CC=N4,CN1CC(=O)N2CCN(C(=O)c3cccc4nccnc34)C[C@H]2C1=O,2.9843148704762825,11,17,0.06905783712863922,0.2730957269668579,0.22590738534927368,0.2052486389875412,0.5680609494447708,0.19803190231323242,0.14046046137809753,0.23095977306365967,0.1384083044982699
COC1=CC=CC=C1CNC(=O)CN2C(=O)N(N=N2)C3=CC=CC=C3,COc1ccccc1CNC(=O)Cn1nnn(-c2ccccc2)c1=O,2.037972390022796,11,15,0.301972359418869,0.16000699996948242,0.10600640624761581,0.1933414787054062,0.5679857656359673,0.20876389741897583,0.23984894156455994,0.13842159509658813,0.17971014492753623
COC1=C(C(=CC=C1)OC)C(=O)NCC2=NN=NN2C3=CC=CC=C3,COc1cccc(OC)c1C(=O)NCc1nnnn1-c1ccccc1,2.041864697715104,8,12,0.3831784129142761,0.17566844820976257,0.009107680991292,0.20785829424858093,0.5679545421153307,0.23392051458358765,0.2753826081752777,0.121351458132267,0.15384615384615385
C[C@@H](C1=CC2=C(O1)C(=CC=C2)OC)NC3=NC4=C(C=NN4C)C(=O)N3,COc1cccc2cc([C@H](C)Nc3nc4c(cnn4C)c(=O)[nH]3)oc12,3.205576408937821,11,17,0.5189570188522339,-0.1807321161031723,0.22972536087036133,0.18612147867679596,0.5679502636194229,0.17763689160346985,0.3974296748638153,-0.02179260365664959,0.3741935483870968
CC1=CC(=C2C(=NN(C2=N1)C)C)C(=O)NC3=C(C(=CC=C3)[N+](=O)[O-])C,Cc1cc(C(=O)Nc2cccc([N+](=O)[O-])c2C)c2c(C)nn(C)c2n1,2.2486912814255096,9,17,0.45768386125564575,-0.053925737738609314,0.16414543986320496,0.22893211245536804,0.5679035633802414,0.2144608199596405,0.38924553990364075,0.0198398195207119,0.1887905604719764
CC1=NN(C(=O)C=C1)CCNC(=O)CN2C=NC3=CC=CC=C3C2=O,Cc1ccc(=O)n(CCNC(=O)Cn2cnc3ccccc3c2=O)n1,2.175078755136555,12,17,0.3326374888420105,0.19747741520404816,0.03719555586576462,0.23855820298194885,0.5673104599118233,0.2723875939846039,0.2922714650630951,0.08661431074142456,0.25
COC1=CC=CC2=C1N=C(N=C2C(=O)NCC3=NC(=CC=C3)OC)N,COc1cccc(CNC(=O)c2nc(N)nc3c(OC)cccc23)n1,2.410112341268734,11,17,0.46913373470306396,0.07347294688224792,0.02436278760433197,0.22213926911354065,0.5669694691896439,0.271126389503479,0.32029733061790466,0.05257652327418327,0.27402135231316727
CCOC1=CC=CC=C1CNC(=O)CC2=NN=C(O2)C3=NC=CN=C3,CCOc1ccccc1CNC(=O)Cc1nnc(-c2cnccn2)o1,2.32804723196168,12,17,0.17365619540214539,0.14048133790493011,0.25240272283554077,0.19071343541145325,0.5665402561426163,0.13122613728046417,0.21422554552555084,0.22308120131492615,0.23391812865497075
C1CCC2=C(CC1)ON=C2CN3C=C(N=N3)C4=NC(=CC=C4)C(=O)O,O=C(O)c1cccc(-c2cn(Cc3noc4c3CCCCC4)nn2)n1,2.8406716787477695,11,17,0.034970976412296295,0.4600783586502075,0.07097702473402023,0.21600407361984253,0.566026359796524,0.25650763511657715,0.05254790186882019,0.30537617206573486,0.15942028985507245
CC1=CC=CC2=NC(=CC(=O)N12)COC(=O)CN(C)C3=NC=CC=N3,Cc1cccc2nc(COC(=O)CN(C)c3ncccn3)cc(=O)n12,2.6379010736631,10,16,0.19572240114212036,0.27016502618789673,0.09861744940280914,0.20424388349056244,0.5645048767328262,0.21477268636226654,0.17181384563446045,0.21549174189567566,0.34657039711191334
C1CCC(C1)C2=CC(=NN2)NC(=O)C3=CC=CC(=C3)C4=NOC(=O)N4,O=C(Nc1cc(C2CCCC2)[nH]n1)c1cccc(-c2noc(=O)[nH]2)c1,2.8264404880206886,11,15,-0.052534718066453934,0.18601630628108978,0.4298536777496338,0.1318533569574356,0.5633352659642696,0.0694291964173317,0.07833149284124374,0.2772136926651001,0.25513196480938416
CN1C2=C(C=C(C=N2)NC(=O)CCC3=CN=CC=C3)C(=O)N(C1=O)C,Cn1c(=O)c2cc(NC(=O)CCc3cccnc3)cnc2n(C)c1=O,2.254795631781038,11,17,0.19002701342105865,0.23109617829322815,0.14216721057891846,0.20000863075256348,0.5632904022932053,0.20132707059383392,0.17092260718345642,0.21673893928527832,0.3240418118466899
CN1C(=O)C(=CNC1=O)CC(=O)N(C)CC2=NC3=CC=CC=C3N=C2,CN(Cc1cnc2ccccc2n1)C(=O)Cc1c[nH]c(=O)n(C)c1=O,2.550329917495324,11,17,0.37429389357566833,-0.029824621975421906,0.2180463820695877,0.22633624076843262,0.5625156536698341,0.1813639998435974,0.3760777711868286,0.06685599684715271,0.2360655737704918
CC1=CC(=CC(=C1)C2=NN(C=N2)/C=C\C(=O)N3C(=O)CC(=O)N3C)C,Cc1cc(C)cc(-c2ncn(/C=C\C(=O)N3C(=O)CC(=O)N3C)n2)c1,3.3717749819960403,8,14,-0.0067571233958005905,0.2917782664299011,0.2772182524204254,0.16499736905097961,0.562239395454526,0.10795432329177856,0.13793127238750458,0.2736053466796875,0.2364217252396166
CCCN1C(=O)C=CC(=N1)C(=O)NC2=CC=CC=C2C3=NOC(=N3)C,CCCn1nc(C(=O)Nc2ccccc2-c2noc(C)n2)ccc1=O,2.2804616370433823,11,17,0.22201383113861084,0.2129758894443512,0.12708023190498352,0.19539719820022583,0.5620699524879456,0.17990145087242126,0.24677208065986633,0.15968488156795502,0.23433242506811988
CC1=CC(=NO1)NC2=NC=C(N=C2)C(=O)NCC3=CC=CC=C3OC,COc1ccccc1CNC(=O)c1cnc(Nc2cc(C)on2)cn1,2.30042431309972,12,17,0.3150235414505005,0.14007768034934998,0.10644747316837311,0.18893247842788696,0.5615486949682236,0.18972331285476685,0.24836412072181702,0.13821041584014893,0.1871345029239766
CN1C2=C(C(=O)N(C1=O)C)N(C=N2)CCCC3=NC4=CC=CC=C4O3,Cn1c(=O)c2c(ncn2CCCc2nc3ccccc3o2)n(C)c1=O,2.4536984734464156,10,17,0.11778560280799866,0.18279698491096497,0.26044487953186035,0.18855509161949158,0.561027467250824,0.1521187424659729,0.19539515674114227,0.20473575592041016,0.20364741641337386
CC1=CC(=NN1)C2=CC3=C(C=C2)N(C(=O)N3C)C4CCC(=O)NC4=O,Cc1cc(-c2ccc3c(c2)n(C)c(=O)n3C2CCC(=O)NC2=O)n[nH]1,3.222594307096001,11,17,0.30452242493629456,0.2298671305179596,0.02599276229739189,0.18398717045783997,0.560382317751646,0.2475653886795044,0.20908167958259583,0.11499709635972977,0.23668639053254437
CC1=NOC(=C1)CC(=O)N2CCC[C@@H]2C3=NC(=NO3)C4=CC=CC=N4,Cc1cc(CC(=O)N2CCC[C@@H]2c2nc(-c3ccccn3)no2)on1,3.0150343913952646,11,17,0.006721393205225468,0.49830591678619385,0.054962873458862305,0.16964352130889893,0.5599901834502816,0.2211507260799408,0.021238945424556732,0.3075486123561859,0.20105820105820105
CC(=O)C(C(=O)N(C)C)N1C=NC2=C(C1=O)C=NN2C3=CC=CC=C3,CC(=O)C(C(=O)N(C)C)n1cnc2c(cnn2-c2ccccc2)c1=O,2.975070026159546,8,14,0.06821827590465546,0.22178839147090912,0.26991185545921326,0.19891539216041565,0.5599185228347778,0.14976170659065247,0.19214561581611633,0.22070953249931335,0.24853801169590642
CCOC1=CC=C(C=C1)NC2=NN=C(C=C2)C(=O)NC3=NOC(=C3)C,CCOc1ccc(Nc2ccc(C(=O)Nc3cc(C)on3)nn2)cc1,2.2166550823304885,10,15,0.5054357647895813,-0.1492341011762619,0.2035031020641327,0.20608504116535187,0.5597047656774521,0.1458805501461029,0.39101046323776245,0.043401122093200684,0.20760233918128654
CC1=CC=C(C=C1)N2C3=C(C=N2)C(=O)N(C=N3)NC(=O)C4CCCO4,Cc1ccc(-n2ncc3c(=O)n(NC(=O)C4CCCO4)cnc32)cc1,2.976308153249846,10,15,0.2709595263004303,0.016478892415761948,0.2716105580329895,0.1108320876955986,0.5590489767491817,0.12168911844491959,0.24318954348564148,0.06441435217857361,0.26011560693641617
CNC(=O)CN1C=C(C=N1)NC(=O)C2=NC3=CC=CC=C3C(=C2)OC,CNC(=O)Cn1cc(NC(=O)c2cc(OC)c3ccccc3n2)cn1,2.2266898060574665,12,17,0.33455032110214233,0.29981669783592224,-0.07548560202121735,0.22670921683311462,0.5588814169168472,0.27824753522872925,0.21698880195617676,0.1621505320072174,0.23333333333333334
CN1C(=O)N(C(=N1)NC(=O)C2=COC(=N2)C3CCC3)C4=CC=CC=C4,Cn1nc(NC(=O)c2coc(C3CCC3)n2)n(-c2ccccc2)c1=O,2.692669437693434,9,14,0.11028888076543808,0.029117226600646973,0.41904395818710327,0.20518723130226135,0.5584500655531883,0.08406321704387665,0.27771249413490295,0.19845567643642426,0.1893939393939394
CC1=C(N2C3=C(N=C2N1C4=CC=CC=C4OC)N(C(=O)NC3=O)C)C,COc1ccccc1-n1c(C)c(C)n2c3c(=O)[nH]c(=O)n(C)c3nc12,2.5661054167786492,9,17,0.15773329138755798,0.1389024257659912,0.26127442717552185,0.17558395862579346,0.557910144329071,0.10485513508319855,0.22658759355545044,0.20668409764766693,0.2601880877742947
CN1C=C(C=N1)NC(=O)COC2=CC3=C(C=C2)N=C4CCCN4C3=O,Cn1cc(NC(=O)COc2ccc3nc4n(c(=O)c3c2)CCC4)cn1,2.3601185438689516,11,17,0.11561636626720428,0.27730754017829895,0.16452829539775848,0.11568648368120193,0.5574522018432617,0.15291187167167664,0.10355693101882935,0.1945389062166214,0.34591194968553457
C[C@H](C1=CC2=C(O1)C(=CC=C2)OC)NC3=NC4=C(C=NN4C)C(=O)N3,COc1cccc2cc([C@@H](C)Nc3nc4c(cnn4C)c(=O)[nH]3)oc12,3.205576408937821,11,17,0.5259778499603271,-0.19948352873325348,0.229971781373024,0.18507295846939087,0.5564661026000977,0.17607492208480835,0.40145257115364075,-0.03036888688802719,0.3741935483870968
CC(=O)C1=CC=C(C=C1)NC(=O)CCN2C=NC3=C(C2=O)C=NN3C,CC(=O)c1ccc(NC(=O)CCn2cnc3c(cnn3C)c2=O)cc1,2.149606401011807,9,15,0.15974900126457214,0.19722184538841248,0.19947880506515503,0.17305296659469604,0.5564496517181396,0.1813383847475052,0.19066238403320312,0.15721634030342102,0.2977346278317152
C1CN(CC2=C1C(=O)NC(=N2)N)C(=O)C[C@@H]3C4=CC=CC=C4C(=O)N3,Nc1nc2c(c(=O)[nH]1)CCN(C(=O)C[C@H]1NC(=O)c3ccccc31)C2,3.262747373184842,12,17,0.3615838289260864,0.3557444214820862,-0.1612611711025238,0.2624038755893707,0.5560670793056488,0.35992351174354553,0.21103492379188538,0.12622550129890442,0.2631578947368421
CC1=C(C=NN1C2=CC=CC=C2)C(C)NC(=O)C3=CNC(=O)NC3=O,Cc1c(C(C)NC(=O)c2c[nH]c(=O)[nH]c2=O)cnn1-c1ccccc1,2.780931669733363,11,15,0.4452032744884491,-0.15024201571941376,0.26062387228012085,0.21513798832893372,0.5555851310491562,0.16951662302017212,0.39401155710220337,0.02418595924973488,0.20408163265306123
CN1C=C(C=N1)NC(=O)CN2C(=O)[C@]3(CCC4=CC=CC=C43)NC2=O,Cn1cc(NC(=O)CN2C(=O)N[C@@]3(CCc4ccccc43)C2=O)cn1,3.2753713541800398,12,17,0.04714373126626015,0.40693414211273193,0.10149812698364258,0.18038958311080933,0.5555760003626347,0.2119189202785492,0.05459652096033096,0.28710824251174927,0.13978494623655913
CC1=CC(=NC(=N1)NC2=NOC(=C2)C)NC3=CC4=C(C=C3)OCCO4,Cc1cc(Nc2ccc3c(c2)OCCO3)nc(Nc2cc(C)on2)n1,2.4904588231102576,11,17,0.2993176579475403,0.08035095036029816,0.17516586184501648,0.13957475125789642,0.5548344701528549,0.1601729691028595,0.21953774988651276,0.10401082038879395,0.25675675675675674
C1C(=O)NC2=CC=CC=C2N1C(=O)NCC(=O)NCC3=CC=CC=N3,O=C(CNC(=O)N1CC(=O)Nc2ccccc21)NCc1ccccn1,2.2750858515612578,14,17,0.20801293849945068,0.19129666686058044,0.15446583926677704,0.22335565090179443,0.5537754446268082,0.21553632616996765,0.2139539122581482,0.1822969913482666,0.16666666666666666
C1C[C@@H](CN(C1)C(=O)O)NC2=NC3=C(C4=C2C=CN=C4)C(=O)NC=C3,O=C(O)N1CCC[C@H](Nc2nc3cc[nH]c(=O)c3c3cnccc23)C1,3.1371350763267714,13,17,0.4152567684650421,0.061143387109041214,0.07719022780656815,0.23360849916934967,0.5535903833806515,0.2742688059806824,0.3033659756183624,0.05997001752257347,0.2952029520295203
CC1=CC(=NC(=N1)NC(=O)C(C)N2C(=O)C=CC(=N2)C3=CC=CO3)C,Cc1cc(C)nc(NC(=O)C(C)n2nc(-c3ccco3)ccc2=O)n1,2.9075587027003973,10,15,0.4035190939903259,-0.0015368922613561153,0.1514519304037094,0.20742011070251465,0.5534341321326792,0.19962790608406067,0.3678768277168274,0.026558978483080864,0.3045977011494253
CN1C2=NC(=NC=C2N(C1=O)C(=O)N3CCC3)COC4=CC=CC=C4,Cn1c(=O)n(C(=O)N2CCC2)c2cnc(COc3ccccc3)nc21,2.501651019491918,8,14,0.21702399849891663,-0.017736293375492096,0.3531849682331085,0.20709441602230072,0.552472673356533,0.15202902257442474,0.28070688247680664,0.12017421424388885,0.2730263157894737
CC1=NC=C(O1)C2=CN=C3C=NC(=CC3=C2)NC(=O)N4CCOCC4,Cc1ncc(-c2cnc3cnc(NC(=O)N4CCOCC4)cc3c2)o1,2.664535324690867,9,15,0.09624738991260529,0.19323554635047913,0.2623205780982971,0.17676033079624176,0.5518035143613815,0.12501941621303558,0.1932651549577713,0.21469271183013916,0.22058823529411764
CC1=NOC(=N1)C2CCCN(C2)C(=O)C(=O)NC3=CC=CC(=C3)C#N,Cc1noc(C2CCCN(C(=O)C(=O)Nc3cccc(C#N)c3)C2)n1,2.890677817388525,11,17,0.0740327313542366,0.23830920457839966,0.23924076557159424,0.16792823374271393,0.5515827015042305,0.16288802027702332,0.13164083659648895,0.2111850082874298,0.13202247191011235
CC1=NOC(=C1)CC(=O)N2CCCC2C3=NC(=NO3)C4=CC=CC=N4,Cc1cc(CC(=O)N2CCCC2c2nc(-c3ccccn3)no2)on1,3.0150343913952646,11,17,0.07198750972747803,0.4190594553947449,0.059980325400829315,0.16128996014595032,0.5510272905230522,0.20194125175476074,0.06699401885271072,0.2659147381782532,0.20105820105820105
CC1=C(C(=CC=C1)NC(=O)COC(=O)C2=NN3C(=CC=NC3=N2)C)C,Cc1cccc(NC(=O)COC(=O)c2nc3nccc(C)n3n2)c1C,2.303027719693125,10,17,0.2820884883403778,0.06799089908599854,0.20078369975090027,0.17851576209068298,0.5508630871772766,0.16862830519676208,0.25628989934921265,0.11701494455337524,0.22468354430379747
CC1=CC(=CC(=C1)N2C3=C(C(=O)N(C=N3)C(C(=O)C)C(=O)C)N=N2)C,CC(=O)C(C(C)=O)n1cnc2c(nnn2-c2cc(C)cc(C)c2)c1=O,2.8250170732807156,6,12,0.18591822683811188,0.1320725977420807,0.23274654150009155,0.14781315624713898,0.5507373660802841,0.18015754222869873,0.19313007593154907,0.09514139592647552,0.21022727272727273
CCC1=CC(=O)NC(=N1)N2C(=CC(=N2)C)NC(=O)C3=CC=C(C=C3)O,CCc1cc(=O)[nH]c(-n2nc(C)cc2NC(=O)c2ccc(O)cc2)n1,2.546261126286531,10,15,0.41566798090934753,0.24430960416793823,-0.10934288799762726,0.22541671991348267,0.5506346970796585,0.2985104024410248,0.2444070279598236,0.10752473771572113,0.2536443148688047
COC1=C(C=C(C=C1)C2=C(C=C(N2)C3=NC(=NC=C3)N)C(=O)N)OC,COc1ccc(-c2[nH]c(-c3ccnc(N)n3)cc2C(N)=O)cc1OC,2.4806798076052132,11,17,0.34141263365745544,0.3065266013145447,-0.09800118952989578,0.22897544503211975,0.5499380454421043,0.3008021414279938,0.19558537006378174,0.15312616527080536,0.367816091954023
CCOC1=CC=CC(=N1)CC(=O)NC2=CC=CC(=C2)C3=NNC(=O)N3,CCOc1cccc(CC(=O)Nc2cccc(-c3n[nH]c(=O)[nH]3)c2)n1,2.5496108515612583,13,17,0.22098729014396667,0.18347623944282532,0.14531375467777252,0.2104291021823883,0.5497772842645645,0.19460050761699677,0.2152402400970459,0.18493545055389404,0.3890784982935154
CN1C=C(C=N1)NC(=O)CN2C(=O)[C@@]3(CCC4=CC=CC=C43)NC2=O,Cn1cc(NC(=O)CN2C(=O)N[C@]3(CCc4ccccc43)C2=O)cn1,3.2753713541800398,12,17,0.05237410590052605,0.38181376457214355,0.11446348577737808,0.17933602631092072,0.5486513562500477,0.20306307077407837,0.06377771496772766,0.28002485632896423,0.13978494623655913
CC1=CC=C(C=C1)NC(=O)C2=NOC3=NC=NC(=C23)N4CCOCC4,Cc1ccc(NC(=O)c2noc3ncnc(N4CCOCC4)c23)cc1,2.3623155143642087,7,13,0.08315425366163254,0.08944715559482574,0.3757133483886719,0.17253904044628143,0.5483147576451302,0.08181699365377426,0.213352769613266,0.2193000316619873,0.21142857142857144
CN1C2=C(C=CC(=N2)C(=O)NCCC3=CC=CC=N3)C(=O)N(C1=O)C,Cn1c(=O)c2ccc(C(=O)NCCc3ccccn3)nc2n(C)c1=O,2.2631488185942246,11,17,0.2870335578918457,0.15519900619983673,0.10596084594726562,0.22520621120929718,0.5481934100389481,0.231157124042511,0.2148623764514923,0.18108540773391724,0.2633333333333333
COC1=NC(=NC=C1)N2CCO[C@@H](C2)C3=NOC(=N3)C4=CC=CC=C4,COc1ccnc(N2CCO[C@H](c3noc(-c4ccccc4)n3)C2)n1,2.9652044110461055,10,15,0.21593958139419556,0.23822206258773804,0.09342741221189499,0.18812555074691772,0.5475890561938286,0.21184459328651428,0.20183128118515015,0.1524307131767273,0.31384615384615383
C1COCCN1C2=NC=C(C=C2)C(=O)NC3=CC4=C(C=C3)NC(=O)N4,O=C(Nc1ccc2[nH]c(=O)[nH]c2c1)c1ccc(N2CCOCC2)nc1,2.2234973900227963,11,15,0.2183963805437088,0.13913731276988983,0.19000288844108582,0.18781143426895142,0.5475365817546844,0.15265080332756042,0.24879002571105957,0.16040953993797302,0.23026315789473684
COC1=CC=C(C=C1)N2C(=O)C=NC3=CN=C(N=C32)N4CCOCC4,COc1ccc(-n2c(=O)cnc3cnc(N4CCOCC4)nc32)cc1,2.3706857988742183,7,13,0.10620857775211334,0.0805622935295105,0.360445499420166,0.17477984726428986,0.5472163707017899,0.10397738963365555,0.22191064059734344,0.17721125483512878,0.37906137184115524
CCOC(=O)C1=C(N(N=C1)C2=CC=CC=C2)NC(=O)C3=CC=NN3C,CCOC(=O)c1cnn(-c2ccccc2)c1NC(=O)c1ccnn1C,2.28995697832182,10,15,0.41822999715805054,0.05031687021255493,0.07832445204257965,0.19219204783439636,0.5468713194131851,0.21865324676036835,0.27839577198028564,0.07387901097536087,0.13670886075949368
CC(C)C1=NOC(=C1)C(=O)N2CCC2C3=NC(=NO3)C4=CN=CC=C4,CC(C)c1cc(C(=O)N2CCC2c2nc(-c3cccnc3)no2)on1,3.095983153249847,10,16,-0.07724937796592712,0.49501609802246094,0.12702462077140808,0.16725409030914307,0.5447913408279419,0.18296852707862854,0.0029381969943642616,0.33188989758491516,0.18848167539267016
CC\1=NN(C(=O)/C1=C\C2=C(N(C(=O)N(C2=O)C)C)N)C3=CC=CC=C3,CC1=NN(c2ccccc2)C(=O)/C1=C\c1c(N)n(C)c(=O)n(C)c1=O,2.601916847036371,8,15,0.05941655486822128,0.17540259659290314,0.3095186650753021,0.20999784767627716,0.5443378165364265,0.09625133872032166,0.23341278731822968,0.2536012828350067,0.22081218274111675
CC1=CC(=NO1)C(=O)NCCCN2C(=O)C=CC(=N2)C3=CC=NC=C3,Cc1cc(C(=O)NCCCn2nc(-c3ccncc3)ccc2=O)no1,2.3322300823304882,10,15,0.2954968214035034,0.21730637550354004,0.031442753970623016,0.19244232773780823,0.5442459508776665,0.21813221275806427,0.22154894471168518,0.1499670296907425,0.20108695652173914
CC1=NOC2=NC=NC(=C12)NC3=CC=C(C=C3)NC(=O)[C@@H]4CCCO4,Cc1noc2ncnc(Nc3ccc(NC(=O)[C@@H]4CCCO4)cc3)c12,2.839154096347846,10,15,0.05117107927799225,0.16522735357284546,0.3274359107017517,0.13606567680835724,0.5438343435525894,0.09194889664649963,0.15667244791984558,0.20548215508460999,0.22287390029325513
COC1=CC=C(C=C1)C2=NOC(=N2)C3=NN=C(C=C3)N4CCOCC4,COc1ccc(-c2noc(-c3ccc(N4CCOCC4)nn3)n2)cc1,2.2180262881516946,7,13,0.0368318073451519,0.21378642320632935,0.29320764541625977,0.12261991947889328,0.543825875967741,0.0856197401881218,0.11794961988925934,0.23452354967594147,0.29411764705882354
CC1=C(C(=O)NN1)CC(=O)N2CCN(C(=O)C2)C3=CC=CC(=C3)C#N,Cc1[nH][nH]c(=O)c1CC(=O)N1CCN(c2cccc(C#N)c2)C(=O)C1,2.6937266207920274,11,17,0.025016825646162033,0.020357869565486908,0.49814486503601074,0.10701790452003479,0.5435195602476597,0.0003330279141664505,0.1894553154706955,0.19862227141857147,0.18654434250764526
CC1=NOC(=C1)C(=O)N2CCCC(C2)C3=NOC(=N3)C4=CC=CC=N4,Cc1cc(C(=O)N2CCCC(c3noc(-c4ccccn4)n3)C2)on1,2.9803070995090675,11,17,-0.027173439040780067,0.4489815831184387,0.12065670639276505,0.13369658589363098,0.5424648504704237,0.17167672514915466,0.004907894879579544,0.3040505051612854,0.1675
CC1=C(C(=NO1)C)NC(=O)C(=O)NCC2=CC=C(C=C2)C3=CC=NN3,Cc1noc(C)c1NC(=O)C(=O)NCc1ccc(-c2ccn[nH]2)cc1,2.408476154919871,10,15,0.2913593053817749,-0.0325985923409462,0.28204452991485596,0.17273938655853271,0.5408052429556847,0.10625310987234116,0.3141947388648987,0.10045697540044785,0.20408163265306123
CC(=O)NC1=CC=C(C=C1)N2CC(CC2=O)C(=O)N(CC#N)CC#N,CC(=O)Nc1ccc(N2CC(C(=O)N(CC#N)CC#N)CC2=O)cc1,2.9307041398719207,8,13,-0.046699609607458115,0.1390800178050995,0.4483150541782379,0.13333860039710999,0.5406954623758793,0.044333696365356445,0.13142192363739014,0.25413912534713745,0.15057915057915058
CN1C2=CC=CC=C2N(C1=O)CC(=O)NC3=CC=C(C=C3)NC(=O)N,Cn1c(=O)n(CC(=O)Nc2ccc(NC(N)=O)cc2)c2ccccc21,1.949616510901917,11,15,0.19183921813964844,0.15706810355186462,0.19177377223968506,0.22327043116092682,0.5406810939311981,0.18190836906433105,0.2195953130722046,0.20436668395996094,0.21505376344086022
COC1=NC2=CC=CC=C2N=C1CCC(=O)NCC3=CC(=O)NC=N3,COc1nc2ccccc2nc1CCC(=O)NCc1cc(=O)[nH]cn1,2.611157005407412,12,17,0.46334370970726013,0.10573138296604156,-0.028438180685043335,0.23796692490577698,0.5406369119882584,0.2722609341144562,0.3254331052303314,0.05811408534646034,0.26557377049180325
C1CN(CC2=C1C(=O)NC(=N2)N)C(=O)CC3C4=CC=CC=C4C(=O)N3,Nc1nc2c(c(=O)[nH]1)CCN(C(=O)CC1NC(=O)c3ccccc31)C2,3.262747373184842,12,17,0.3747681975364685,0.3261820673942566,-0.1611083745956421,0.26485446095466614,0.539841890335083,0.35481369495391846,0.22547149658203125,0.11596450954675674,0.2631578947368421
COCCNC1=NC=C2C(=O)C(=CN(C2=N1)C3=CC=CC=C3)C(=O)N,COCCNc1ncc2c(=O)c(C(N)=O)cn(-c3ccccc3)c2n1,2.36779771504988,10,15,0.36898982524871826,0.0026619136333465576,0.16816645860671997,0.20952782034873962,0.5398181974887848,0.16043134033679962,0.31742602586746216,0.09803622961044312,0.3125
CC1=CC(=NO1)NC2=NN=C(C=C2)C(=O)NCC3=CC=C(C=C3)OC,COc1ccc(CNC(=O)c2ccc(Nc3cc(C)on3)nn2)cc1,2.2288589284843354,10,15,0.42449524998664856,0.04796084761619568,0.0668981745839119,0.18541409075260162,0.5393542721867561,0.17707905173301697,0.3023265600204468,0.07979443669319153,0.1636904761904762
C1CN(CC2=C1C(=O)NN=C2)C(=O)NCC3=CC4=C(CNC4=O)C=C3,O=C1NCc2ccc(CNC(=O)N3CCc4c(cn[nH]c4=O)C3)cc21,2.7847570054074122,12,17,0.20090335607528687,0.22908544540405273,0.1082191914319992,0.16978111863136292,0.5382079929113388,0.22532355785369873,0.13167454302310944,0.16212478280067444,0.14423076923076922
CCOC1=NC(=NC2=C1N=C(C=C2)C3=CC=C(C=C3)C(=O)NOC)N,CCOc1nc(N)nc2ccc(-c3ccc(C(=O)NOC)cc3)nc12,2.3965470108245306,9,15,0.35742059350013733,0.238925963640213,-0.05817089229822159,0.22642025351524353,0.5381756648421288,0.27970415353775024,0.24380427598953247,0.1153736338019371,0.34035087719298246
CN1C(=NN=N1)C2=CC=C(C=C2)NC(=O)COC3=CC=CC=C3OC,COc1ccccc1OCC(=O)Nc1ccc(-c2nnnn2C)cc1,1.923957005407411,10,15,0.09847763180732727,0.2547732889652252,0.184754878282547,0.09759816527366638,0.5380057990550995,0.11697837710380554,0.13263991475105286,0.16497310996055603,0.3458646616541353
CN1C2=C(C=C(C=N2)C(=O)N(C)CC3=CN=CC=C3)C(=O)N(C1=O)C,CN(Cc1cccnc1)C(=O)c1cnc2c(c1)c(=O)n(C)c(=O)n2C,2.330672640858916,10,17,0.06333660334348679,0.21095877885818481,0.26358553767204285,0.19011901319026947,0.5378809198737144,0.15358181297779083,0.1427425593137741,0.24264031648635864,0.26523297491039427
COC1=NC(=NC=C1)N2CCO[C@H](C2)C3=NOC(=N3)C4=CC=CC=C4,COc1ccnc(N2CCO[C@@H](c3noc(-c4ccccc4)n3)C2)n1,2.9652044110461055,10,15,0.20584538578987122,0.23832827806472778,0.09354816377162933,0.1866634488105774,0.5377218276262283,0.20886990427970886,0.19684617221355438,0.15247485041618347,0.31384615384615383
C1CCC(CC1)(C(=O)NC2=CC3=C(C=C2)OC=CC3=O)N4C=NN=N4,O=C(Nc1ccc2occc(=O)c2c1)C1(n2cnnn2)CCCCC1,2.900158928484334,10,15,-0.1040598452091217,0.12749062478542328,0.5136488080024719,0.09625863283872604,0.5370795875787735,-0.008247526362538338,0.13923785090446472,0.2210630178451538,0.17220543806646527
CC1=C(C=NN1C)C(=O)NC2COC3=C2C=CC(=C3)C4=NC(=NO4)C,Cc1noc(-c2ccc3c(c2)OCC3NC(=O)c2cnn(C)c2C)n1,3.049235780552122,10,17,0.1463082730770111,0.056730885058641434,0.3332937955856323,0.06805936992168427,0.5363329537212849,0.03351427614688873,0.1918923407793045,0.1329057514667511,0.24083769633507854
CC1=CC(=C(C=C1)OC)NC2=NC=C(N=C2)C(=O)NC3=NOC(=C3)C,COc1ccc(C)cc1Nc1cnc(C(=O)Nc2cc(C)on2)cn1,2.3201961982568164,11,17,0.25688838958740234,0.12281200289726257,0.15501075983047485,0.1400306522846222,0.5347111523151398,0.13275571167469025,0.22443526983261108,0.1234479546546936,0.2057142857142857
COC1=CC=C(C=C1)N2C(=NN=N2)CNC(=O)C3=CC=CC=C3OC,COc1ccc(-n2nnnc2CNC(=O)c2ccccc2OC)cc1,1.930951236176643,10,15,0.2818107306957245,0.15716010332107544,0.09572671353816986,0.16370174288749695,0.5346975475549698,0.16643941402435303,0.21687954664230347,0.15235814452171326,0.15064102564102563
CC1=C(C=NN1C2=NNC(=O)C=C2)C(=O)NC3=CC=CC=C3COC,COCc1ccccc1NC(=O)c1cnn(-c2ccc(=O)[nH]n2)c1C,2.3729324929480384,12,17,0.2882062792778015,0.004426813218742609,0.24107590317726135,0.15446686744689941,0.5337089956738055,0.11502428352832794,0.26136553287506104,0.11500135064125061,0.144
CC1=CC2=C(N=C(N=C2C=C1C)N=C3N/C(=C\C(=O)OC)/C(=O)N3)C,COC(=O)/C=C1\NC(=Nc2nc(C)c3cc(C)c(C)cc3n2)NC1=O,3.279828493701725,9,17,0.41172200441360474,0.1438084840774536,-0.022836141288280487,0.17922326922416687,0.5326943472027779,0.2570430636405945,0.22674860060214996,0.05361837148666382,0.22429906542056074
CC(=O)NC1=CC2=C(C=C1)C3=NNC(=O)CC3C2.C1=CC(=O)NN=C1,CC(=O)Nc1ccc2c(c1)CC1CC(=O)NN=C21.O=c1cccn[nH]1,3.295108369934572,13,17,0.354799747467041,0.1292998194694519,0.04829276353120804,0.16611285507678986,0.532392330467701,0.19406059384346008,0.22713634371757507,0.09603175520896912,0.17592592592592593
CC1=CC=CC=C1NC2=NC(=NC(=N2)N)COC(=O)C3=CC=C(O3)C,Cc1ccc(C(=O)OCc2nc(N)nc(Nc3ccccc3C)n2)o1,2.3360237172167295,11,17,0.3374546766281128,0.20851561427116394,-0.014041941612958908,0.1908344030380249,0.5319283492863178,0.24662837386131287,0.21972984075546265,0.10850000381469727,0.12974683544303797
COC1=CC=C(C=C1)C2=NN(N=N2)CC(=O)NC3=CC=CC=C3OC,COc1ccc(-c2nnn(CC(=O)Nc3ccccc3OC)n2)cc1,1.9034281592535631,10,15,0.19905367493629456,0.1884818822145462,0.1440671980381012,0.1641504466533661,0.531602755188942,0.16086487472057343,0.18847134709358215,0.17339281737804413,0.3029197080291971
CC1=CC(=C(O1)C)C(=O)OCC2=NC(=NC(=N2)NC3=CC=CC=C3)N,Cc1cc(C(=O)OCc2nc(N)nc(Nc3ccccc3)n2)c(C)o1,2.3107320595785925,9,15,0.2534438967704773,0.21463030576705933,0.06343257427215576,0.18170225620269775,0.5315067768096924,0.19901686906814575,0.21134492754936218,0.14443498849868774,0.13564668769716087
CC1=C(C=C2C(=N1)N(C(=N2)C)CC3=CC=CC=C3[N+](=O)[O-])NC(=O)C,CC(=O)Nc1cc2nc(C)n(Cc3ccccc3[N+](=O)[O-])c2nc1C,2.4191214702903547,10,17,0.27722543478012085,-0.019659150391817093,0.27389466762542725,0.1817774474620819,0.531460952013731,0.10370782762765884,0.34857678413391113,0.07103678584098816,0.2191358024691358
CCC1=NN(C(=O)C2=C1C=C(C=C2)OC)CC(=O)NC3=NC=NC=C3,CCc1nn(CC(=O)Nc2ccncn2)c(=O)c2ccc(OC)cc12,2.347586230759525,11,17,0.40854501724243164,0.13583800196647644,-0.013201767578721046,0.22214540839195251,0.531181251630187,0.24862326681613922,0.2448720932006836,0.130975604057312,0.34967320261437906
CC(C1=CC2=C(O1)C(=CC=C2)OC)NC3=NC4=C(C=NN4C)C(=O)N3,COc1cccc2cc(C(C)Nc3nc4c(cnn4C)c(=O)[nH]3)oc12,3.205576408937821,11,17,0.5242971181869507,-0.21440301835536957,0.22118018567562103,0.18393494188785553,0.5310742855072021,0.17693334817886353,0.3988151252269745,-0.0405261293053627,0.3741935483870968
COC1=CC=CC=C1CNC(=O)CN2C(=O)C=CC(=N2)N3C=CC=N3,COc1ccccc1CNC(=O)Cn1nc(-n2cccn2)ccc1=O,2.246435851561257,13,17,0.21837183833122253,0.3122956454753876,0.0001594889909029007,0.17301002144813538,0.530826972797513,0.22996890544891357,0.1468641608953476,0.17681409418582916,0.20055710306406685
CC1=C(N(C2=NC3=C(N12)C(=O)N(C(=O)N3)C)CCO)C4=CC=CC=C4,Cc1c(-c2ccccc2)n(CCO)c2nc3[nH]c(=O)n(C)c(=O)c3n12,2.8425589284843333,9,15,0.017553407698869705,0.01467089168727398,0.49844545125961304,0.14040885865688324,0.5306697506457567,0.020819932222366333,0.23860108852386475,0.16828827559947968,0.30293159609120524
CCOC(=O)C1=C(NC(=C1C)/C=C/2\C(=NNC2=O)C3=NC=CN=C3)C,CCOC(=O)c1c(C)[nH]c(/C=C2/C(=O)NN=C2c2cnccn2)c1C,2.9671387087041143,10,17,0.16456499695777893,0.23671367764472961,0.12914906442165375,0.15682467818260193,0.5304277390241623,0.19165390729904175,0.12338621914386749,0.1877787709236145,0.12935323383084577
CC1=CC=C(C=C1)N2C(=O)CN=C(N2)C(=O)NC3=CN=C(C=C3)OC,COc1ccc(NC(=O)C2=NCC(=O)N(c3ccc(C)cc3)N2)cn1,2.4916076825471727,10,15,0.29146480560302734,0.015877263620495796,0.22284749150276184,0.1611737161874771,0.530189560726285,0.13423703610897064,0.27356263995170593,0.09022270888090134,0.20241691842900303
CCOC1=C(C(=CC(=N1)C(=O)NC2=CC=CC(=C2)C(=O)NC)N)C#N,CCOc1nc(C(=O)Nc2cccc(C(=O)NC)c2)cc(N)c1C#N,2.3207234769793192,11,17,0.3438272774219513,0.26203736662864685,-0.0762135237455368,0.2052278071641922,0.5296511203050613,0.24146486818790436,0.22483424842357635,0.14222311973571777,0.19090909090909092
CC1=C(C(=CC=C1)OC)C(=O)NC2=CC(=CC(=C2)OC)N3C=NN=N3,COc1cc(NC(=O)c2c(C)cccc2OC)cc(-n2cnnn2)c1,2.274039751886285,11,17,0.17882820963859558,0.15156617760658264,0.19917306303977966,0.12606693804264069,0.5295674502849579,0.14643798768520355,0.17425017058849335,0.1277790069580078,0.1757188498402556
CC1=CC(=C(C(=O)N1CC(=O)N/N=C\C2=CN=CC=C2)C#N)COC,COCc1cc(C)n(CC(=O)N/N=C\c2cccnc2)c(=O)c1C#N,2.596777829583237,11,17,0.2521933615207672,-0.09299253672361374,0.37034380435943604,0.1313471496105194,0.5295446291565895,0.052371881902217865,0.2999836206436157,0.09294260293245316,0.17302052785923755
CC1=NN=NN1C2=C(C=CC(=C2)NC(=O)COC3=CC=CC=C3)OC,COc1ccc(NC(=O)COc2ccccc2)cc1-n1nnnc1C,1.993410851561256,10,15,0.17895159125328064,0.11812242865562439,0.23240673542022705,0.10508324205875397,0.5294807553291321,0.09314461052417755,0.18851298093795776,0.13871175050735474,0.23
C1CC(C1)(C2=NOC(=N2)CNC(=O)C3=CNC4=CC=CC=C4C3=O)N,NC1(c2noc(CNC(=O)c3c[nH]c4ccccc4c3=O)n2)CCC1,2.5670399685710095,11,16,0.15001726150512695,0.12880736589431763,0.2505861222743988,0.1400633156299591,0.5294107496738434,0.11343157291412354,0.1881839483976364,0.16752508282661438,0.16944444444444445
COC1=CC=C(C=C1)C(=O)NNC(=O)CCN2C3=CC=CC=C3N=N2,COc1ccc(C(=O)NNC(=O)CCn2nnc3ccccc32)cc1,1.9673627746381808,11,15,0.43423181772232056,0.13087321817874908,-0.036093078553676605,0.21394334733486176,0.529011957347393,0.24048322439193726,0.2746528089046478,0.10435055196285248,0.19672131147540983
CCOC(=O)C1=CC(=CN1)C2=NNN=C2C3=CC(=CC=C3)NC(=O)C,CCOC(=O)c1cc(-c2n[nH]nc2-c2cccc(NC(C)=O)c2)c[nH]1,2.5672193835222537,12,17,0.16635394096374512,0.1722068041563034,0.19039154052734375,0.12974956631660461,0.5289522856473923,0.15312719345092773,0.15769635140895844,0.13929542899131775,0.24281150159744408
C1CC1C(=O)NC2=NC=CC(=C2)C(=O)N3CCC4=C(C3)C(=O)NC=N4,O=C(Nc1cc(C(=O)N2CCc3nc[nH]c(=O)c3C2)ccn1)C1CC1,2.638969762720521,11,16,0.40169671177864075,0.16630631685256958,-0.04003474488854408,0.24824397265911102,0.5279682837426662,0.29084452986717224,0.285444051027298,0.09186903387308121,0.2835820895522388
CC1=CC(=O)N(C=N1)CCNC(=O)CN2C=NC3=CC=CC=C3C2=O,Cc1cc(=O)n(CCNC(=O)Cn2cnc3ccccc3c2=O)cn1,2.270909741052048,12,17,0.2313489317893982,0.20050376653671265,0.09552405029535294,0.2070247083902359,0.5273767486214638,0.21189424395561218,0.2530055046081543,0.11582429707050323,0.26865671641791045
CC1=C(C=NO1)C(=O)N2CCN(CC2)C(=O)C3=C4C=CC=CN4N=C3,Cc1oncc1C(=O)N1CCN(C(=O)c2cnn3ccccc23)CC1,2.49591277463818,9,15,0.07709429413080215,0.13093239068984985,0.31894242763519287,0.16921791434288025,0.5269691124558449,0.08764107525348663,0.20989708602428436,0.20354916155338287,0.12612612612612611
COC1=CC=CC(=C1OC)/C=N\NC(=O)CN2C3=CC=CC=C3N=N2,COc1cccc(/C=N\NC(=O)Cn2nnc3ccccc32)c1OC,2.1889377746381804,12,17,0.3482778072357178,0.2107727825641632,-0.03220571577548981,0.2070985734462738,0.5268448740243912,0.2739332914352417,0.24767005443572998,0.0640728548169136,0.18387096774193548
CCOC1=CC=CC(=C1)CNC(=O)CC2=NN=C(O2)C3=NC=CN=C3,CCOc1cccc(CNC(=O)Cc2nnc(-c3cnccn3)o2)c1,2.314146072846823,12,17,0.19258669018745422,0.1006174236536026,0.23350219428539276,0.16460251808166504,0.5267063081264496,0.12560994923114777,0.18919000029563904,0.1905422806739807,0.24251497005988024
CC(C1=NN2CCN(CC2=C1)C(=O)C3=NC4=CC=CC=C4C(=O)N3)O,CC(O)c1cc2n(n1)CCN(C(=O)c1nc3ccccc3c(=O)[nH]1)C2,3.324058532448113,12,17,0.3196658194065094,0.09714273363351822,0.10983947664499283,0.1838301420211792,0.5266480296850204,0.21177659928798676,0.260947048664093,0.06738416850566864,0.2062146892655367
CC1=NC(=NO1)[C@@H]2COCCN2C(=O)C3=CC(=NN3)C4=CC=CC=C4,Cc1nc([C@@H]2COCCN2C(=O)c2cc(-c3ccccc3)n[nH]2)no1,3.0862150025649147,10,15,0.06894658505916595,0.23424245417118073,0.2232559472322464,0.12454263865947723,0.5264449864625931,0.1265038400888443,0.1319255530834198,0.1740395873785019,0.1780821917808219
CC1=CC(=NC(=N1)NC2=NOC(=C2)C)NC3=CC=CC(=C3)C(=O)OC,COC(=O)c1cccc(Nc2cc(C)nc(Nc3cc(C)on3)n2)c1,2.340748960987044,11,17,0.5080903768539429,0.06409674137830734,-0.0458497554063797,0.19994020462036133,0.5263373628258705,0.28421181440353394,0.30545055866241455,-0.013003937900066376,0.16718266253869968
CC(C)(C)OC(=O)NC1=N/C(=C/C2=NC3=C(C=C2)N=CC=C3)/C(=O)N1,CC(C)(C)OC(=O)NC1=N/C(=C/c2ccc3ncccc3n2)C(=O)N1,2.90039233507774,9,15,0.3145286440849304,0.09731128066778183,0.11364912986755371,0.1744510531425476,0.525489054620266,0.2008679211139679,0.24032139778137207,0.09457287192344666,0.1636904761904762
CN1C(=CC(=N1)C2=CC=CC=N2)NC(=O)C3=C(N=C(C=C3)OC)OC,COc1ccc(C(=O)Nc2cc(-c3ccccn3)nn2C)c(OC)n1,2.4141608786468485,11,17,0.3779585361480713,-0.04345604032278061,0.19059187173843384,0.17696639895439148,0.5250943675637245,0.1745051145553589,0.2896267771720886,0.06035179644823074,0.24
CN(C)C1=NC(=NC=C1)CNC(=O)CN2C(=O)C3=CC=CC=C3C2=O,CN(C)c1ccnc(CNC(=O)CN2C(=O)c3ccccc3C2=O)n1,2.3425921152975206,8,12,0.26596346497535706,0.25638219714164734,0.0024752113968133926,0.21994246542453766,0.5248208735138178,0.22025561332702637,0.21840861439704895,0.19139985740184784,0.21160409556313994
CN(C)C1=NC(=NC=C1NC(=O)C2=NOC(=C2)C3=CC=CC=C3)OC,COc1ncc(NC(=O)c2cc(-c3ccccc3)on2)c(N(C)C)n1,2.488267054161474,8,14,0.3587825298309326,-0.05170149356126785,0.21773388981819153,0.23242411017417908,0.5248149260878563,0.1647435426712036,0.3381603956222534,0.12419269979000092,0.22157434402332363
C1CCN(CC1)C2=NC=NC3=C2/C(=C/C4=CC=C(N4)C(=O)O)/C(=O)N3,O=C1Nc2ncnc(N3CCCCC3)c2/C1=C/c1ccc(C(=O)O)[nH]1,2.956032005407412,10,15,0.11334266513586044,0.019193928688764572,0.3922293186187744,0.19352228939533234,0.5247659124433994,0.08183568716049194,0.27232176065444946,0.1794786900281906,0.20334261838440112
CN1C2=C(C(=O)N(C1=O)C)N(C=N2)CCCOC3=CC=C(C=C3)C#N,Cn1c(=O)c2c(ncn2CCCOc2ccc(C#N)cc2)n(C)c1=O,2.314980906506314,8,15,-0.03650782257318497,0.07140547037124634,0.48956382274627686,0.08087329566478729,0.5244614705443382,-0.019127480685710907,0.1646074652671814,0.2012060135602951,0.34798534798534797
CC1C(N2C(=CC3=C2N=C(C=C3)C(=O)NC4=NOC(=C4)C)C(=O)N1)C,Cc1cc(NC(=O)c2ccc3cc4n(c3n2)C(C)C(C)NC4=O)no1,3.613346380074197,11,17,0.5835888385772705,-0.06531616300344467,0.005961291491985321,0.22173140943050385,0.5242339670658112,0.25818055868148804,0.404161274433136,-0.050531040877103806,0.19480519480519481
CC1=C(C(=O)N(N=C1C)CC(=O)NC2=CC=CC(=C2)C(=O)NC)C#N,CNC(=O)c1cccc(NC(=O)Cn2nc(C)c(C)c(C#N)c2=O)c1,2.1795847203395393,10,17,0.5192273855209351,0.05893201008439064,-0.05423826724290848,0.20619893074035645,0.5239211283624172,0.2586058974266052,0.343845397233963,-0.002539803273975849,0.16066481994459833
CC1=NC(=CC=C1)C(=O)NC2=NNC(=N2)C3=CC(=C(C=C3)OC)OC,COc1ccc(-c2nc(NC(=O)c3cccc(C)n3)n[nH]2)cc1OC,2.236506924150639,11,17,0.0814816802740097,0.27759236097335815,0.16479164361953735,0.14152483642101288,0.5238656848669052,0.1649314910173416,0.10835584998130798,0.1907559335231781,0.40370370370370373
CCN1C2=C(C=CC=N2)C(=O)NC3=C1N=C(C=C3C)N4CCOC4=O,CCN1c2ncccc2C(=O)Nc2c(C)cc(N3CCOC3=O)nc21,2.9438698710628834,10,17,0.27375534176826477,-0.12849733233451843,0.37860557436943054,0.17415425181388855,0.5238635838031769,0.0847073569893837,0.3387754559516907,0.07587598264217377,0.18328840970350405
CC1=NC(=NO1)C2=CC(=NC=C2)C3=NC=C(C=C3)NC(=O)CCOC,COCCC(=O)Nc1ccc(-c2cc(-c3noc(C)n3)ccn2)nc1,2.373591620792027,11,17,0.17560848593711853,0.21337343752384186,0.13419440388679504,0.16295038163661957,0.5231763273477554,0.1272735446691513,0.20165607333183289,0.19627998769283295,0.3
C1CN(CCC12C(=O)NC3=CC=CC=C3N2)C(=O)C4=CN=CNC4=O,O=C(c1cnc[nH]c1=O)N1CCC2(CC1)Nc1ccccc1NC2=O,3.0940812301729235,11,15,0.31399375200271606,0.180058091878891,0.02852831408381462,0.19174036383628845,0.5225801579654217,0.2440955936908722,0.20102263987064362,0.10285702347755432,0.255663430420712
COC1=CC=CC(=C1OC)CNC(=O)C2=CC=CC=C2N3C=NN=N3,COc1cccc(CNC(=O)c2ccccc2-n2cnnn2)c1OC,2.129843543868949,12,17,0.23556292057037354,0.3300413489341736,-0.04325027018785477,0.1790957897901535,0.5223539993166924,0.25895699858665466,0.1690998375415802,0.1302255392074585,0.16013071895424835
CCOC(=O)NCC1=NC=CC(=C1)C(=O)NC2=NC3=CC=CC=C3N2,CCOC(=O)NCc1cc(C(=O)Nc2nc3ccccc3[nH]2)ccn1,2.2428800823304886,13,17,0.48491305112838745,0.042946312576532364,-0.006347775459289551,0.22113341093063354,0.5215115882456303,0.2518506348133087,0.3005054295063019,0.05275573208928108,0.24295774647887325
CCCN1C(=O)C=CC(=N1)C(=O)NNC(=O)C2=CNC3=CC=CC=C32,CCCn1nc(C(=O)NNC(=O)c2c[nH]c3ccccc23)ccc1=O,2.242349611041213,13,17,0.31695255637168884,0.12924011051654816,0.07484150677919388,0.21188607811927795,0.5210341736674309,0.2070046365261078,0.26448872685432434,0.12983599305152893,0.1782477341389728
COC1=CC=CC=C1NCC(=O)NNC(=O)C2=CC=CC3=C2NN=C3,COc1ccccc1NCC(=O)NNC(=O)c1cccc2cn[nH]c12,2.2176223900227967,14,17,0.36614614725112915,0.32855838537216187,-0.17391440272331238,0.2248685508966446,0.5207901298999786,0.34005236625671387,0.17563877999782562,0.11223652958869934,0.21926910299003322
CC1=NOC2=NC=NC(=C12)NC3=CC=C(C=C3)NC(=O)[C@H]4CCCO4,Cc1noc2ncnc(Nc3ccc(NC(=O)[C@H]4CCCO4)cc3)c12,2.839154096347846,10,15,0.06190524622797966,0.13359105587005615,0.3249295949935913,0.1273486614227295,0.5204258970916271,0.08338405191898346,0.1616249978542328,0.18321698904037476,0.22287390029325513
CC(C1=CC=CC=C1N2C=CC=N2)NC(=O)CN3C(=O)C=CC(=O)N3,CC(NC(=O)Cn1[nH]c(=O)ccc1=O)c1ccccc1-n1cccn1,2.9820682832606824,14,17,0.3135579228401184,0.046232905238866806,0.1606152355670929,0.21337640285491943,0.5204060636460781,0.2079765349626541,0.2962977886199951,0.06602619588375092,0.1452513966480447
CCN1C2=CC=CC=C2N=C1NC(=O)C3=C(C=CC(=C3)[N+](=O)[O-])NC,CCn1c(NC(=O)c2cc([N+](=O)[O-])ccc2NC)nc2ccccc21,2.200040027385434,12,17,0.47909849882125854,0.10878365486860275,-0.06773850321769714,0.1616191565990448,0.5201436504721642,0.2473217248916626,0.23999707400798798,0.03112104721367359,0.21904761904761905
CCOC1=CC=C(C=C1)NC2=NC=C(N=C2)C(=O)NC3=NOC(=C3)C,CCOc1ccc(Nc2cnc(C(=O)Nc3cc(C)on3)cn2)cc1,2.2336358515612567,10,15,0.3267187774181366,-0.023568537086248398,0.21699313819408417,0.18814390897750854,0.5201433785259724,0.12223076820373535,0.3046829104423523,0.11557218432426453,0.23372781065088757
CCN1C(=O)C2=C(N=C3N2C=C(N3C4=CC=CC=C4O)C)N(C1=O)C,CCn1c(=O)c2c(nc3n(-c4ccccc4O)c(C)cn23)n(C)c1=O,2.6314371893538997,10,17,0.16648496687412262,-0.011259457096457481,0.3644087612628937,0.18394863605499268,0.5196342710405588,0.08217319846153259,0.2741784155368805,0.16403821110725403,0.2331288343558282
CC(=O)C1=CC(=CC=C1)NC(=O)CCN2C=NC3=C(C2=O)C=NN3C,CC(=O)c1cccc(NC(=O)CCn2cnc3c(cnn3C)c2=O)c1,2.191018269143676,11,17,0.25465425848960876,0.06585563719272614,0.1987660825252533,0.15889839828014374,0.5192759782075882,0.1813802719116211,0.25507551431655884,0.05048160254955292,0.2977346278317152
COC1=CC=CC=C1NC(=O)C(CO)N2N=C(N=N2)C3=CC=CC=C3,COc1ccccc1NC(=O)C(CO)n1nnc(-c2ccccc2)n1,2.625988922480616,12,15,0.16961073875427246,0.3001622259616852,0.04942915588617325,0.16825124621391296,0.5192021206021309,0.1982761174440384,0.15587612986564636,0.18039283156394958,0.30201342281879195
CC(=O)OC1=CC=C(C=C1)C(=O)NCCCC2=CN3C(=NC=N3)N=C2,CC(=O)Oc1ccc(C(=O)NCCCc2cnc3ncnn3c2)cc1,2.395653159253566,10,15,-0.11210426688194275,0.4376916289329529,0.1931145340204239,0.13764382898807526,0.518701896071434,0.14341025054454803,-0.0017574280500411987,0.3250136971473694,0.2727272727272727
CC1=NC(=NO1)[C@H]2COCCN2C(=O)C3=CC(=NN3)C4=CC=CC=C4,Cc1nc([C@H]2COCCN2C(=O)c2cc(-c3ccccc3)n[nH]2)no1,3.0862150025649147,10,15,0.08428777009248734,0.2140636146068573,0.2199113816022873,0.12623563408851624,0.5182627663016319,0.12970596551895142,0.14236806333065033,0.15758273005485535,0.1780821917808219
CC1=CC(=NN1CC(=O)NNC(=O)/C=C/C2=NC3=CC=CC=C3O2)C,Cc1cc(C)n(CC(=O)NNC(=O)/C=C/c2nc3ccccc3o2)n1,2.510005515699934,12,17,0.24307498335838318,0.11607630550861359,0.15899622440338135,0.1871824860572815,0.5181475132703781,0.1682954579591751,0.2857831120491028,0.0778113454580307,0.12672176308539945
COC1=NC=C(C=C1)C2=NC(=NO2)C3=CC(=NC=C3)N4CCOCC4,COc1ccc(-c2nc(-c3ccnc(N4CCOCC4)c3)no2)cn1,2.377500300625707,9,15,0.08259659260511398,0.20825931429862976,0.22722628712654114,0.13182909786701202,0.5180821940302849,0.11631952971220016,0.12736359238624573,0.20268869400024414,0.3173076923076923
CCN1C(=CN2C1=NC3=C2C(=O)NC(=O)N3C)C4=CC=C(C=C4)OC,CCn1c(-c2ccc(OC)cc2)cn2c3c(=O)[nH]c(=O)n(C)c3nc12,2.5275510163964228,8,15,0.05558379739522934,0.09830422699451447,0.3638933300971985,0.13844197988510132,0.5177813544869423,0.05413016676902771,0.1593369096517563,0.23518800735473633,0.3835125448028674
CC1=NC(=NO1)C(C2=CC=CC=C2OC)NC(=O)NC3=CC=NC=C3,COc1ccccc1C(NC(=O)Nc1ccncc1)c1noc(C)n1,2.8964081532498476,11,15,0.3265669047832489,0.18714487552642822,0.0039000464603304863,0.230709046125412,0.5176118267700076,0.2709602117538452,0.25574642419815063,0.09053307771682739,0.19469026548672566
C1CCC(CC1)(C2=NC(=NO2)C3=NC=CN=C3)NC(=O)C4=COC=C4,O=C(NC1(c2nc(-c3cnccn3)no2)CCCCC1)c1ccoc1,2.929224624950031,10,15,-0.1598195880651474,0.2661827802658081,0.4104135036468506,0.10730992257595062,0.5167766958475113,0.007984362542629242,0.07658250629901886,0.2995060980319977,0.16666666666666666
CCOC1=C(C(=CC(=N1)NC2=CC=C(C=C2)C(=O)NCC=O)N)C#N,CCOc1nc(Nc2ccc(C(=O)NCC=O)cc2)cc(N)c1C#N,2.552687719693127,10,15,0.29020410776138306,0.12600824236869812,0.10016221553087234,0.18048161268234253,0.5163745656609535,0.1756501942873001,0.2572491466999054,0.10325087606906891,0.20123839009287925
CN1C2=CC=CC=C2N=C1CNC(=O)CNC3=CC=CC=C3[N+](=O)[O-],Cn1c(CNC(=O)CNc2ccccc2[N+](=O)[O-])nc2ccccc21,2.0984256673792423,13,17,0.20364314317703247,0.15559543669223785,0.15713006258010864,0.17323864996433258,0.516368642449379,0.16101816296577454,0.22118830680847168,0.1422869712114334,0.1895424836601307
CC1=CC(=NO1)NC(=O)CNC(=O)C2=C3C=CC=CN3C(=N2)C4CC4,Cc1cc(NC(=O)CNC(=O)c2nc(C3CC3)n3ccccc23)no1,2.4926471191668913,11,16,0.4010818600654602,0.04748586565256119,0.06707186251878738,0.22791023552417755,0.5156395882368088,0.20910847187042236,0.33957213163375854,0.06417043507099152,0.18867924528301888
CC1=[N+](C2=CC=CC=C2N3C1=C(N=C3)C4=NOC(=N4)C(C)(C)OC)[O-],COC(C)(C)c1nc(-c2ncn3c2c(C)[n+]([O-])c2ccccc23)no1,3.22712398342939,8,16,0.058137428015470505,0.10385917872190475,0.35277414321899414,0.1608371138572693,0.5147707499563694,0.07691662013530731,0.20236128568649292,0.2048620879650116,0.1912568306010929
CC1=NN(C(=C1)NC(=O)CN2C=C(C=N2)C3=CC(=CC=C3)C(=O)O)C,Cc1cc(NC(=O)Cn2cc(-c3cccc(C(=O)O)c3)cn2)n(C)n1,2.2980193680447734,12,17,0.22786059975624084,0.13536158204078674,0.15120264887809753,0.12565955519676208,0.5144248306751251,0.11142659187316895,0.2340565025806427,0.10740023851394653,0.20606060606060606
CC1=CC(=NO1)NC(=O)CN(C)C(=O)C2=CC=C(C=C2)N3C=CC=N3,Cc1cc(NC(=O)CN(C)C(=O)c2ccc(-n3cccn3)cc2)no1,2.2557394268592006,10,15,0.35067152976989746,0.19137118756771088,-0.02779153361916542,0.1760586053133011,0.5142511837184429,0.20439653098583221,0.24202081561088562,0.10930223017930984,0.15426997245179064
COC1=NC=C(C=C1)CNC(=O)CCC2=NC(=NO2)C3=CC=NC=C3,COc1ccc(CNC(=O)CCc2nc(-c3ccncc3)no2)cn1,2.230507716682439,10,15,0.2497333586215973,0.35671544075012207,-0.09232458472251892,0.19740433990955353,0.5141242146492004,0.2834171652793884,0.12871631979942322,0.18245579302310944,0.2721518987341772
CC1=CC(=NN1)NC(=O)NC2=CC3=C(C=C2)C(=O)N(C3=O)CC4CC4,Cc1cc(NC(=O)Nc2ccc3c(c2)C(=O)N(CC2CC2)C3=O)n[nH]1,2.3747132141986196,11,16,0.26583826541900635,0.10081881284713745,0.147181898355484,0.17712724208831787,0.5138389766216278,0.1700819730758667,0.23581069707870483,0.11572743207216263,0.15644171779141106
CC1=CC(=NO1)NC(=O)C2=NN=C(C=C2)NCC3=CC=C(C=C3)OC,COc1ccc(CNc2ccc(C(=O)Nc3cc(C)on3)nn2)cc1,2.1998512361766434,10,15,0.5399082899093628,-0.08926624059677124,0.06282838433980942,0.1806066632270813,0.513470433652401,0.1837453991174698,0.3617982268333435,-0.01205396093428135,0.18902439024390244
CCN1C(=O)C2=C(C=C(C=C2)C(=O)N3CC4=C(C3)N(N=C4)C)NC1=O,CCn1c(=O)[nH]c2cc(C(=O)N3Cc4cnn(C)c4C3)ccc2c1=O,2.587053873539281,10,17,0.04539027810096741,0.05155405402183533,0.41607150435447693,0.13900631666183472,0.5130158364772797,0.06526263058185577,0.1736602783203125,0.19011294841766357,0.21114369501466276
CC1=CC(=C(C(=O)N1CC(=O)N/N=C/C2=CN=CC=C2)C#N)COC,COCc1cc(C)n(CC(=O)N/N=C/c2cccnc2)c(=O)c1C#N,2.596777829583237,11,17,0.24289055168628693,-0.08588683605194092,0.3558998703956604,0.12267477065324783,0.5129035860300064,0.04629111289978027,0.28928297758102417,0.08902724832296371,0.17302052785923755
CC1=CC(=C(C(=N1)OCC(=O)N/N=C/C2=CC=NC=C2)C#N)COC,COCc1cc(C)nc(OCC(=O)N/N=C/c2ccncc2)c1C#N,2.615840835309905,9,15,0.20728713274002075,-0.018099013715982437,0.3236744999885559,0.13392290472984314,0.5128626190125942,0.06278453767299652,0.26482489705085754,0.11201441287994385,0.19435736677115986
CC1=NOC(=C1)C(=O)N2CCC[C@@H](C2)C3=NOC(=N3)C4=CC=CC=N4,Cc1cc(C(=O)N2CCC[C@H](c3noc(-c4ccccn4)n3)C2)on1,2.9803070995090675,11,17,-0.041450414806604385,0.39255666732788086,0.16159388422966003,0.12315899133682251,0.5127001367509365,0.1509111523628235,0.012781589291989803,0.2746393382549286,0.1675
CC1=C(C=C(C=C1)C(=O)NC2=NN(C3=C2C(=CC(=N3)C)C)C)[N+](=O)[O-],Cc1cc(C)c2c(NC(=O)c3ccc(C)c([N+](=O)[O-])c3)nn(C)c2n1,2.3794030461313938,9,17,0.4566577672958374,-0.08157762885093689,0.13659515976905823,0.16224995255470276,0.5116752982139587,0.15358363091945648,0.34144359827041626,0.007151209749281406,0.19484240687679083
CC(C)(C)OC(=O)NC1=N/C(=C\C2=NC3=C(C=C2)N=CC=C3)/C(=O)N1,CC(C)(C)OC(=O)NC1=N/C(=C\c2ccc3ncccc3n2)C(=O)N1,2.90039233507774,9,15,0.387921005487442,0.08759327232837677,0.03611224889755249,0.18704211711883545,0.5116265267133713,0.23503540456295013,0.26463696360588074,0.057204872369766235,0.1636904761904762
CC1=C(C=NN1C)C(=O)N[C@@H]2COC3=C2C=CC(=C3)C4=NC(=NO4)C,Cc1noc(-c2ccc3c(c2)OC[C@H]3NC(=O)c2cnn(C)c2C)n1,3.049235780552122,10,17,0.09674111008644104,0.09781350940465927,0.3168836534023285,0.05547809228301048,0.5114382728934288,0.025445997714996338,0.1531728208065033,0.14926588535308838,0.24083769633507854
CC1=CC(=NC(=N1)NC2=CC3=C(C=C2)OCCO3)NC4=NOC(=C4)C,Cc1cc(Nc2cc(C)on2)nc(Nc2ccc3c(c2)OCCO3)n1,2.474814565997507,11,17,0.30302858352661133,0.016019973903894424,0.19166648387908936,0.12926331162452698,0.5107150413095951,0.13069580495357513,0.2381558120250702,0.07682563364505768,0.25675675675675674
CCOC1=CC=C(C=C1)NC(=O)C2=NN=C(C=C2)NC3=NOC(=C3)C,CCOc1ccc(NC(=O)c2ccc(Nc3cc(C)on3)nn2)cc1,2.225464697715104,10,15,0.3847423791885376,-0.06137099117040634,0.18729612231254578,0.19396768510341644,0.510667510330677,0.13070905208587646,0.32075244188308716,0.09123128652572632,0.1976401179941003
CN1C2=CC=CC=C2C(=CC1=O)C(=O)NC3=NNC(=N3)C4CCCO4,Cn1c(=O)cc(C(=O)Nc2n[nH]c(C3CCCO3)n2)c2ccccc21,3.014988922480616,12,17,0.08819849789142609,0.2142808437347412,0.2078259289264679,0.07954975217580795,0.5103052705526352,0.1436171978712082,0.0682092159986496,0.14114302396774292,0.2740963855421687
CN1C2=CC=CC=C2N=C1C(C#N)C(=O)CCCN3C(=O)CNC3=O,Cn1c(C(C#N)C(=O)CCCN2C(=O)CNC2=O)nc2ccccc21,3.139074307096001,11,17,0.08009801805019379,0.31677573919296265,0.11333878338336945,0.17314472794532776,0.5102125406265259,0.19069726765155792,0.11271850764751434,0.20943893492221832,0.1529051987767584
CN1CC(=O)N2CCN(CC2C1=O)C(=O)C3=C4C(=CC=C3)N=CC=N4,CN1CC(=O)N2CCN(C(=O)c3cccc4nccnc34)CC2C1=O,2.9843148704762825,11,17,0.015470936894416809,0.27133908867836,0.2224508374929428,0.179072767496109,0.5092608630657196,0.1643708348274231,0.1062222421169281,0.22965934872627258,0.1384083044982699
C1CN(CCN1C2=CC=C(C=C2)C(=O)N)C3=NC4=C(C(=O)N3)OC=C4,NC(=O)c1ccc(N2CCN(c3nc4ccoc4c(=O)[nH]3)CC2)cc1,2.5088031592535653,8,13,0.38259822130203247,0.03417517989873886,0.09174676239490509,0.20897406339645386,0.5085201635956764,0.222331240773201,0.2962793707847595,0.05308425426483154,0.2972972972972973
CN1C2=CC=CC=C2N(C1=O)CC(=O)NC3=CC(=CC=C3)NC(=O)N,Cn1c(=O)n(CC(=O)Nc2cccc(NC(N)=O)c2)c2ccccc21,1.9996307966162021,13,17,0.27030351758003235,0.025766506791114807,0.21172836422920227,0.1926155835390091,0.5077983886003494,0.14569422602653503,0.2782425880432129,0.11215238273143768,0.21352313167259787
CC1=CC(=C(C(=N1)OCC(=O)N/N=C/C2=CN=CC=C2)C#N)COC,COCc1cc(C)nc(OCC(=O)N/N=C/c2cccnc2)c1C#N,2.604225667379243,11,17,0.1335105299949646,0.051366399973630905,0.32190829515457153,0.11544468998908997,0.506785225123167,0.03977752849459648,0.2276470810174942,0.14393921196460724,0.196875
CC1=CC(=NO1)NC(=O)CN2C(=O)N(C(=N2)C3CC3)C4=CC=CC=C4,Cc1cc(NC(=O)Cn2nc(C3CC3)n(-c3ccccc3)c2=O)no1,2.3713528613120705,9,14,0.40256744623184204,0.09303142875432968,0.011046264320611954,0.23506659269332886,0.5066451393067837,0.2609158754348755,0.30537888407707214,0.05505269765853882,0.18703241895261846
CC1=NOC(=C1)C(=O)N2CCC[C@H](C2)C3=NOC(=N3)C4=CC=CC=N4,Cc1cc(C(=O)N2CCC[C@@H](c3noc(-c4ccccn4)n3)C2)on1,2.9803070995090675,11,17,-0.039587292820215225,0.3806968331336975,0.1653800755739212,0.12203208357095718,0.5064896158874035,0.14490464329719543,0.017394162714481354,0.2711450159549713,0.1675
CC1=NN=C(O1)C(C)(CC2=CC(=CC=C2)C3=NC=CC(=N3)C(=O)N)O,Cc1nnc(C(C)(O)Cc2cccc(-c3nccc(C(N)=O)n3)c2)o1,3.254614526876221,11,17,-0.048400964587926865,0.25683164596557617,0.29742497205734253,0.1482507586479187,0.5058556534349918,0.078848697245121,0.11501860618591309,0.2641686797142029,0.24096385542168675
CC1=NOC(=N1)C2CCN(C2)C(=O)C3=CC=CC=C3C4=NC(=NO4)C,Cc1noc(-c2ccccc2C(=O)N2CCC(c3nc(C)no3)C2)n1,2.88914084555754,10,17,0.24451792240142822,0.3397316634654999,-0.07868138700723648,0.19825592637062073,0.5055681988596916,0.275812029838562,0.13939373195171356,0.15443055331707,0.1643835616438356
CC1=CC(=CC=C1)N2C(=O)C=C(C(=N2)C(=O)NC3=CC(=NN3C)C)O,Cc1cccc(-n2nc(C(=O)Nc3cc(C)nn3C)c(O)cc2=O)c1,2.451505416778648,11,17,0.23959225416183472,-0.03456099331378937,0.29965826869010925,0.16568401455879211,0.5046895295381546,0.10231512784957886,0.2975696325302124,0.08429770171642303,0.1820580474934037
CC1=C2C=CC=C(C2=NC(=N1)NC3=NC=C(C(=N3)C)C(=O)OC)OC,COC(=O)c1cnc(Nc2nc(C)c3cccc(OC)c3n2)nc1C,2.39145321419862,9,17,0.3202361464500427,0.0742892473936081,0.10972802340984344,0.18317562341690063,0.5042534172534943,0.21066421270370483,0.2291717678308487,0.09045539796352386,0.26181818181818184
COC1=CC=C(C=C1)N2C(=NN=N2)CNC(=O)COC3=CC=CC=C3,COc1ccc(-n2nnnc2CNC(=O)COc2ccccc2)cc1,1.9227778958183706,9,13,0.20039190351963043,0.10977503657341003,0.19400064647197723,0.13154008984565735,0.5041675865650177,0.11056958138942719,0.17814627289772034,0.16102752089500427,0.2103448275862069
C1CN(CCN1C2=NC=CC=N2)C(=O)C3=CC4=C(C=C3)OCC(=O)N4,O=C1COc2ccc(C(=O)N3CCN(c4ncccn4)CC3)cc2N1,2.263971784121848,9,14,-0.043546050786972046,0.2694880962371826,0.27816593647003174,0.10226308554410934,0.5041079819202423,0.08139301091432571,0.04652386158704758,0.2560635805130005,0.33797909407665505
CC1=NC(=NO1)[C@H](C2=CC=CC=C2OC)NC(=O)NC3=CC=NC=C3,COc1ccccc1[C@H](NC(=O)Nc1ccncc1)c1noc(C)n1,2.8964081532498476,11,15,0.3186850845813751,0.18429526686668396,0.000807357020676136,0.22242078185081482,0.5037877084687352,0.2651222348213196,0.24069632589817047,0.09003232419490814,0.19469026548672566
CC1=CC(=NO1)NC2=NC=C(N=C2)C(=O)NCC3=CC=C(C=C3)OC,COc1ccc(CNC(=O)c2cnc(Nc3cc(C)on3)cn2)cc1,2.2458396977151054,10,15,0.2992987632751465,0.1036606952548027,0.1002083271741867,0.18441516160964966,0.5031677857041359,0.16084596514701843,0.24581201374530792,0.13538143038749695,0.19161676646706588
COC1=C(C=C(C=C1)C2=NC(=NC(=O)N2)N(C3=CC=CC=C3)N)OC,COc1ccc(-c2nc(N(N)c3ccccc3)nc(=O)[nH]2)cc1OC,2.537555461528756,10,15,0.18323783576488495,0.21067564189434052,0.10920579731464386,0.18762919306755066,0.5031192749738693,0.19318075478076935,0.17313334345817566,0.17473360896110535,0.39166666666666666
CC1=NON=C1[C@@H]2CCCN2C(=O)CN3C(=O)C4=CC=CC=C4C=N3,Cc1nonc1[C@@H]1CCCN1C(=O)Cn1ncc2ccccc2c1=O,3.0169331532498465,11,17,0.07651248574256897,0.33848220109939575,0.08795160055160522,0.17910976707935333,0.50294628739357,0.23267214000225067,0.09045854955911636,0.18913868069648743,0.15760869565217392
C1COCCN1C2=CC(=O)N(C(=N2)CC(=O)N)C3=CC=CC(=C3)C#N,N#Cc1cccc(-n2c(CC(N)=O)nc(N3CCOCC3)cc2=O)c1,2.6200141830888857,9,15,0.14222560822963715,0.06463763862848282,0.2960394620895386,0.14451465010643005,0.5029027089476585,0.0675351470708847,0.22521665692329407,0.16312798857688904,0.2628398791540785
C1CCC(CC1)(C2=NC(=NO2)C3=NC=CN=C3)NC(=O)C4=CC=CO4,O=C(NC1(c2nc(-c3cnccn3)no2)CCCCC1)c1ccco1,2.812273273598681,10,15,-0.11625522375106812,0.22939074039459229,0.389692485332489,0.10812066495418549,0.5028280019760132,0.008483745157718658,0.09987394511699677,0.2716487646102905,0.1671018276762402
COC1=CC=CC(=C1OC)/C=N/NC(=O)CN2C3=CC=CC=C3N=N2,COc1cccc(/C=N/NC(=O)Cn2nnc3ccccc32)c1OC,2.1889377746381804,12,17,0.3610420823097229,0.1760580837726593,-0.03447359800338745,0.20103292167186737,0.5026265680789948,0.2648873031139374,0.2539440393447876,0.04445105791091919,0.18387096774193548
CC(=O)NC1=NC=C(C=C1)NC(=O)C2=CC(=NC=C2)NC(=O)C3CC3,CC(=O)Nc1ccc(NC(=O)c2ccnc(NC(=O)C3CC3)c2)cn1,2.1117351922206,12,16,0.3325831890106201,0.017922528088092804,0.15198466181755066,0.1862720549106598,0.5024903789162636,0.15704011917114258,0.31257227063179016,0.06665752828121185,0.23465703971119134
CCN1C2=CC=CC=C2N=C1NC(=O)C3=CC(=C(C=C3)NC)[N+](=O)[O-],CCn1c(NC(=O)c2ccc(NC)c([N+](=O)[O-])c2)nc2ccccc21,2.159739807605213,12,17,0.4398203492164612,0.15913264453411102,-0.0965886265039444,0.18529188632965088,0.5023643672466278,0.2646808624267578,0.2243885099887848,0.06605568528175354,0.22435897435897437
CC(=O)ONC(=NCC1=CC=CC=C1OC)NC2=NC=CC(=C2)C#N,COc1ccccc1CN=C(NOC(C)=O)Nc1cc(C#N)ccn1,2.774529459361908,12,17,0.2380722016096115,0.023971635848283768,0.23866255581378937,0.13524287939071655,0.5007063932716846,0.11322912573814392,0.25029104948043823,0.07533223927021027,0.2280130293159609
CC1=NC(=NO1)[C@@H](C2=CC=CC=C2OC)NC(=O)NC3=CC=NC=C3,COc1ccccc1[C@@H](NC(=O)Nc1ccncc1)c1noc(C)n1,2.8964081532498476,11,15,0.3112573027610779,0.18687090277671814,0.002421238459646702,0.220578134059906,0.5005494439974427,0.2627391815185547,0.2370595932006836,0.09105046093463898,0.19469026548672566
CC1=CC=CC=C1NC2=NC(=NC(=N2)N)COC(=O)C3=C(OC=C3)C,Cc1ccccc1Nc1nc(N)nc(COC(=O)c2ccoc2C)n1,2.3780828721463063,11,17,0.2491774559020996,0.24914467334747314,0.002101100981235504,0.1557961404323578,0.5004232302308083,0.20989888906478882,0.16918353736400604,0.12725405395030975,0.13395638629283488
CC1=C(N=C(NC1=O)N2C(=CC(=N2)C3=CC=CO3)NC(=O)C4CC4)C,Cc1nc(-n2nc(-c3ccco3)cc2NC(=O)C2CC2)[nH]c(=O)c1C,2.7230705768359833,10,16,0.44092950224876404,-0.037720296531915665,0.09677626192569733,0.17949914932250977,0.4999854676425457,0.1749756932258606,0.33262425661087036,0.01456103753298521,0.2694300518134715
C[C@@H](C1=CC=C(C=C1)OC)NC(=O)C2=CN=C(NC2=O)N3C=CC=N3,COc1ccc([C@H](C)NC(=O)c2cnc(-n3cccn3)[nH]c2=O)cc1,2.7992971023289357,11,15,0.4398951828479767,-0.004947934299707413,0.06477715075016022,0.2037956714630127,0.4997243992984295,0.21167999505996704,0.3164125084877014,0.04097643494606018,0.28205128205128205
CC1=C(N2C3=C(N=C2N1C4=CC=C(C=C4)OC)N(C(=O)NC3=O)C)C,COc1ccc(-n2c(C)c(C)n3c4c(=O)[nH]c(=O)n(C)c4nc23)cc1,2.512067289688348,7,15,0.14028233289718628,0.07104179263114929,0.28828155994415283,0.1537061631679535,0.4996056854724884,0.05885018780827522,0.22126610577106476,0.19264239072799683,0.26688102893890675
C1CCN(CC1)C(=O)C2=NC(=NO2)CN3C=NC4=CC=CC=C4C3=O,O=C(c1nc(Cn2cnc3ccccc3c2=O)no1)N1CCCCC1,2.3280756829627336,9,15,0.07414161413908005,0.2538885772228241,0.1714070737361908,0.24041865766048431,0.49943726509809494,0.1983436942100525,0.17169328033924103,0.23462551832199097,0.2148997134670487
CCOC(=O)C1=CC(=CC=C1)NC(=O)C2=NN3C(=CC(=NC3=N2)C)C,CCOC(=O)c1cccc(NC(=O)c2nc3nc(C)cc(C)n3n2)c1,2.1996167306821377,10,17,0.3419850766658783,0.15020141005516052,0.0072456244379282,0.18497103452682495,0.499432111158967,0.24236850440502167,0.2301645576953888,0.074626624584198,0.1956521739130435
CC1=CC(=C(C(=N1)OCC(=O)N/N=C\C2=CN=CC=C2)C#N)COC,COCc1cc(C)nc(OCC(=O)N/N=C\c2cccnc2)c1C#N,2.604225667379243,11,17,0.12310898303985596,0.05545239523053169,0.3206762671470642,0.10613422095775604,0.49923764541745186,0.03202182799577713,0.2171107828617096,0.14588946104049683,0.196875
CCOC(=O)C1=C2CN3C(=NN=C3C4=C(N2C=N1)C=CC(=C4)OC)C,CCOC(=O)c1ncn2c1Cn1c(C)nnc1-c1cc(OC)ccc1-2,2.742283522200477,9,17,0.16698698699474335,0.18846732378005981,0.14236807823181152,0.1099805235862732,0.4978223890066147,0.13258029520511627,0.1430809646844864,0.13819971680641174,0.2402088772845953
COC1=CC=CC(=C1)N=NC2=C3NC4=C(CCCC4)C(=O)N3NC2=O,COc1cccc(N=Nc2c(=O)[nH]n3c(=O)c4c([nH]c23)CCCC4)c1,3.1037839284843347,11,17,0.31642988324165344,0.023919807747006416,0.1569851040840149,0.14186635613441467,0.49733479507267475,0.1848234236240387,0.22116316854953766,0.04877898842096329,0.278125
CC1=NON=C1[C@H]2CCCN2C(=O)CN3C(=O)C4=CC=CC=C4C=N3,Cc1nonc1[C@H]1CCCN1C(=O)Cn1ncc2ccccc2c1=O,3.0169331532498465,11,17,0.06970281153917313,0.3412262499332428,0.08633244782686234,0.17779693007469177,0.49726150929927826,0.229438915848732,0.0861218124628067,0.19196608662605286,0.15760869565217392
CC1=NC(=NO1)[C@@H](C2=CC=CC=C2OC)NC(=O)NC3=CC=CC=N3,COc1ccccc1[C@@H](NC(=O)Nc1ccccn1)c1noc(C)n1,2.8949004609421536,13,17,0.39643263816833496,0.17450456321239471,-0.07373575866222382,0.19543778896331787,0.49720144271850586,0.28125542402267456,0.22818170487880707,0.03928063437342644,0.2222222222222222
CNC(=O)/C(=C/C1=C(N=C2C=CC=CN2C1=O)N3CCOCC3)/C#N,CNC(=O)/C(C#N)=C/c1c(N2CCOCC2)nc2ccccn2c1=O,2.644822200423663,9,15,0.4196716547012329,0.02114366739988327,0.05626772716641426,0.18637990951538086,0.49708304926753044,0.19381991028785706,0.3341808021068573,0.02940460667014122,0.30246913580246915
CCOC1=CC=CC(=C1)NC(=O)COC2=CC=CC(=C2)N3C=NN=N3,CCOc1cccc(NC(=O)COc2cccc(-n3cnnn3)c2)c1,2.0384312151018253,13,17,0.2417086362838745,0.013563835993409157,0.2414838969707489,0.13562875986099243,0.49675636924803257,0.09277065098285675,0.23273153603076935,0.1220233291387558,0.2391304347826087
CC1=NOC(=C1)C(=O)N2CCC(CC2)C3=NOC(=N3)C4=CC=NC=C4,Cc1cc(C(=O)N2CCC(c3noc(-c4ccncc4)n3)CC2)on1,2.5026775796961367,7,13,0.09905283898115158,0.3125253915786743,0.08454329520463943,0.1549963355064392,0.49612152576446533,0.18442992866039276,0.08487997949123383,0.22513754665851593,0.17287234042553193
CN1C(=NN=N1)C2=CC(=CC=C2)NC(=O)C3=C(C=C(C=C3)OC)OC,COc1ccc(C(=O)Nc2cccc(-c3nnnn3C)c2)c(OC)c1,2.027188180922037,11,17,0.10747472196817398,0.1038658395409584,0.2842560112476349,0.09025435149669647,0.4955965727567673,0.056798554956912994,0.1596526801586151,0.15358586609363556,0.25675675675675674
COC1=CC=CC2=C1C(=NC=N2)N3CC(C3)(C(=O)OC)N4C=CC=N4,COC(=O)C1(n2cccn2)CN(c2ncnc3cccc(OC)c23)C1,2.906496956653349,10,16,0.06449022889137268,0.19502629339694977,0.23607587814331055,0.13952279090881348,0.495592400431633,0.13953539729118347,0.11856245994567871,0.1752161681652069,0.26744186046511625
CCN1C2=C(C=C(C=C2)C(=O)NC3=CC=C(C=C3)OCC(=O)N)N=N1,CCn1nnc2cc(C(=O)Nc3ccc(OCC(N)=O)cc3)ccc21,2.0246861224171617,10,15,0.15534502267837524,0.15325146913528442,0.18690553307533264,0.1546798050403595,0.4955020248889923,0.11631713807582855,0.19223925471305847,0.17606714367866516,0.22950819672131148
CC1=NOC2=NC=NC(=C12)NCCN3CC4=CC=CC=C4OCC3=O,Cc1noc2ncnc(NCCN3Cc4ccccc4OCC3=O)c12,2.6891226798015104,11,17,0.0452427864074707,0.07611262053251266,0.37411558628082275,0.1267067790031433,0.4954709932208061,0.03982246667146683,0.15492025017738342,0.2239675521850586,0.2865671641791045
CC1=NON=C1OCCNC2=NC=NC3=C2CC4=CC=CC=C4OC3,Cc1nonc1OCCNc1ncnc2c1Cc1ccccc1OC2,2.9411079929334,11,17,0.005774065852165222,0.1532600075006485,0.3360767364501953,0.12374268472194672,0.49511080980300903,0.06692060828208923,0.10453590750694275,0.23866283893585205,0.2434017595307918
COC1=CC=CC2=C1N=C(N=C2NNC(=O)CO)NC3=CC=CC=C3,COc1cccc2c(NNC(=O)CO)nc(Nc3ccccc3)nc12,2.28734354386895,12,15,0.21169553697109222,0.18230634927749634,0.1008850559592247,0.22088448703289032,0.49488694220781326,0.2101132869720459,0.1939275711774826,0.18210826814174652,0.31365313653136534
CC1=CC=CC=C1OCC(=O)NC2=CC=C(C=C2)N3C(=O)N(N=N3)C,Cc1ccccc1OCC(=O)Nc1ccc(-n2nnn(C)c2=O)cc1,2.075119275179894,10,15,0.14303475618362427,0.019197560846805573,0.3324279189109802,0.12964649498462677,0.49466023594141006,0.06444720923900604,0.23870594799518585,0.11555083841085434,0.23076923076923078
CC1=C2C(=NC(=NN2C=C1C(=O)OC)N)C3=CC(=CC=C3)NC(=O)C,COC(=O)c1cn2nc(N)nc(-c3cccc(NC(C)=O)c3)c2c1C,2.5393642796549045,10,17,0.31049931049346924,-0.03931524604558945,0.22310546040534973,0.14172247052192688,0.4942895248532295,0.11992347240447998,0.3194482922554016,0.007995182648301125,0.270516717325228
C[C@@H](C1=CC=CC=C1N2C=CC=N2)NC(=O)CN3C(=O)C=CC(=O)N3,C[C@H](NC(=O)Cn1[nH]c(=O)ccc1=O)c1ccccc1-n1cccn1,2.9820682832606824,14,17,0.29842254519462585,0.03831407055258751,0.15750758349895477,0.20027469098567963,0.49424419924616814,0.1890842765569687,0.28585943579673767,0.0638849064707756,0.1452513966480447
C[C@H](C1=CC=CC=C1N2C=CC=N2)NC(=O)CN3C(=O)C=CC(=O)N3,C[C@@H](NC(=O)Cn1[nH]c(=O)ccc1=O)c1ccccc1-n1cccn1,2.9820682832606824,14,17,0.2886159121990204,0.04709291085600853,0.15844479203224182,0.19857007265090942,0.49415361508727074,0.18749332427978516,0.2799651026725769,0.06868669390678406,0.1452513966480447
CC(C)C1=NN=C(O1)NC(=O)NC2=CC=C(C=C2)OC3=CC=NC=C3,CC(C)c1nnc(NC(=O)Nc2ccc(Oc3ccncc3)cc2)o1,2.2962935438689502,8,12,0.21856626868247986,0.21723586320877075,0.0582682229578495,0.21736425161361694,0.4940703548491001,0.23292329907417297,0.14148816466331482,0.21472415328025818,0.19093851132686085
COC1=CC=CC(=C1OC)C=NNC(=O)CN2C3=CC=CC=C3N=N2,COc1cccc(C=NNC(=O)Cn2nnc3ccccc32)c1OC,2.1889377746381804,12,17,0.3057783246040344,0.17457567155361176,0.01348709873855114,0.17757198214530945,0.4938410948961973,0.2288372814655304,0.24024918675422668,0.0515679232776165,0.18387096774193548
CC1=C(N=C(NC1=O)N2C(=CC(=N2)C3CC3)NC(=O)C4=CC=CO4)C,Cc1nc(-n2nc(C3CC3)cc2NC(=O)c2ccco2)[nH]c(=O)c1C,2.7851151922205997,10,16,0.47853195667266846,-0.07691329717636108,0.09188957512378693,0.19355559349060059,0.4935082346200943,0.1954144537448883,0.3446980118751526,-0.002282518893480301,0.20099255583126552
CC(=O)NC1=CC=CC=C1OCCNC(=O)C2=CC=CC3=NC=NN32,CC(=O)Nc1ccccc1OCCNC(=O)c1cccc2ncnn12,2.2626146977151045,13,17,0.1046217679977417,0.22391462326049805,0.1638965606689453,0.10182353854179382,0.49243295192718506,0.09678269922733307,0.1350919008255005,0.1710168421268463,0.28525641025641024
CC1=C(C=C(C=C1)N2C3=C(C(=O)N(C=N3)C(C(=O)C)C(=O)C)N=N2)C,CC(=O)C(C(C)=O)n1cnc2c(nnn2-c2ccc(C)c(C)c2)c1=O,2.7507955800680435,8,15,0.1944759488105774,0.007856708951294422,0.28998124599456787,0.10066879540681839,0.4923139037564397,0.11261914670467377,0.20911386609077454,0.04392935335636139,0.21246458923512748
CC1=CC(=NC(=N1)NC2=CC=C(C=C2)C(=O)OC)NC3=NOC(=C3)C,COC(=O)c1ccc(Nc2nc(C)cc(Nc3cc(C)on3)n2)cc1,2.2780375850390477,9,15,0.409119188785553,0.10877794027328491,-0.026459839195013046,0.15745101869106293,0.49143728986382484,0.24001139402389526,0.21729615330696106,0.035266127437353134,0.16718266253869968
CC1=NC2=NC=NN2C(=C1)OC3CN(C3)C(=O)C4=CC=CC=C4OC,COc1ccccc1C(=O)N1CC(Oc2cc(C)nc3ncnn23)C1,2.542263153836446,10,16,0.21034181118011475,0.20516437292099,0.07537508755922318,0.11868137121200562,0.4908812716603279,0.16638919711112976,0.16657888889312744,0.0969461128115654,0.23853211009174313
CC1=C(C2=NC(=CC(=C2C=C1)C(=O)NCC3=NOC(=N3)C(=O)N)C)C,Cc1cc(C(=O)NCc2noc(C(N)=O)n2)c2ccc(C)c(C)c2n1,2.5363161191197854,9,17,0.2075301557779312,0.16663126647472382,0.11670854687690735,0.1914065182209015,0.4908699691295624,0.16955295205116272,0.22048014402389526,0.15289488434791565,0.14285714285714285
CC1=NC=CN1C2=NC=NC(=C2)NC(=O)COC3=CC=CC=C3OC,COc1ccccc1OCC(=O)Nc1cc(-n2ccnc2C)ncn1,2.231408928484335,12,17,0.07061044126749039,0.3363708257675171,0.08311362564563751,0.12655019760131836,0.490094892680645,0.1288299262523651,0.11260749399662018,0.205051988363266,0.32646048109965636
C1C2=C(CN1C(=O)COC3=NC=NC4=CC=CC=C43)N(N=C2)CCO,O=C(COc1ncnc2ccccc12)N1Cc2cnn(CCO)c2C1,2.6377117208974,12,17,0.07723022997379303,0.23194579780101776,0.18079546093940735,0.1572398543357849,0.48997148871421814,0.16394899785518646,0.12084126472473145,0.1837165802717209,0.22063037249283668
CC(=O)NC1=NN2C=C(C=CC2=N1)C3=CC=C(C=C3)C(=O)NCCO,CC(=O)Nc1nc2ccc(-c3ccc(C(=O)NCCO)cc3)cn2n1,2.287232601290402,11,15,0.070843406021595,0.29716771841049194,0.12160348892211914,0.11554495990276337,0.4896146133542061,0.10959485173225403,0.12410441040992737,0.1969490498304367,0.34767025089605735
CC1=CC=C(C=C1)C2=NC(=NO2)COC(=O)CN(C)C3=NC=CC=N3,Cc1ccc(-c2nc(COC(=O)CN(C)c3ncccn3)no2)cc1,2.4334723900227964,8,14,0.09774945676326752,0.29602208733558655,0.09567508101463318,0.13520003855228424,0.48944662511348724,0.15380820631980896,0.09467268735170364,0.2080552875995636,0.31456953642384106
CC1=CC(=C(C(=N1)OCC(=O)N/N=C\C2=CC=NC=C2)C#N)COC,COCc1cc(C)nc(OCC(=O)N/N=C\c2ccncc2)c1C#N,2.615840835309905,9,15,0.18043705821037292,-0.01365972775965929,0.322665274143219,0.11654312163591385,0.48944260459393263,0.04437427967786789,0.24409838020801544,0.11453555524349213,0.19435736677115986
CN1C=CC(=N1)NC(=O)COC2=CC3=C(C=C2)N=C4CCCN4C3=O,Cn1ccc(NC(=O)COc2ccc3nc4n(c(=O)c3c2)CCC4)n1,2.4014627746381816,11,17,0.26297932863235474,0.14647109806537628,0.07962588220834732,0.1017824113368988,0.48907630890607834,0.16021835803985596,0.1491611748933792,0.09515674412250519,0.3567073170731707
CC1=NC(=NN1C)C2=CC3=C(C=C2)C(=O)N(C3)C4CCC(=O)NC4=O,Cc1nc(-c2ccc3c(c2)CN(C2CCC(=O)NC2=O)C3=O)nn1C,3.186960241161935,10,17,0.002642628736793995,0.4367612898349762,0.04937373474240303,0.1644149124622345,0.4887776533141732,0.2263876348733902,0.025593925267457962,0.24736399948596954,0.22822822822822822
C1CCC(C1)N2C3=NC=NC(=C3N(C2=O)C4=CC=C(C=C4)C(=O)O)N,Nc1ncnc2c1n(-c1ccc(C(=O)O)cc1)c(=O)n2C1CCCC1,2.4479649956565996,8,13,0.008707893081009388,0.2732875943183899,0.2051924765110016,0.1917070895433426,0.48718796391040087,0.16645094752311707,0.1150079146027565,0.2385556995868683,0.2
CC1=NC(=NO1)C(C2=CC=CC=C2OC)NC(=O)NC3=CC=CC=N3,COc1ccccc1C(NC(=O)Nc1ccccn1)c1noc(C)n1,2.8949004609421536,13,17,0.32542741298675537,0.22205804288387299,-0.060398802161216736,0.1922275424003601,0.4870866537094116,0.2626485824584961,0.21126678586006165,0.06853506714105606,0.2222222222222222
CC1=C2C(=NC=NN2C=C1C(=O)OC)NC3=CC(=CC=C3)NC(=O)C,COC(=O)c1cn2ncnc(Nc3cccc(NC(C)=O)c3)c2c1C,2.3999646427700494,11,17,0.16387183964252472,-0.014237501658499241,0.33737069368362427,0.13295918703079224,0.48700503166764975,0.09495401382446289,0.24474602937698364,0.07521280646324158,0.19402985074626866
CC(C)(C)OC(=O)NC1=NC(=CC2=NC3=C(C=C2)N=CC=C3)C(=O)N1,CC(C)(C)OC(=O)NC1=NC(=Cc2ccc3ncccc3n2)C(=O)N1,2.90039233507774,9,15,0.4011755585670471,0.0834006518125534,0.0023299045860767365,0.18808263540267944,0.48690611496567726,0.23333783447742462,0.2733343243598938,0.047767408192157745,0.1636904761904762
CC(=O)NC1=NN2C=C(C=CC2=N1)C3=CC(=CC=C3)C(=O)NCCO,CC(=O)Nc1nc2ccc(-c3cccc(C(=O)NCCO)c3)cn2n1,2.337104107249232,13,17,0.048579685389995575,0.3093946576118469,0.12869200110435486,0.11414460837841034,0.48666634410619736,0.10970847308635712,0.11093594133853912,0.20641611516475677,0.34519572953736655
CCOC1=CC=CC(=C1)NC(=O)C2=CC(=C(C=C2)N3C=NN=N3)OC,CCOc1cccc(NC(=O)c2ccc(-n3cnnn3)c(OC)c2)c1,2.0495896977151027,12,17,0.2024378776550293,0.13835158944129944,0.14550957083702087,0.127028226852417,0.4862990379333496,0.1334393471479416,0.17574280500411987,0.12637095153331757,0.20065789473684212
CCOC(=O)C1(C2=CC3=C(C=C2NC1=O)N=C(N3)C4=NNC(=C4)C)C,CCOC(=O)C1(C)C(=O)Nc2cc3nc(-c4cc(C)[nH]n4)[nH]c3cc21,3.5196615598432537,10,17,0.08632676303386688,0.09940987825393677,0.3004571795463562,0.08370835334062576,0.48619382083415985,0.029675213620066643,0.16210801899433136,0.17146876454353333,0.26062322946175637
CC1=NC(=NO1)[C@H](C2=CC=CC=C2OC)NC(=O)NC3=CC=CC=N3,COc1ccccc1[C@H](NC(=O)Nc1ccccn1)c1noc(C)n1,2.8949004609421536,13,17,0.39439857006073,0.1650387942790985,-0.07362315058708191,0.19190755486488342,0.4858142137527466,0.2759694755077362,0.22698846459388733,0.034840330481529236,0.2222222222222222
CCOC(=O)C1=CC(=CC=C1)NC(=O)NC2=CC=CN3C2=NC(=N3)C,CCOC(=O)c1cccc(NC(=O)Nc2cccn3nc(C)nc23)c1,2.2234544864474994,12,17,0.36619648337364197,0.21452216804027557,-0.09556490927934647,0.16548137366771698,0.4851537421345711,0.2720522880554199,0.16567391157150269,0.08156207203865051,0.21428571428571427
C1CN(CCN1C2=NC=CC=N2)C(=O)[C@@H]3C(=O)NC4=CC=CC=C4O3,O=C1Nc2ccccc2O[C@@H]1C(=O)N1CCN(c2ncccn2)CC1,2.9367410299621763,10,14,0.24844899773597717,0.11274179071187973,0.12392935156822205,0.17024624347686768,0.48512014001607895,0.15973198413848877,0.20706921815872192,0.1403198540210724,0.3613138686131387
CCOC1=CC=C(C=C1)CNC(=O)CC2=NN=C(O2)C3=NC=CN=C3,CCOc1ccc(CNC(=O)Cc2nnc(-c3cnccn3)o2)cc1,2.267268306777275,10,15,0.10351753979921341,0.1330243945121765,0.24854490160942078,0.16947245597839355,0.4850868359208107,0.09612791985273361,0.16414935886859894,0.2323472499847412,0.24024024024024024
CC1=CC(=C(C=C1)OC)N2C=CC(=N2)C(=O)NC3=NC=CN(C3=O)C,COc1ccc(C)cc1-n1ccc(C(=O)Nc2nccn(C)c2=O)n1,2.3857011262865306,11,17,0.17573818564414978,-0.007777804508805275,0.31695395708084106,0.0895363911986351,0.48491433821618557,0.06320101767778397,0.22673216462135315,0.06724303960800171,0.2299168975069252
CC1=CC(=NO1)NC2=NC(=NC(=C2)NCC3=CC4=C(C=C3)OCO4)C,Cc1nc(NCc2ccc3c(c2)OCO3)cc(Nc2cc(C)on2)n1,2.5195926481892883,11,17,0.3767281174659729,0.14264264702796936,-0.034632064402103424,0.12744086980819702,0.48473870009183884,0.2100469470024109,0.17008131742477417,0.07563051581382751,0.23548387096774193
CC1=CC(=O)NC(=N1)CCN2C=C(N=N2)C3=CC4=C(C=C3)OCCO4,Cc1cc(=O)[nH]c(CCn2cc(-c3ccc4c(c3)OCCO4)nn2)n1,2.747371362625536,11,17,0.12546831369400024,0.14786237478256226,0.21049658954143524,0.077321358025074,0.48382727801799774,0.10782642662525177,0.10410519689321518,0.13352176547050476,0.3388704318936877
C[C@@H]1[C@H](N(CCO1)C(=O)C2=NC3=CC=CC=C3N=C2)C4=NC(=NO4)C,Cc1noc([C@@H]2[C@@H](C)OCCN2C(=O)c2cnc3ccccc3n2)n1,3.4662056657884825,11,17,0.18805205821990967,0.050238728523254395,0.24544087052345276,0.11937154084444046,0.4837316572666168,0.08521460741758347,0.24460329115390778,0.08577272295951843,0.14058355437665782
CC1=CC(=NC(=N1)NC2=NOC(=C2)C)NCC3=CC4=C(C=C3)OCO4,Cc1cc(NCc2ccc3c(c2)OCO3)nc(Nc2cc(C)on2)n1,2.4822990760080454,11,17,0.4166155755519867,0.13993456959724426,-0.07368899881839752,0.15279507637023926,0.48286114633083344,0.23957565426826477,0.1992810070514679,0.05678137391805649,0.24600638977635783
CCOC(=O)CN1C2=C(C=NN2C3=CC=CC=C3)C4=NCCN4C1=O,CCOC(=O)CN1C(=O)N2CCN=C2c2cnn(-c3ccccc3)c21,2.7415396977151048,9,15,0.051989614963531494,0.20199108123779297,0.22875487804412842,0.16062764823436737,0.4827355742454529,0.13670292496681213,0.13485877215862274,0.19247916340827942,0.14018691588785046
COCC1=CC=C(O1)C(=O)NC2=CC=CC(=C2)C3=NN=NN3C4CC4,COCc1ccc(C(=O)Nc2cccc(-c3nnnn3C3CC3)c2)o1,2.3440454669458735,11,16,0.1714421510696411,0.025205999612808228,0.2860482335090637,0.15577349066734314,0.48269638419151306,0.0718650072813034,0.26364535093307495,0.1282060146331787,0.1790633608815427
C1CCC(C1)(C#N)NC(=O)COC(=O)C2=CC=C(C=C2)N3C=NC=N3,N#CC1(NC(=O)COC(=O)c2ccc(-n3cncn3)cc2)CCCC1,2.429682005407411,8,13,-0.03255343809723854,0.2862204909324646,0.22818699479103088,0.1254696249961853,0.48185404762625694,0.10517897456884384,0.08994104713201523,0.22075332701206207,0.1536144578313253
CC1=CN=C(C=N1)C(=O)N[C@@H](C)C2=NC(=NO2)C3=CC=C(C=C3)OC,COc1ccc(-c2noc([C@H](C)NC(=O)c3cnc(C)cn3)n2)cc1,2.6924242962617644,9,15,0.19997015595436096,0.062051139771938324,0.21926498413085938,0.1494612991809845,0.48128627985715866,0.11899444460868835,0.22220489382743835,0.11848064512014389,0.2721518987341772
CCOC(=O)C1=CC=C(C=C1)NC2=NC(=NC=C2)NC3=NOC(=C3)C,CCOC(=O)c1ccc(Nc2ccnc(Nc3cc(C)on3)n2)cc1,2.265360851561258,10,15,0.4305726885795593,0.17014557123184204,-0.12021016329526901,0.20448537170886993,0.48050809651613235,0.3016643524169922,0.20660898089408875,0.06714785844087601,0.18670886075949367
CC1=CC=C(C=C1)C2=NOC(=N2)COC(=O)CN(C)C3=NC=CC=N3,Cc1ccc(-c2noc(COC(=O)CN(C)c3ncccn3)n2)cc1,2.369482005407411,8,14,0.07766979932785034,0.3149747848510742,0.08765463531017303,0.12411434203386307,0.4802992194890976,0.14859190583229065,0.07966450601816177,0.20553117990493774,0.3333333333333333
CCOC(=O)C1=C(NC(=C1C)C=C2C(=NNC2=O)C3=NC=CN=C3)C,CCOC(=O)c1c(C)[nH]c(C=C2C(=O)NN=C2c2cnccn2)c1C,2.9671387087041143,10,17,0.11635036766529083,0.22665387392044067,0.13719920814037323,0.13400976359844208,0.48020344972610474,0.16412857174873352,0.09422680735588074,0.1806851625442505,0.12935323383084577
CN1C=NC2=C1C(=O)N(C(=O)N2C)CCCOC3=CC=CC=C3C#N,Cn1cnc2c1c(=O)n(CCCOc1ccccc1C#N)c(=O)n2C,2.397074752660158,10,17,0.038453612476587296,-0.01141667366027832,0.45298969745635986,0.07994360476732254,0.48002663627266884,-0.04036787897348404,0.20516374707221985,0.16802430152893066,0.3345070422535211
C1COCCN1C(=O)C2=CC=C(C=C2)NC3=NC=C4CC(=O)NC4=N3,O=C1Cc2cnc(Nc3ccc(C(=O)N4CCOCC4)cc3)nc2N1,2.403808454300984,8,13,0.08511333912611008,0.16658806800842285,0.22809308767318726,0.17595195770263672,0.4797944948077202,0.11953605711460114,0.1715032160282135,0.20953810214996338,0.2422360248447205
C[C@H](C1=CC=CC=C1N2C=CC=N2)NC(=O)CC3=CNC(=O)NC3=O,C[C@@H](NC(=O)Cc1c[nH]c(=O)[nH]c1=O)c1ccccc1-n1cccn1,2.935094718796975,14,17,0.37334775924682617,-0.01953304186463356,0.1254311054944992,0.20572833716869354,0.4792458228766918,0.18717603385448456,0.310744047164917,0.04321407154202461,0.2225609756097561
CNC(=O)C(C1=NC=C(C=C1)C2=CC=C(C=C2)C3C(=O)NC(=O)N3)N,CNC(=O)C(N)c1ccc(-c2ccc(C3NC(=O)NC3=O)cc2)cn1,3.2829870394148566,12,15,0.45381176471710205,0.23813049495220184,-0.21276620030403137,0.22145584225654602,0.4791760593652725,0.3313302993774414,0.22699329257011414,0.056524790823459625,0.17647058823529413
C1CN(CCN1C2=NC=CC=N2)C(=O)[C@H]3C(=O)NC4=CC=CC=C4O3,O=C1Nc2ccccc2O[C@H]1C(=O)N1CCN(c2ncccn2)CC1,2.9367410299621763,10,14,0.24404102563858032,0.10892605781555176,0.12598927319049835,0.16815468668937683,0.47895635664463043,0.1575181484222412,0.20402154326438904,0.13901963829994202,0.3613138686131387
CC1=C(C=NN1C2=CC=CC=C2)[C@@H](C)NC(=O)C3=CNC(=O)NC3=O,Cc1c([C@@H](C)NC(=O)c2c[nH]c(=O)[nH]c2=O)cnn1-c1ccccc1,2.780931669733363,11,15,0.4122176170349121,-0.19091299176216125,0.2576454281806946,0.19466890394687653,0.47895005345344543,0.14927037060260773,0.36804360151290894,0.0011840350925922394,0.20408163265306123
CN1C2=NC(=NC=C2N(C1=O)C(=O)N3CCCC3)C4=CC(=CC=C4)O,Cn1c(=O)n(C(=O)N2CCCC2)c2cnc(-c3cccc(O)c3)nc21,2.5647192751798933,9,15,0.24462123215198517,-0.05250638723373413,0.28661566972732544,0.17574918270111084,0.4787305146455765,0.14155086874961853,0.2752830684185028,0.057085610926151276,0.36585365853658536
CC1=CC(=NN1C2=NC(=C(C(=O)N2)CC3=CC=C(C=C3)[N+](=O)[O-])C)C,Cc1cc(C)n(-c2nc(C)c(Cc3ccc([N+](=O)[O-])cc3)c(=O)[nH]2)n1,2.5858070890194504,8,15,0.3788529634475708,-0.10040532052516937,0.20006617903709412,0.17154040932655334,0.47851382195949554,0.15291908383369446,0.3405613601207733,-0.012763178907334805,0.18421052631578946
CCOC1=CC=C(C=C1)N=NC2=C3NC4=C(CCC4)C(=O)N3NC2=O,CCOc1ccc(N=Nc2c(=O)[nH]n3c(=O)c4c([nH]c23)CCC4)cc1,3.0597243130997196,9,15,0.2520723342895508,0.04370563477277756,0.18269222974777222,0.15872205793857574,0.47847019881010056,0.1508999466896057,0.20360159873962402,0.12018366158008575,0.29652996845425866
C1=CC=C(C=C1)C2=NC(=NC=C2)CCNC(=O)C[C@H]3C(=O)NC(=O)N3,O=C(C[C@@H]1NC(=O)NC1=O)NCCc1nccc(-c2ccccc2)n1,2.8336196917113856,12,15,0.6126768589019775,0.08213704824447632,-0.2172420620918274,0.2568519413471222,0.47757184505462646,0.33841437101364136,0.3261910676956177,0.0005415705963969231,0.26881720430107525
CN1C2=CC=CC=C2C(=N1)NC(=O)CC(=O)N3CC(CC3C#N)C=O,Cn1nc(NC(=O)CC(=O)N2CC(C=O)CC2C#N)c2ccccc21,3.689751435019251,12,17,0.09849628061056137,0.1386205106973648,0.2403489053249359,0.13946714997291565,0.4774656966328621,0.12882834672927856,0.185749351978302,0.10849031060934067,0.18691588785046728
CC1=C(C=NN1)C(=O)N2CCOCC2C3=NC(=NO3)C4=CC=CC=C4,Cc1[nH]ncc1C(=O)N1CCOCC1c1nc(-c2ccccc2)no1,2.980496772849426,10,15,0.08379492163658142,0.24425657093524933,0.14938542246818542,0.13139024376869202,0.4774369150400162,0.15837743878364563,0.11915219575166702,0.1484430730342865,0.20165745856353592
C1C[C@@H](OC1)CN2C3=C(C=C(C2=N)C(=O)N)C(=O)N4C=CC=CC4=N3,N=c1c(C(N)=O)cc2c(=O)n3ccccc3nc2n1C[C@H]1CCCO1,3.122088001570541,12,17,0.2136746644973755,0.21444426476955414,0.04906751587986946,0.14185881614685059,0.4771864451467991,0.1950157880783081,0.16304375231266022,0.10280965268611908,0.25825825825825827
CCN1C(=CC(=N1)C)C(=O)NC2=C3C=C(C=CC3=NC(=C2)C)[N+](=O)[O-],CCn1nc(C)cc1C(=O)Nc1cc(C)nc2ccc([N+](=O)[O-])cc12,2.35622381142748,10,17,0.3854290843009949,-0.05796412378549576,0.14963527023792267,0.1447456181049347,0.4771002307534218,0.16208195686340332,0.3003714382648468,-0.005369322374463081,0.14857142857142858
CC(C(=O)NC1=CN=C(N=C1)N(C)C)N2C(=O)C3=CC=CC=C3C2=O,CC(C(=O)Nc1cnc(N(C)C)nc1)N1C(=O)c2ccccc2C1=O,2.718849959269914,7,11,0.2771366834640503,0.11936543881893158,0.08041545748710632,0.215549498796463,0.4769175797700882,0.19525733590126038,0.2559991776943207,0.12920720875263214,0.2638888888888889
CN1C=C(C=N1)N2CC[C@H](C2=O)NC(=O)CC3=NOC4=CC=CC=C43,Cn1cc(N2CC[C@@H](NC(=O)Cc3noc4ccccc34)C2=O)cn1,3.061092768634463,12,17,0.009995559230446815,0.21634700894355774,0.2505042850971222,0.1520071029663086,0.47684685327112675,0.10073534399271011,0.1230909526348114,0.22613900899887085,0.16434540389972144
CN1C(=NN=N1)C2=CC=C(C=C2)NC(=O)C3=CC(=C(C=C3)OC)OC,COc1ccc(C(=O)Nc2ccc(-c3nnnn3C)cc2)cc1OC,1.9113563282676491,9,15,0.04905949532985687,0.23987750709056854,0.18784675002098083,0.10037899017333984,0.47678375244140625,0.09425029158592224,0.11141307651996613,0.1804688274860382,0.2673611111111111
C[C@@H](C1=CC=CC=C1N2C=CC=N2)NC(=O)CC3=CNC(=O)NC3=O,C[C@H](NC(=O)Cc1c[nH]c(=O)[nH]c1=O)c1ccccc1-n1cccn1,2.935094718796975,14,17,0.37285834550857544,-0.02112744003534317,0.12505261600017548,0.2052571177482605,0.47678352147340775,0.1868826150894165,0.31028667092323303,0.042035240679979324,0.2225609756097561
CC1=NC(=NO1)C(C2=CC=CC=C2OC)NC(=O)NC3=CN=CC=C3,COc1ccccc1C(NC(=O)Nc1cccnc1)c1noc(C)n1,2.8851985378652323,13,17,0.2709873914718628,0.24385316669940948,-0.03825915977358818,0.20228321850299835,0.4765813983976841,0.2517890930175781,0.19953830540180206,0.10419368743896484,0.19420289855072465
CC(C)N(C1=CC=CC(=C1)C2=CC=NC3=C(C=NN23)[N+](=O)[O-])C(=O)C,CC(=O)N(c1cccc(-c2ccnc3c([N+](=O)[O-])cnn23)c1)C(C)C,2.678883343200054,10,16,0.015482831746339798,0.1640820950269699,0.2966375946998596,0.0971580445766449,0.4762025214731693,0.06842847168445587,0.11384765803813934,0.17760351300239563,0.3234323432343234
CC1=CC(=C(C=C1)OCC(=O)NC2=CC(=NC=N2)N3C=CC=N3)OC,COc1cc(C)ccc1OCC(=O)Nc1cc(-n2cccn2)ncn1,2.233407005407411,12,17,0.2128191739320755,0.24394838511943817,0.019371625036001205,0.12931281328201294,0.4761391840875149,0.17475074529647827,0.17507986724376678,0.09888878464698792,0.3069306930693069
CC1=CN=CN(C1=O)CCNC(=O)CN2C=NC3=CC=CC=C3C2=O,Cc1cncn(CCNC(=O)Cn2cnc3ccccc3c2=O)c1=O,2.2991987984734994,12,17,0.2681412100791931,0.07827699929475784,0.12955351173877716,0.20223569869995117,0.4759717211127281,0.20492525398731232,0.286202609539032,0.041645970195531845,0.2792452830188679
COC1=CC2=C(C=C1)N=C3N2[C@H](COC3)CNC(=O)C4=CN=CN=C4,COc1ccc2nc3n(c2c1)[C@@H](CNC(=O)c1cncnc1)COC3,3.17601584555754,11,16,0.19374752044677734,0.07953236997127533,0.20110192894935608,0.08358431607484818,0.47438181936740875,0.08384998142719269,0.17188715934753418,0.10936851799488068,0.22153846153846155
COC1=C(C=C(C=C1)C2=NC(=NC3=C2C=C(C=C3)OCC(=O)N)N)N,COc1ccc(-c2nc(N)nc3ccc(OCC(N)=O)cc23)cc1N,2.2717136537590594,11,17,0.08125600218772888,0.3042609393596649,0.08884386718273163,0.1338655948638916,0.4743608087301254,0.15055155754089355,0.10746876895427704,0.19443318247795105,0.4723404255319149
C1=CC=C(C=C1)C2=NC(=NC=C2)CCNC(=O)C[C@@H]3C(=O)NC(=O)N3,O=C(C[C@H]1NC(=O)NC1=O)NCCc1nccc(-c2ccccc2)n1,2.8336196917113856,12,15,0.6174266338348389,0.07321378588676453,-0.21628598868846893,0.25443440675735474,0.47435443103313446,0.3380274772644043,0.3283586800098419,-0.006970969960093498,0.26881720430107525
CC1=NC2=C(CCN(CC2)C(=O)C3=C4C=CC=NC4=NO3)C(=O)N1C,Cc1nc2c(c(=O)n1C)CCN(C(=O)c1onc3ncccc13)CC2,2.9172657540531315,9,17,0.03578031808137894,0.3720502555370331,0.06624118983745575,0.23940794169902802,0.47407176345586777,0.24056965112686157,0.07760792970657349,0.29069840908050537,0.20984455958549222
CC(C)(C1=NC=CC=N1)NC2=CC(=O)N(C3=C2C=C(C=C3)[N+](=O)[O-])C,Cn1c(=O)cc(NC(C)(C)c2ncccn2)c2cc([N+](=O)[O-])ccc21,2.876014446878983,9,15,0.05936136469244957,0.1588434875011444,0.255860298871994,0.10858771204948425,0.474065151065588,0.06113554537296295,0.12163744866847992,0.21111144125461578,0.23432343234323433
COC1=NC=CC(=N1)C2=CC3=CN=C(C=C3N2)NC(=O)CC4COC4,COc1nccc(-c2cc3cnc(NC(=O)CC4COC4)cc3[nH]2)n1,2.8447339284843345,11,16,0.4457870423793793,-0.17069649696350098,0.19891312718391418,0.1417587697505951,0.4740036725997925,0.12780818343162537,0.35196858644485474,-0.02910083904862404,0.3736654804270463
CC1=CC=C(C=C1)C2=NOC(=N2)N3CCC4=C(C3)C(=NN4C)C(=O)O,Cc1ccc(-c2noc(N3CCc4c(c(C(=O)O)nn4C)C3)n2)cc1,2.605670737801777,8,15,0.06711879372596741,0.10965998470783234,0.2970097064971924,0.11274607479572296,0.4737884849309921,0.09614501148462296,0.12676507234573364,0.1565340757369995,0.2205128205128205
COC1=CC=CC=C1CNC(=O)COC2=CC=CC(=C2)N3C=NN=N3,COc1ccccc1CNC(=O)COc1cccc(-n2cnnn2)c1,2.0562586123621003,13,17,0.22494369745254517,0.1677476167678833,0.08085653185844421,0.09732662886381149,0.4735478460788727,0.14038485288619995,0.15332171320915222,0.10386822372674942,0.20748299319727892
COC1=NC(=NC=C1C2=C3COCC(N3N=N2)C4=CC=CC=C4)OC,COc1ncc(-c2nnn3c2COCC3c2ccccc2)c(OC)n1,3.4135134219537457,9,15,0.2318684458732605,-0.06105967238545418,0.3022410273551941,0.12342102825641632,0.4730498008430004,0.11650587618350983,0.21614034473896027,0.05593451112508774,0.20930232558139536
CC1=NON=C1C2CCCN2C(=O)CN3C(=O)C4=CC=CC=C4C=N3,Cc1nonc1C1CCCN1C(=O)Cn1ncc2ccccc2c1=O,3.0169331532498465,11,17,0.06739383190870285,0.32865679264068604,0.07695254683494568,0.17362844944000244,0.47300317138433456,0.2202093005180359,0.08800339698791504,0.18513420224189758,0.15760869565217392
CC1=CC(=NO1)NC(=O)C2=CN=C(C=N2)NCC3=CC=C(C=C3)OC,COc1ccc(CNc2cnc(C(=O)Nc3cc(C)on3)cn2)cc1,2.2253031592535653,10,15,0.3342512249946594,0.01743263565003872,0.12074059247970581,0.16648221015930176,0.47242445312440395,0.14799046516418457,0.2787815034389496,0.06751257181167603,0.2260061919504644
CC1=C(C=C(C=C1)NC(=O)C2=C(C(=CC=C2)OC)OC)N3C=NN=N3,COc1cccc(C(=O)Nc2ccc(C)c(-n3cnnn3)c2)c1OC,2.1376083326013458,11,17,0.1775117814540863,0.07575269043445587,0.21888653934001923,0.12111124396324158,0.4721510112285614,0.12199671566486359,0.20160949230194092,0.07302587479352951,0.17088607594936708
C1CC(OC1)CN2C3=C(C=C(C2=N)C(=O)N)C(=O)N4C=CC=CC4=N3,N=c1c(C(N)=O)cc2c(=O)n3ccccc3nc2n1CC1CCCO1,3.122088001570541,12,17,0.20592951774597168,0.21935361623764038,0.04681021720170975,0.13928461074829102,0.4720933511853218,0.19541248679161072,0.15680135786533356,0.10060753673315048,0.25825825825825827
CC1=CC(=C2C=C(C=CC2=N1)[N+](=O)[O-])NC(=O)CN3C(=CC(=N3)C)C,Cc1cc(NC(=O)Cn2nc(C)cc2C)c2cc([N+](=O)[O-])ccc2n1,2.282215115775305,10,17,0.375703901052475,0.026670508086681366,0.0696060061454773,0.15934821963310242,0.47198041528463364,0.20226562023162842,0.27757126092910767,-0.00029054656624794006,0.17073170731707318
CC1=C(C(=CC=C1)NC(=O)NC(=O)CN2C(=O)N3C=CC=CC3=N2)C,Cc1cccc(NC(=O)NC(=O)Cn2nc3ccccn3c2=O)c1C,2.2466817856271923,12,17,0.3218960762023926,-0.03105921670794487,0.18112841248512268,0.1589736044406891,0.4719652719795704,0.18121430277824402,0.25793951749801636,0.02168615348637104,0.2088235294117647
CC(C)N1C=CC(=N1)C2=NN=C(O2)NC(=O)C3=CC=C(C=C3)C(=O)C,CC(=O)c1ccc(C(=O)Nc2nnc(-c3ccn(C(C)C)n3)o2)cc1,2.3824848625502675,8,14,0.30892032384872437,0.18473389744758606,-0.02181289717555046,0.15840424597263336,0.47184132412075996,0.2485767900943756,0.180360347032547,0.055597301572561264,0.1712707182320442
CC1=C(OC=N1)C(=O)N2CCC(C2)CC3=NOC(=N3)C4=CC=NC=C4,Cc1ncoc1C(=O)N1CCC(Cc2noc(-c3ccncc3)n2)C1,3.1747241701097,9,15,0.13332030177116394,0.27043139934539795,0.06606526672840118,0.20184728503227234,0.4698169678449631,0.22529779374599457,0.12756548821926117,0.18905283510684967,0.17054263565891473
CC1=NC(=NO1)[C@H](C2=CC=CC=C2OC)NC(=O)NC3=CN=CC=C3,COc1ccccc1[C@H](NC(=O)Nc1cccnc1)c1noc(C)n1,2.8851985378652323,13,17,0.2922952473163605,0.2160119116306305,-0.03862087428569794,0.1973821520805359,0.46968628466129303,0.250751256942749,0.20086491107940674,0.09124117344617844,0.19420289855072465
C[C@@H](C1=CC(=CC=C1)OC)NC(=O)C2=CN=C(NC2=O)N3C=CC=N3,COc1cccc([C@H](C)NC(=O)c2cnc(-n3cccn3)[nH]c2=O)c1,2.8437491066626315,13,17,0.4420855641365051,0.004501583054661751,0.02288472279906273,0.15848082304000854,0.4694718699902296,0.2223616987466812,0.2669539749622345,-0.009757213294506073,0.28115015974440893
C1=CC=C(C=C1)N2C(=NN=N2)NC(=O)COCCOC3=CC=CC=C3,O=C(COCCOc1ccccc1)Nc1nnnn1-c1ccccc1,2.114271818297224,10,13,0.15835002064704895,0.004228279925882816,0.30686232447624207,0.12072231620550156,0.46944062504917383,0.06298627704381943,0.21942013502120972,0.11484690755605698,0.2857142857142857
CC1=NC(=NO1)[C@@H](C2=CC=CC=C2OC)NC(=O)NC3=CN=CC=C3,COc1ccccc1[C@@H](NC(=O)Nc1cccnc1)c1noc(C)n1,2.8851985378652323,13,17,0.28604018688201904,0.2207747995853424,-0.03781380504369736,0.19704537093639374,0.4690011814236641,0.25029057264328003,0.1981123387813568,0.09340562671422958,0.19420289855072465
C1COCCN1C2=NC=NC(=C2)C3=NC(=NO3)COC4=CC=CC=C4,c1ccc(OCc2noc(-c3cc(N4CCOCC4)ncn3)n2)cc1,2.348020466945874,8,13,0.027044668793678284,0.1705218255519867,0.2713170051574707,0.16249343752861023,0.4688834995031357,0.10323913395404816,0.12337182462215424,0.23622822761535645,0.3065015479876161
C1CN2CCC1C(C2)NC(=O)C3=CC=C(C=C3)OC4=NN=C(O4)C#N,N#Cc1nnc(Oc2ccc(C(=O)NC3CN4CCC3CC4)cc2)o1,4.026834527013427,8,13,-0.014554914087057114,0.35967081785202026,0.12364588677883148,0.17649973928928375,0.46876179054379463,0.18802684545516968,0.03906029462814331,0.2644449770450592,0.13569321533923304
CC1=C(N(C(=C1C(=O)C(=O)NCC#C)C)C)C(=O)NC2=CN=CN=C2,C#CCNC(=O)C(=O)c1c(C)c(C(=O)Nc2cncnc2)n(C)c1C,2.9353424126472305,9,16,0.19442802667617798,0.05803583189845085,0.2162211835384369,0.14725401997566223,0.4686850421130657,0.08855700492858887,0.23913158476352692,0.12838861346244812,0.17329545454545456
CCOC(=O)C1=C2CC3=C(N=NN3C4=C(N2C=N1)C=CC(=C4)OC)C,CCOC(=O)c1ncn2c1Cc1c(C)nnn1-c1cc(OC)ccc1-2,2.9088995568700327,9,17,0.17725959420204163,0.0844622552394867,0.20686396956443787,0.07397463917732239,0.4685858190059662,0.07223314046859741,0.17263679206371307,0.09695321321487427,0.16711590296495957
COC1=CC=CC(=C1OC)C(=O)NCC2=CN(N=N2)C3=CN=CC=C3,COc1cccc(C(=O)NCc2cn(-c3cccnc3)nn2)c1OC,2.267887774638181,12,17,0.18791009485721588,0.18014124035835266,0.09976120293140411,0.12099621444940567,0.46781253814697266,0.14743539690971375,0.1745651662349701,0.10304229706525803,0.18292682926829268
CN1C(=NN=N1)C2=CC(=CC=C2)NC(=O)C3=C(C=CC(=C3)OC)OC,COc1ccc(OC)c(C(=O)Nc2cccc(-c3nnnn3C)c2)c1,2.026954161420413,11,17,0.12598760426044464,0.10775411128997803,0.23395687341690063,0.08626016974449158,0.4676985889673233,0.08241235464811325,0.1453346610069275,0.12389162927865982,0.2558922558922559
C[C@@H]1[C@@H](N2C(=CC3=C2N=C(C=C3)C(=O)NC4=NOC(=C4)C)C(=O)N1)C,Cc1cc(NC(=O)c2ccc3cc4n(c3n2)[C@@H](C)[C@@H](C)NC4=O)no1,3.613346380074197,11,17,0.5407581925392151,-0.055030614137649536,-0.01827741414308548,0.20476391911506653,0.46745016425848007,0.25295788049697876,0.37388792634010315,-0.07008242607116699,0.19480519480519481
CC1=C(C=NN1C2=CC=CC=C2)[C@H](C)NC(=O)C3=CNC(=O)NC3=O,Cc1c([C@H](C)NC(=O)c2c[nH]c(=O)[nH]c2=O)cnn1-c1ccccc1,2.780931669733363,11,15,0.4160119891166687,-0.20513054728507996,0.25620323419570923,0.19175168871879578,0.467084676027298,0.1456516683101654,0.370626300573349,-0.008122682571411133,0.20408163265306123
C1C(=O)NC2=CC=CC=C2N1C(=O)NCC(=O)NCC3=CC=NC=C3,O=C(CNC(=O)N1CC(=O)Nc2ccccc21)NCc1ccncc1,2.269203159253566,12,15,0.21794208884239197,0.10129649937152863,0.14774546027183533,0.1820911467075348,0.4669840484857559,0.16786175966262817,0.21886205673217773,0.11764150857925415,0.17192982456140352
C1=CC=C2C(=C1)C(=NN(C2=O)CCO)CC(=O)NCC3=NC=CC=N3,O=C(Cc1nn(CCO)c(=O)c2ccccc12)NCc1ncccn1,2.3926339284843348,12,16,0.15063917636871338,0.11723976582288742,0.1985684633255005,0.1514752060174942,0.4664474055171013,0.11931033432483673,0.17784816026687622,0.15957403182983398,0.23225806451612904
C1CC(C1)NC2=NC(=NC=C2C(=O)N)NC3=CC4=C(C=C3)OC(=O)C4,NC(=O)c1cnc(Nc2ccc3c(c2)CC(=O)O3)nc1NC1CCC1,2.5961968483109867,11,16,0.2603818476200104,-0.06857188045978546,0.27401143312454224,0.17806577682495117,0.46582140028476715,0.10699363797903061,0.2760917544364929,0.10751429200172424,0.296875
CCOC1=C2C=CC=NC2=C(C=C1)NC(=O)C3=CN(N=N3)C4COC4,CCOc1ccc(NC(=O)c2cn(C3COC3)nn2)c2ncccc12,2.497120466945873,11,16,0.32288286089897156,-0.12311773002147675,0.26559263467788696,0.11427637189626694,0.4653577655553818,0.07842262089252472,0.3256070613861084,-0.017294414341449738,0.22287390029325513
CN1C2=CN=C(N=C2N(C1=O)CC3=CC=C(C=C3)C#N)OCCOC,COCCOc1ncc2c(n1)n(Cc1ccc(C#N)cc1)c(=O)n2C,2.5268393185168367,8,15,-0.002991359680891037,-0.037955671548843384,0.5062944293022156,0.0682041347026825,0.46534739807248116,-0.05527570843696594,0.2005537450313568,0.13969480991363525,0.21602787456445993
CC(=O)NC1=CC=CC=C1C2(C3=C(C=CC(=C3)C(=O)O)NC(=N2)N)N,CC(=O)Nc1ccccc1C1(N)N=C(N)Nc2ccc(C(=O)O)cc21,3.228450628166235,13,17,0.011984983459115028,0.37380093336105347,0.0794769674539566,0.13582846522331238,0.4652628842741251,0.11737537384033203,0.090619757771492,0.2409641146659851,0.14098360655737704
CN(C1=C(N=CC=C1)OC)C(=O)CCC2=NN=C(O2)C3=CC=NC=C3,COc1ncccc1N(C)C(=O)CCc1nnc(-c2ccncc2)o1,2.5654627746381813,9,15,0.06763707846403122,0.33795809745788574,0.05940181016921997,0.1839638352394104,0.46499698609113693,0.19426465034484863,0.06999780982732773,0.2625558376312256,0.25073746312684364
CC1=NC=C(O1)C2=CC3=CC(=NN=C3C=C2)NC(=O)N4CCOCC4,Cc1ncc(-c2ccc3nnc(NC(=O)N4CCOCC4)cc3c2)o1,2.6247039232156304,9,15,0.03310070186853409,0.1673710197210312,0.2641442120075226,0.1214982122182846,0.46461593359708786,0.07724422216415405,0.12391117215156555,0.19952550530433655,0.19420289855072465
CC1=CC(=NC(=N1)/N=C/2\NC(=O)CN2C3=CC4=C(C=C3)OCCO4)C,Cc1cc(C)nc(/N=C2\NC(=O)CN2c2ccc3c(c2)OCCO3)n1,2.994983928484336,9,15,0.1295585334300995,0.16703329980373383,0.16795435547828674,0.10203944146633148,0.46454618871212006,0.12644460797309875,0.11259283125400543,0.13905343413352966,0.29180327868852457
C1C[C@H](OC1)CN2C3=C(C=C(C2=N)C(=O)N)C(=O)N4C=CC=CC4=N3,N=c1c(C(N)=O)cc2c(=O)n3ccccc3nc2n1C[C@@H]1CCCO1,3.122088001570541,12,17,0.20048263669013977,0.216918483376503,0.04686868190765381,0.13858088850975037,0.46426980197429657,0.1904536485671997,0.15397042036056519,0.10479481518268585,0.25825825825825827
C1=CC=C2C(=C1)C=CC=C2CC(=O)N[C@@H](CO)C(=O)NN3C=NN=C3,O=C(Cc1cccc2ccccc12)N[C@@H](CO)C(=O)Nn1cnnc1,2.884090845557539,14,16,0.127262681722641,0.2724320888519287,0.06382182985544205,0.19833093881607056,0.46351660043001175,0.18561390042304993,0.1514059156179428,0.21441267430782318,0.15824915824915825
CN1C(=CC=N1)C2=NC(=NC=C2)NCC3=CC=CC=C3OCC(=O)O,Cn1nccc1-c1ccnc(NCc2ccccc2OCC(=O)O)n1,2.3616281592535664,13,17,0.22764815390110016,0.06348009407520294,0.1716383993625641,0.14425554871559143,0.4627666473388672,0.10612693428993225,0.2301645576953888,0.12049464136362076,0.3633217993079585
CC1=CC(=C(C(=N1)OCC(=O)NN=CC2=CC=NC=C2)C#N)COC,COCc1cc(C)nc(OCC(=O)NN=Cc2ccncc2)c1C#N,2.615840835309905,9,15,0.1984170377254486,-0.053826652467250824,0.31791597604751587,0.12442153692245483,0.46250636130571365,0.050393715500831604,0.2640605866909027,0.08274515718221664,0.19435736677115986
CC1=NC=CN1C2=NC=C(C=N2)NC(=O)C3=C(C(=CC=C3)OC)OC,COc1cccc(C(=O)Nc2cnc(-n3ccnc3C)nc2)c1OC,2.3365424604453313,10,16,0.04585652053356171,0.30741629004478455,0.10902435332536697,0.14733994007110596,0.4622971639037132,0.15269798040390015,0.12253866344690323,0.17158938944339752,0.2425249169435216
CN1C2=CC=CC=C2N3C1=NN(C3=O)CC4=NC=CC(=C4OC)OC,COc1ccnc(Cn2nc3n(C)c4ccccc4n3c2=O)c1OC,2.598966079080217,10,17,0.19163402915000916,0.041139014065265656,0.2290613204240799,0.15899422764778137,0.4618343636393547,0.13276058435440063,0.22436347603797913,0.09526888281106949,0.20972644376899696
COC1=CC2=C(C=C1)N=C3N2C(COC3)CNC(=O)C4=CN=CN=C4,COc1ccc2nc3n(c2c1)C(CNC(=O)c1cncnc1)COC3,3.17601584555754,11,16,0.1823398768901825,0.10553154349327087,0.17352262139320374,0.11004262417554855,0.4613940417766571,0.09702727943658829,0.1688811182975769,0.13843649625778198,0.22153846153846155
CN1C=CC(=N1)NC(=O)CN2C(=O)C3(CCC4=CC=CC=C43)NC2=O,Cn1ccc(NC(=O)CN2C(=O)NC3(CCc4ccccc43)C2=O)n1,3.3172978980586967,12,17,0.2623317539691925,0.17256829142570496,0.02646222710609436,0.13709203898906708,0.4613622725009918,0.18799930810928345,0.15076179802417755,0.11423347890377045,0.14882506527415143
CCOC1=C(C=CC=N1)NC(=O)C2=NCC(=O)N(N2)C3=CC=CC=C3,CCOc1ncccc1NC(=O)C1=NCC(=O)N(c2ccccc2)N1,2.493112774638181,11,15,0.05751778557896614,0.16619154810905457,0.23750485479831696,0.14569664001464844,0.46121418848633766,0.07636681944131851,0.1623748540878296,0.20427478849887848,0.2155688622754491
COC1=NC(=NC=C1)N2CCOC(C2)C3=NOC(=N3)C4=CC=CC=C4,COc1ccnc(N2CCOC(c3noc(-c4ccccc4)n3)C2)n1,2.9652044110461055,10,15,0.1486603319644928,0.2357715666294098,0.07651466131210327,0.14466501772403717,0.46094655990600586,0.1709183156490326,0.14559054374694824,0.13882851600646973,0.31384615384615383
CC1=NOC(=N1)[C@@H]2CCN(C2)C(=O)C3=CC=CC=C3C4=NC(=NO4)C,Cc1noc(-c2ccccc2C(=O)N2CC[C@@H](c3nc(C)no3)C2)n1,2.88914084555754,10,17,0.22116899490356445,0.31334933638572693,-0.07389263808727264,0.18054968118667603,0.46062569320201874,0.2528926134109497,0.12946197390556335,0.13660350441932678,0.1643835616438356
CC1=C(C(=NN1C2=CC=CC=C2)C)CN=CC3=C(NC(=O)NC3=O)O,Cc1nn(-c2ccccc2)c(C)c1CN=Cc1c(O)[nH]c(=O)[nH]c1=O,2.8393683790337843,10,15,0.17367605865001678,-0.10331597924232483,0.38989001512527466,0.15600505471229553,0.4602500945329666,0.05182566121220589,0.2927875220775604,0.0944594293832779,0.2005813953488372
CC1=C(C(=NO1)C2=CC=CC=N2)C(=O)N3CCC(C3)C4=NC(=NO4)C,Cc1noc(C2CCN(C(=O)c3c(-c4ccccn4)noc3C)C2)n1,3.00309084555754,10,17,0.13853220641613007,0.3245011866092682,-0.0027939826250076294,0.164012610912323,0.4602394104003906,0.21509584784507751,0.07809292525053024,0.2045651376247406,0.15384615384615385
C[C@H]1C(N2C(=CC3=C2N=C(C=C3)C(=O)NC4=NOC(=C4)C)C(=O)N1)C,Cc1cc(NC(=O)c2ccc3cc4n(c3n2)C(C)[C@H](C)NC4=O)no1,3.613346380074197,11,17,0.572790801525116,-0.0956723541021347,-0.01690087467432022,0.20753256976604462,0.46021757274866104,0.2525184750556946,0.38852059841156006,-0.08518414199352264,0.19480519480519481
CC1=C(C=C(C=C1OC)C(=O)NC2=CC(=CC=C2)N3C=NN=N3)OC,COc1cc(C(=O)Nc2cccc(-n3cnnn3)c2)cc(OC)c1C,2.1563805969567067,9,14,0.1716792732477188,0.12625399231910706,0.16226732730865479,0.14587584137916565,0.46020059287548065,0.14593802392482758,0.20249834656715393,0.09149548411369324,0.1760797342192691
CC1=CC(=C(C(=O)N1CC(=O)NN=CC2=CN=CC=C2)C#N)COC,COCc1cc(C)n(CC(=O)NN=Cc2cccnc2)c(=O)c1C#N,2.596777829583237,11,17,0.22956079244613647,-0.16263487935066223,0.39283308386802673,0.09885001927614212,0.459758996963501,0.012097688391804695,0.2952842712402344,0.04606539011001587,0.17302052785923755
CC1=CC(=C(C=C1)OCC(=O)NC2=CC=C(C=C2)C3=NNN=N3)OC,COc1cc(C)ccc1OCC(=O)Nc1ccc(-c2nn[nH]n2)cc1,1.975766620792026,10,15,0.13839682936668396,0.2775704860687256,0.04350496083498001,0.08542104810476303,0.45947227627038956,0.18283653259277344,0.07272280752658844,0.09609512984752655,0.36254980079681276
CC1=CN(C(=O)NC1=O)CC(=O)N2CC(C2)C3=NC4=CC=CC=C4N3,Cc1cn(CC(=O)N2CC(c3nc4ccccc4[nH]3)C2)c(=O)[nH]c1=O,2.4600114559568613,11,16,0.04203064367175102,-0.0665089413523674,0.48377883434295654,0.09263947606086731,0.45930053666234016,0.014438195154070854,0.18676960468292236,0.12150406837463379,0.23076923076923078
CC1=C(N=CN(C1=O)CC(=O)N2CC(C2)OC3=NC=CC(=C3)C#N)C,Cc1ncn(CC(=O)N2CC(Oc3cc(C#N)ccn3)C2)c(=O)c1C,2.732530165942528,9,16,0.15209247171878815,0.06951861083507538,0.23762503266334534,0.1281692385673523,0.45923611521720886,0.10074294358491898,0.1990646868944168,0.10792941600084305,0.27710843373493976
CC1=NC=C(C=C1)C2=NOC(=C2COC3=NN=C(C=C3)C(=O)NC)C,CNC(=O)c1ccc(OCc2c(-c3ccc(C)nc3)noc2C)nn1,2.5939873141831438,10,17,0.29184314608573914,0.3368116021156311,-0.16960513591766357,0.18210625648498535,0.45904961228370667,0.26853683590888977,0.14354689419269562,0.13087907433509827,0.18157894736842106
CC(=O)N1CCN(CC1)C(=O)C2=CN3C(=NN=C3C4=COC=C4)C=C2,CC(=O)N1CCN(C(=O)c2ccc3nnc(-c4ccoc4)n3c2)CC1,2.5150223900227964,9,15,0.060594357550144196,0.12522056698799133,0.2731185555458069,0.10276015102863312,0.4589334800839424,0.06447962671518326,0.18299716711044312,0.12379829585552216,0.26366559485530544
C1COCCN1CC2=CC(=CC=C2)C3=NOC(=N3)C4=CC(=O)NC=N4,O=c1cc(-c2nc(-c3cccc(CN4CCOCC4)c3)no2)nc[nH]1,2.5586959347213423,10,15,0.14722256362438202,0.3513091802597046,-0.04025938734412193,0.18800947070121765,0.4582723565399647,0.2081495076417923,0.12418262660503387,0.20796450972557068,0.3234323432343234
CN1C2=C(C=C(C=C2)NC(=O)C(=O)NCC3=CC=NC=C3)N(C1=O)C,Cn1c(=O)n(C)c2cc(NC(=O)C(=O)NCc3ccncc3)ccc21,2.216691016396423,10,15,0.07877929508686066,0.05451573431491852,0.3245571553707123,0.1203908696770668,0.45785218477249146,0.03236011415719986,0.19201558828353882,0.17479509115219116,0.21070234113712374
COCC1=NC(=NO1)C2=CC3=C(C=C2)C(CC3)NC(=O)C4=CNN=C4,COCc1nc(-c2ccc3c(c2)CCC3NC(=O)c2cn[nH]c2)no1,3.0535987749569067,12,17,-0.05411723256111145,0.40282994508743286,0.10910964757204056,0.11635252088308334,0.45782236009836197,0.1406928449869156,-0.008052725344896317,0.27629977464675903,0.207492795389049
CC1=NOC(=N1)[C@H]2CCN(C2)C(=O)C3=CC=CC=C3C4=NC(=NO4)C,Cc1noc(-c2ccccc2C(=O)N2CC[C@H](c3nc(C)no3)C2)n1,2.88914084555754,10,17,0.2167970985174179,0.3128262460231781,-0.07196727395057678,0.17948585748672485,0.4576560705900192,0.25174492597579956,0.12826484441757202,0.136606827378273,0.1643835616438356
CNC(=O)C(=CC1=C(N=C2C=CC=CN2C1=O)N3CCOCC3)C#N,CNC(=O)C(C#N)=Cc1c(N2CCOCC2)nc2ccccn2c1=O,2.644822200423663,9,15,0.41397589445114136,-0.0025620367377996445,0.04582558572292328,0.17999431490898132,0.457239443436265,0.1781480610370636,0.33394473791122437,0.01769186556339264,0.30246913580246915
CC1=C(N2C3=C(N=C2N1C4=CC(=CC=C4)OC)N(C(=O)NC3=O)C)C,COc1cccc(-n2c(C)c(C)n3c4c(=O)[nH]c(=O)n(C)c4nc23)c1,2.5703114368455395,9,17,0.12125684320926666,0.10258090496063232,0.2332342118024826,0.12152568995952606,0.4570719599723816,0.06342389434576035,0.17526935040950775,0.1703178584575653,0.26517571884984026
C1CCN(CC1)C(=O)CC2=CN=C(NC2=O)C3=C(C=C(C=N3)C#N)O,N#Cc1cnc(-c2ncc(CC(=O)N3CCCCC3)c(=O)[nH]2)c(O)c1,2.7592226337931116,9,15,0.011586395092308521,0.21425460278987885,0.2307487428188324,0.1614966243505478,0.45658974070101976,0.09865313768386841,0.12293557822704315,0.24407580494880676,0.4020979020979021
CC(=O)C(C(=O)NC1=CC=CC(=C1)N)N=NC2=CC=CC(=C2)C(=O)N,CC(=O)C(N=Nc1cccc(C(N)=O)c1)C(=O)Nc1cccc(N)c1,2.9502673505742614,13,17,0.15528596937656403,0.2378816157579422,0.06337223201990128,0.1563871055841446,0.4565398171544075,0.19288793206214905,0.17903462052345276,0.09452491998672485,0.13851351351351351
CC1=NOC2=C1C(=CC(=N2)C3CC3)C(=O)NNC(=O)C4=CC=CN4C,Cc1noc2nc(C3CC3)cc(C(=O)NNC(=O)c3cccn3C)c12,2.6406602471656537,10,16,0.3845725953578949,0.010076282545924187,0.06113820523023605,0.21196401119232178,0.45578708313405514,0.1811746060848236,0.32452332973480225,0.06286533176898956,0.1501416430594901
C[C@H]1[C@H](N2C(=CC3=C2N=C(C=C3)C(=O)NC4=NOC(=C4)C)C(=O)N1)C,Cc1cc(NC(=O)c2ccc3cc4n(c3n2)[C@H](C)[C@H](C)NC4=O)no1,3.613346380074197,11,17,0.5718269348144531,-0.1171606108546257,0.0009480491280555725,0.20391616225242615,0.455614373087883,0.23842203617095947,0.40113550424575806,-0.09125089645385742,0.19480519480519481
CC1=NOC(=N1)C2CN(C2)C(=O)C3=CC(=NN3)C4=CC=CC=C4OC,COc1ccccc1-c1cc(C(=O)N2CC(c3nc(C)no3)C2)[nH]n1,2.468281788722688,10,16,0.11260740458965302,0.10360069572925568,0.2388448715209961,0.09078514575958252,0.4550529718399048,0.08048280328512192,0.1362256109714508,0.1330537348985672,0.2548476454293629
C1CC1C2=CC(=NN2)NC(=O)CC3=CC=C(C=C3)N4CC(=O)NC4=O,O=C1CN(c2ccc(CC(=O)Nc3cc(C4CC4)[nH]n3)cc2)C(=O)N1,2.533465970737856,10,14,0.19571109116077423,0.06381818652153015,0.1952013075351715,0.1669902205467224,0.4547305852174759,0.12796232104301453,0.19646021723747253,0.1485907882452011,0.16715542521994134
COCCOC1=NC=C(C=C1)NC(=O)C2=CN(N=N2)C3=CC=CC=C3,COCCOc1ccc(NC(=O)c2cn(-c3ccccc3)nn2)cn1,2.2004634595696864,11,15,0.27956467866897583,-0.02552146650850773,0.1998409926891327,0.14276251196861267,0.4538842048496008,0.08388995379209518,0.2819526791572571,0.07363112270832062,0.1867816091954023
CCC1=CC(=NO1)NC(=O)C2=NC3=C(C=C2)C=C4N3CCCNC4=O,CCc1cc(NC(=O)c2ccc3cc4n(c3n2)CCCNC4=O)no1,2.8737262361766422,11,17,0.5274479389190674,0.2180783897638321,-0.29208314418792725,0.22114475071430206,0.45344318449497223,0.34798645973205566,0.21935971081256866,0.030169539153575897,0.1989389920424403
CC1=NC(=CC(=O)N1)[C@H]2COCCN2C(=O)C3=NNC4=CC=CC=C43,Cc1nc([C@H]2COCCN2C(=O)c2n[nH]c3ccccc23)cc(=O)[nH]1,3.3221985378652317,12,17,0.020953863859176636,0.15600404143333435,0.27621006965637207,0.10193845629692078,0.45316797494888306,0.08481622487306595,0.13744348287582397,0.13521939516067505,0.22796352583586627
CN1C(=O)N(N=N1)C2=CC=C(C=C2)NC(=O)CC3=CC(=CC=C3)OC,COc1cccc(CC(=O)Nc2ccc(-n3nnn(C)c3=O)cc2)c1,2.083208549286068,10,15,0.07698387652635574,0.10877254605293274,0.26734960079193115,0.12837693095207214,0.45310602337121964,0.09432849287986755,0.15153074264526367,0.15077421069145203,0.21846153846153846
CC1=NC(=CC(=O)N1)[C@@H]2COCCN2C(=O)C3=NNC4=CC=CC=C43,Cc1nc([C@@H]2COCCN2C(=O)c2n[nH]c3ccccc23)cc(=O)[nH]1,3.3221985378652317,12,17,0.011454963125288486,0.16126790642738342,0.28005778789520264,0.10042507946491241,0.45278065744787455,0.08224128931760788,0.13169726729393005,0.14034946262836456,0.22796352583586627
C1COCCC1C2=NC=C(C=N2)NC(=O)C3=CC4=CC=CN4C(=O)N3,O=C(Nc1cnc(C2CCOCC2)nc1)c1cc2cccn2c(=O)[nH]1,2.91447167874777,10,14,0.3940924406051636,0.038206420838832855,0.020395439118146896,0.149237260222435,0.4526943005621433,0.1729733645915985,0.28372621536254883,0.020869610831141472,0.20634920634920634
CN(C)C(=O)COC1=CC=CC(=C1)C(=O)NC2=CC=NC3=CC=NN32,CN(C)C(=O)COc1cccc(C(=O)Nc2ccnc3ccnn23)c1,2.327039318516837,11,16,0.16913343966007233,0.22962522506713867,0.053887221962213516,0.13428674638271332,0.4526458866894245,0.1153712198138237,0.12287363409996033,0.21637916564941406,0.3333333333333333
CC1=CC=C(O1)/C=N\NC2=NN=C(C(=O)N2)CC3=CC=C(C=C3)OC,COc1ccc(Cc2nnc(N/N=C\c3ccc(C)o3)[nH]c2=O)cc1,2.6955435438689506,10,15,0.17714369297027588,0.04068569466471672,0.2344013750553131,0.14633449912071228,0.4522307626903057,0.09114788472652435,0.21954111754894257,0.11928603798151016,0.22560975609756098
CCN1C(=O)C2=C(C=C(C=C2)C(=O)N3CCC4=C(C3)C=NN4)NC1=O,CCn1c(=O)[nH]c2cc(C(=O)N3CCc4[nH]ncc4C3)ccc2c1=O,2.575917108332657,11,17,0.06490188091993332,0.20085835456848145,0.18523654341697693,0.1306394338607788,0.4509967789053917,0.13584335148334503,0.08068925142288208,0.1940263956785202,0.21407624633431085
CCN1C2=C(C=C(C=N2)C(=O)NCCC3=CC=CC=N3)C(=O)NC1=O,CCn1c(=O)[nH]c(=O)c2cc(C(=O)NCCc3ccccn3)cnc21,2.3195818970650492,12,17,0.37539777159690857,0.0969790369272232,-0.02152147702872753,0.17690400779247284,0.45085533149540424,0.2069990038871765,0.20066064596176147,0.10770131647586823,0.25483870967741934
C1CCOC(C1)N2C=NC3=CN=C(N=C32)NC4=CC=C(C=C4)C(=O)O,O=C(O)c1ccc(Nc2ncc3ncn(C4CCCCO4)c3n2)cc1,2.8634531479811436,11,15,-0.0010500135831534863,0.262567400932312,0.18911457061767578,0.09254121780395508,0.4506319579668343,0.11446806788444519,0.04121268913149834,0.1909964233636856,0.22508038585209003
CO/C(=C\C1=CC=CC(=NC1)NC2=CN=CC=C2)/C3C(=O)NC(=O)N3,CO/C(=C\C1=CC=CC(Nc2cccnc2)=NC1)C1NC(=O)NC1=O,4.155654307096,14,17,0.3199481666088104,0.2777654826641083,-0.14731977880001068,0.19552379846572876,0.450393870472908,0.2979010343551636,0.16878682374954224,0.06864196062088013,0.16193181818181818
CC1=C(C=NN1)C(=O)N2CCOC[C@@H]2C3=NC(=NO3)C4=CC=CC=C4,Cc1[nH]ncc1C(=O)N1CCOC[C@@H]1c1nc(-c2ccccc2)no1,2.980496772849426,10,15,0.08448389172554016,0.23643246293067932,0.12921150028705597,0.12471817433834076,0.45012785494327545,0.154674232006073,0.11737389862537384,0.13140347599983215,0.20165745856353592
C#CCCC1(N=N1)CCNC(=O)C2=CC3=C(C=C2)C(=O)NCC(=O)N3,C#CCCC1(CCNC(=O)c2ccc3c(c2)NC(=O)CNC3=O)N=N1,3.2118279394733467,12,17,0.22355759143829346,0.18216688930988312,0.043801091611385345,0.14505057036876678,0.4495255723595619,0.16502445936203003,0.18581442534923553,0.10861124098300934,0.12540192926045016
C1CC2=C(C1)N=C(N=C2C3=CC(=CC(=C3)[N+](=O)[O-])C(=O)N)N4CCC4,NC(=O)c1cc(-c2nc(N3CCC3)nc3c2CCC3)cc([N+](=O)[O-])c1,2.5310264010118075,9,16,0.0005266396328806877,0.428594708442688,0.020049382001161575,0.17349284887313843,0.44917073007673025,0.21897801756858826,0.02242411859333515,0.25595977902412415,0.3
C1CCOC2=CC=CC=C2NC(=O)NC3=CN=C(C(=N3)OCC1)C#N,N#Cc1ncc2nc1OCCCCCOc1ccccc1NC(=O)N2,4.046471407940718,12,17,0.09828567504882812,0.15660607814788818,0.19425848126411438,0.12975004315376282,0.4491502344608307,0.11717400699853897,0.15065446496009827,0.14461976289749146,0.25806451612903225
COC(=O)CN1C2=C(C=NN2C3=CC=CC=C3)C4=NCCCN4C1=O,COC(=O)CN1C(=O)N2CCCN=C2c2cnn(-c3ccccc3)c21,2.768420466945873,9,15,0.024897612631320953,0.17774426937103271,0.2463127225637436,0.15098103880882263,0.44895460456609726,0.13661332428455353,0.12245486676692963,0.16016660630702972,0.14285714285714285
COCCOC1=CC=C(C=C1)C2=NC3=C(C(=C2)C(=O)N)N=CN=C3N,COCCOc1ccc(-c2cc(C(N)=O)c3ncnc(N)c3n2)cc1,2.32107377138791,9,15,0.055101681500673294,0.1402798444032669,0.25322771072387695,0.18615184724330902,0.44860923662781715,0.08132430911064148,0.19456788897514343,0.22728043794631958,0.3487544483985765
CN1C(=O)CCC2=C1C=CC(=C2)N3CCOC4=NC=NC(=C4C3=O)N,CN1C(=O)CCc2cc(N3CCOc4ncnc(N)c4C3=O)ccc21,2.7921881809220377,10,17,-0.06748571991920471,0.45184189081192017,0.06417149305343628,0.15853995084762573,0.44852766394615173,0.18329009413719177,-0.03723791241645813,0.3303929567337036,0.23919308357348704
CC1=NC(=C(C=C1)CNC(=O)C2=NC(=NC(=C2)C3=CC=CO3)N)OC,COc1nc(C)ccc1CNC(=O)c1cc(-c2ccco2)nc(N)n1,2.4818919729047035,11,17,0.27213817834854126,0.07248593866825104,0.1035929024219513,0.1553463339805603,0.4482170194387436,0.1549883484840393,0.2655293345451355,0.0408739298582077,0.26112759643916916
CC1=CN2C3=C(N=C2N1C4=CC(=CC=C4)OC)N(C(=O)N(C3=O)C)C,COc1cccc(-n2c(C)cn3c4c(=O)n(C)c(=O)n(C)c4nc23)c1,2.481854580658249,9,17,0.025936871767044067,0.08538191765546799,0.33687034249305725,0.10676930844783783,0.4481891319155693,0.01698850840330124,0.14594094455242157,0.20670340955257416,0.267741935483871
CC1=C(C=NN1)C(=O)N2CCOC[C@H]2C3=NC(=NO3)C4=CC=CC=C4,Cc1[nH]ncc1C(=O)N1CCOC[C@H]1c1nc(-c2ccccc2)no1,2.980496772849426,10,15,0.07822206616401672,0.24205221235752106,0.12754106521606445,0.12487350404262543,0.44781534373760223,0.1550268530845642,0.11310659348964691,0.13415300846099854,0.20165745856353592
C1CCN(CC1)C2=NC=NC3=C2C(=CC4=CC=C(N4)C(=O)O)C(=O)N3,O=C1Nc2ncnc(N3CCCCC3)c2C1=Cc1ccc(C(=O)O)[nH]1,2.956032005407412,10,15,0.04412899538874626,0.01121220551431179,0.39242684841156006,0.16494031250476837,0.4477680493146181,0.05564868450164795,0.2240971326828003,0.16746196150779724,0.20334261838440112
C1=CN=C(N=C1)NCCC(=O)OCC(=O)NC2=CC=C(C=C2)CC#N,N#CCc1ccc(NC(=O)COC(=O)CCNc2ncccn2)cc1,2.2061820054074115,10,14,0.20878897607326508,0.19919589161872864,0.03956224396824837,0.14228639006614685,0.4475471116602421,0.15978609025478363,0.1526535153388977,0.14853006601333618,0.30798479087452474
CC1=CC(=C(C=C1)OC)NC(=O)C2=CN=C(C=N2)NC3=NOC(=C3)C,COc1ccc(C)cc1NC(=O)c1cnc(Nc2cc(C)on2)cn1,2.3142755048656998,11,17,0.11823836714029312,0.15133869647979736,0.1779133379459381,0.1191912442445755,0.4474904015660286,0.083214670419693,0.15725652873516083,0.16618496179580688,0.19540229885057472
CCN1N=C(N=N1)C2=C3CCC(N4C3=C(C=C2)C(=O)C(=C4)C(=O)O)C,CCn1nnc(-c2ccc3c(=O)c(C(=O)O)cn4c3c2CCC4C)n1,3.222536944458639,10,17,0.2886330485343933,0.2503926753997803,-0.09156471490859985,0.17149107158184052,0.44746100902557373,0.27608463168144226,0.13392914831638336,0.08735273033380508,0.20738636363636365
CN1C2=C(C(=O)NC1=O)N3C=C(N(C3=N2)CCOC)C4=CC=CC=C4,COCCn1c(-c2ccccc2)cn2c3c(=O)[nH]c(=O)n(C)c3nc12,2.53339186456234,9,15,0.045407868921756744,-0.06812846660614014,0.46982425451278687,0.08493097871541977,0.4471036568284035,-0.05120810121297836,0.2455805093050003,0.12052780389785767,0.32167832167832167
CN1C(=NN(C1=O)CC(=O)NC2=CC=C(C=C2)OC)C3=CC=CC=N3,COc1ccc(NC(=O)Cn2nc(-c3ccccn3)n(C)c2=O)cc1,2.115245819058549,10,15,0.0045659784227609634,0.22377805411815643,0.21866965293884277,0.16371551156044006,0.44701368547976017,0.11146217584609985,0.11695782095193863,0.23287877440452576,0.3575949367088608
CCOC(=O)C1=CC=CC=C1NC2=CN=NC(=N2)NCC3=CC=CO3,CCOC(=O)c1ccccc1Nc1cnnc(NCc2ccco2)n1,2.4044002351229032,13,17,0.29140329360961914,0.3642018437385559,-0.20948006212711334,0.2100890874862671,0.4461250752210617,0.30309557914733887,0.1307193487882614,0.1472126543521881,0.17784256559766765
CN1C=C(C=N1)N2CCC(C2=O)NC(=O)CC3=NOC4=CC=CC=C43,Cn1cc(N2CCC(NC(=O)Cc3noc4ccccc34)C2=O)cn1,3.061092768634463,12,17,-0.012991450726985931,0.266561359167099,0.19239410758018494,0.1595282256603241,0.445964016020298,0.11926260590553284,0.09610405564308167,0.23435591161251068,0.16434540389972144
CN1CCC2=C(C1=O)C=CC(=C2)N3CCOC4=NC=NC(=C4C3=O)N,CN1CCc2cc(N3CCOc4ncnc(N)c4C3=O)ccc2C1=O,2.798385797390077,10,17,0.02351074479520321,0.30961328744888306,0.11227492988109589,0.18548372387886047,0.44539896212518215,0.19806915521621704,0.060516633093357086,0.2419491708278656,0.21529745042492918
CN1C2=CN=C(N=C2N(C1=O)C(=O)N3CCC3)C4=CC=C(C=C4)OC,COc1ccc(-c2ncc3c(n2)n(C(=O)N2CCC2)c(=O)n3C)cc1,2.4503725548579602,7,14,0.07354473322629929,-0.04904455691576004,0.4208889901638031,0.15921932458877563,0.44538916647434235,0.06012421101331711,0.21020278334617615,0.14568740129470825,0.4107142857142857
CC1=NC2=C(N1)C=C(C=C2)C(=O)NC3COCC3N4C(=O)C=CC=N4,Cc1nc2ccc(C(=O)NC3COCC3n3ncccc3=O)cc2[nH]1,3.4492210504038665,13,17,0.3283187448978424,0.09181948751211166,0.0244861152023077,0.08343955874443054,0.44462434761226177,0.1477663516998291,0.23107457160949707,-0.019048042595386505,0.17582417582417584
CN(C)C1=CC=C(C=C1)N2C(=O)CN(C2=O)NC(=O)C3=CC=NC=C3,CN(C)c1ccc(N2C(=O)CN(NC(=O)c3ccncc3)C2=O)cc1,2.521577390022795,7,12,0.25786226987838745,0.09392168372869492,0.09271130710840225,0.1865357756614685,0.4444952607154846,0.19777537882328033,0.188065767288208,0.12692241370677948,0.1574074074074074
C1CC(OC1)CNC(=O)C2=C3C(=O)NC(=CN3N=N2)C4=CC=CC=C4,O=C(NCC1CCCO1)c1nnn2cc(-c3ccccc3)[nH]c(=O)c12,3.1144327054100165,11,15,0.3148317337036133,0.02969815768301487,0.09959837794303894,0.18129925429821014,0.4441282693296671,0.18824917078018188,0.26031598448753357,0.041130732744932175,0.25787965616045844
COCC1=CC=CC(=N1)CNC(=O)C2=NC(=NC(=C2)C3=CC=CO3)N,COCc1cccc(CNC(=O)c2cc(-c3ccco3)nc(N)n2)n1,2.4940223900227974,12,17,0.38788744807243347,-0.07005687057971954,0.12627552449703217,0.18992912769317627,0.4441061019897461,0.13731366395950317,0.35751354694366455,0.03785743564367294,0.24367088607594936
CCOC1=CC=CC=C1C2CC(=O)NC3=C2C(=O)N(C4=NC=NN34)C,CCOc1ccccc1C1CC(=O)Nc2c1c(=O)n(C)c1ncnn21,3.2376214793603566,11,17,-0.014417046681046486,0.1373024731874466,0.32110100984573364,0.1281806081533432,0.44398643635213375,0.024078696966171265,0.13371729850769043,0.24838462471961975,0.3438395415472779
CN1C2=C(C=C(C=C2)C(=O)N3CCN(CC3)C4=NC=CC=N4)OC1=O,Cn1c(=O)oc2cc(C(=O)N3CCN(c4ncccn4)CC3)ccc21,2.2897570054074112,8,14,-0.05535447597503662,0.1633494794368744,0.33486267924308777,0.09496749937534332,0.44285768270492554,0.04900679364800453,0.06602257490158081,0.2067105621099472,0.23404255319148937
CCC1=CC=CC=C1NC(=O)CN(C)C2=NC(=C(C=C2)[N+](=O)[O-])C#N,CCc1ccccc1NC(=O)CN(C)c1ccc([N+](=O)[O-])c(C#N)n1,2.486451905072963,11,17,0.34594792127609253,-0.018323086202144623,0.1151888445019722,0.16036289930343628,0.4428136795759201,0.13352930545806885,0.26823756098747253,0.0844510942697525,0.19504643962848298
CC1=NOC2=NC=NC(=C12)NC3=CC=C(C=C3)NC(=O)C4CCCO4,Cc1noc2ncnc(Nc3ccc(NC(=O)C4CCCO4)cc3)c12,2.839154096347846,10,15,0.08780486136674881,0.04766755551099777,0.3072911500930786,0.09562455117702484,0.4427635669708252,0.05984354764223099,0.15938690304756165,0.11900842934846878,0.22287390029325513
CC1=NOC(=N1)[C@@H]2COCCN2C(=O)C3=NN(C=C3)C4=CC=CC=C4,Cc1noc([C@@H]2COCCN2C(=O)c2ccn(-c3ccccc3)n2)n1,2.9957901342825117,10,15,0.06762835383415222,0.15876907110214233,0.21570318937301636,0.07227905094623566,0.4421006143093109,0.06323916465044022,0.1249714270234108,0.13287968933582306,0.12030075187969924
CC1=CC=C(C=C1)C2=NN3C(=CC(=O)NC3=N2)NC(=O)[C@@H]4CCCO4,Cc1ccc(-c2nc3[nH]c(=O)cc(NC(=O)[C@@H]4CCCO4)n3n2)cc1,3.2085119994036937,10,15,0.24763786792755127,0.05510775372385979,0.13923153281211853,0.07969275116920471,0.4419771544635296,0.12634611129760742,0.18794019520282745,0.012997867539525032,0.42857142857142855
CC1=CC=C(O1)C=NNC2=NN=C(C(=O)N2)CC3=CC=C(C=C3)OC,COc1ccc(Cc2nnc(NN=Cc3ccc(C)o3)[nH]c2=O)cc1,2.6955435438689506,10,15,0.2243480533361435,-0.01155366562306881,0.2280903160572052,0.1412988305091858,0.4408847037702799,0.0841292142868042,0.2483944296836853,0.08056681603193283,0.22560975609756098
CC1=NN(C(=O)C=C1)CCNC(=O)C2=CC=C(C=C2)C3=NOC(=N3)C,Cc1ccc(=O)n(CCNC(=O)c2ccc(-c3noc(C)n3)cc2)n1,2.1974198168917027,9,15,0.22772662341594696,0.23736578226089478,-0.0242148507386446,0.13658800721168518,0.44087755493819714,0.1921745389699936,0.1759151667356491,0.07441002875566483,0.22608695652173913
C[C@@H]1[C@H](N2C(=CC3=C2N=C(C=C3)C(=O)NC4=NOC(=C4)C)C(=O)N1)C,Cc1cc(NC(=O)c2ccc3cc4n(c3n2)[C@H](C)[C@@H](C)NC4=O)no1,3.613346380074197,11,17,0.566949725151062,-0.12290070950984955,-0.0036848094314336777,0.20078597962856293,0.4403642062097788,0.2453662008047104,0.38386762142181396,-0.09071381390094757,0.19480519480519481
COC[C@@H](C1=CC=CC=N1)NC(=O)NC2=CC3=C(C=C2)N=CNC3=O,COC[C@H](NC(=O)Nc1ccc2nc[nH]c(=O)c2c1)c1ccccn1,2.9319658455575386,14,17,0.41099032759666443,-0.033431295305490494,0.06241585686802864,0.1931881606578827,0.4399748891592026,0.17656594514846802,0.31451088190078735,0.023938249796628952,0.26384364820846906
C1COCCN1C(=O)C(C2=CC=CC=C2)N3C=NC4=C(C3=O)C=NN4,O=C(C(c1ccccc1)n1cnc2[nH]ncc2c1=O)N1CCOCC1,3.0035174261687096,9,13,0.2393893301486969,0.09616657346487045,0.10414396226406097,0.1960233747959137,0.4396998658776283,0.17691421508789062,0.21504269540309906,0.1265653669834137,0.26380368098159507
C1CN(CCN1C2=NC=CC=N2)C(=O)CN3C4=CC=CC=C4OC3=O,O=C(Cn1c(=O)oc2ccccc21)N1CCN(c2ncccn2)CC1,2.2196640918141544,9,14,0.07400527596473694,0.11034603416919708,0.25514084100723267,0.1405055969953537,0.4394921511411667,0.09554802626371384,0.1508973240852356,0.16204562783241272,0.25157232704402516
CCOC1=CC=C(C=C1)NC(=O)C2=CN=C(C=N2)NC3=NOC(=C3)C,CCOc1ccc(NC(=O)c2cnc(Nc3cc(C)on3)cn2)cc1,2.242445466945874,10,15,0.2518908381462097,-0.034244462847709656,0.22159865498542786,0.1792963743209839,0.4392450302839279,0.09709535539150238,0.2746683955192566,0.11916621774435043,0.22321428571428573
CN1C=NC2=C(C1=O)N(N=C2C(=O)N3CCOCC3)C4=CC=CC=C4,Cn1cnc2c(C(=O)N3CCOCC3)nn(-c3ccccc3)c2c1=O,2.4054127746381795,7,13,-0.055312179028987885,0.12295787036418915,0.37149715423583984,0.12373467534780502,0.4391428455710411,0.03554997593164444,0.12795543670654297,0.20226871967315674,0.19210526315789472
CC1=NC2=C(CN(C2)C3=NC4=CC=CC=C4N=C3)C(=O)N1C.C(=O)O,Cc1nc2c(c(=O)n1C)CN(c1cnc3ccccc3n1)C2.O=CO,2.76680642012313,11,17,0.259363055229187,-0.10044565796852112,0.27987730503082275,0.2211216390132904,0.43879470229148865,0.1559976041316986,0.326614648103714,0.041003040969371796,0.23030303030303031
CC1=CC(=NC(=N1)NC2=NOC(=C2)C)NC3=CC=C(C=C3)C(=O)OC,COC(=O)c1ccc(Nc2cc(C)nc(Nc3cc(C)on3)n2)cc1,2.2941225254507476,9,15,0.4331417679786682,0.04636598750948906,-0.04086342453956604,0.15857835114002228,0.43864433094859123,0.23535455763339996,0.23952172696590424,-0.006291879341006279,0.16718266253869968
CC1=NOC(=N1)C2COCCN2C(=O)C3=CC(=NN3)C4=CC=CC=C4,Cc1noc(C2COCCN2C(=O)c2cc(-c3ccccc3)n[nH]2)n1,3.020037974113915,10,15,0.06101207435131073,0.1649622917175293,0.21179622411727905,0.07837992161512375,0.4377705901861191,0.08660188317298889,0.10880018770694733,0.12399813532829285,0.1742627345844504
CC1=NC=C(C=N1)C2=NN=C(O2)C3CCCN(C3)C(=O)C4=CC=CO4,Cc1ncc(-c2nnc(C3CCCN(C(=O)c4ccco4)C3)o2)cn1,3.026253569477455,10,16,0.0817500650882721,0.2759113311767578,0.07877308130264282,0.15881618857383728,0.43643447756767273,0.20376643538475037,0.07983069121837616,0.17054757475852966,0.15404699738903394
CC(C)C1=NC(=NO1)C2=NC=C(C=C2)OC3=CC(=NC=C3)C(=O)NC,CNC(=O)c1cc(Oc2ccc(-c3noc(C(C)C)n3)nc2)ccn1,2.5104911061658086,10,16,0.21967636048793793,0.4008721709251404,-0.18439970910549164,0.1607043296098709,0.43614882230758667,0.2594851851463318,0.07291841506958008,0.17552831768989563,0.24848484848484848
C1CN2C3=C(C(=C(C2=N)C(=O)NC4=CC=CC=C4)N)C(=O)OCCN31,N=c1c(C(=O)Nc2ccccc2)c(N)c2c3n1CCN3CCOC2=O,2.816625667379242,10,15,0.3230527639389038,-0.14874997735023499,0.26177746057510376,0.14199647307395935,0.4360802471637726,0.09307704865932465,0.30829498171806335,0.009106057696044445,0.1571072319201995
C1CC1[C@]2(C(=O)NC(=O)N2)CNC(=O)C3=CN(N=C3)C4=CC=CC=C4,O=C1NC(=O)[C@](CNC(=O)c2cnn(-c3ccccc3)c2)(C2CC2)N1,3.0739189874860333,11,14,0.47619396448135376,-0.070025235414505,0.029886510223150253,0.18193131685256958,0.436055239289999,0.18060564994812012,0.3341177999973297,-0.005525348708033562,0.12573099415204678
CC(=C(C(=O)NC1=CC=CC(=C1)N)N=NC2=CC=CC(=C2)C(=O)N)O,CC(O)=C(N=Nc1cccc(C(N)=O)c1)C(=O)Nc1cccc(N)c1,2.74930608567497,13,17,0.05461152270436287,0.28171226382255554,0.09934885799884796,0.15441793203353882,0.4356726445257664,0.15529879927635193,0.12197428941726685,0.17669731378555298,0.15161290322580645
CC1=CC(=O)NC(=N1)C2CN(CCO2)C(=O)C3=CC4=C(C=C3)N=CN4,Cc1cc(=O)[nH]c(C2CN(C(=O)c3ccc4nc[nH]c4c3)CCO2)n1,3.263704307096001,12,17,0.25517821311950684,0.08818390220403671,0.0923013687133789,0.11671780049800873,0.43566348403692245,0.15027981996536255,0.2085675150156021,0.031110020354390144,0.2169811320754717
COCC1=NC(=NO1)C2=CC3=C(C=C2)[C@@H](CC3)NC(=O)C4=CNN=C4,COCc1nc(-c2ccc3c(c2)CC[C@H]3NC(=O)c2cn[nH]c2)no1,3.0535987749569067,12,17,-0.03747493773698807,0.3816840648651123,0.09099438786506653,0.1062975525856018,0.43520351499319077,0.1385842114686966,-0.0063390471041202545,0.2482222616672516,0.207492795389049
CCOC1=CC2=C(C=C1)OC[C@@H](C2)C(=O)NC3=NN4C=CC=NC4=N3,CCOc1ccc2c(c1)C[C@@H](C(=O)Nc1nc3ncccn3n1)CO2,3.0160036221644937,12,17,0.15438029170036316,0.1816338300704956,0.09878994524478912,0.08313654363155365,0.4348040670156479,0.12011212110519409,0.08495083451271057,0.14725477993488312,0.39925373134328357
C1=CC=C(C=C1)OCCNC(=O)COC2=CC=CC(=C2)N3C=NN=N3,O=C(COc1cccc(-n2cnnn2)c1)NCCOc1ccccc1,2.0394689076943138,12,15,0.1680837869644165,0.05250014737248421,0.2138436734676361,0.12645594775676727,0.4344276078045368,0.08622812479734421,0.1781930774450302,0.13661746680736542,0.21804511278195488
COC1=CC=CC=C1OCC(=O)NCC2=CN(N=N2)C3=CC=NC=C3,COc1ccccc1OCC(=O)NCc1cn(-c2ccncc2)nn1,2.160793280433756,11,15,0.16789470613002777,0.17454442381858826,0.09181949496269226,0.0992012619972229,0.4342586249113083,0.12045374512672424,0.1528891623020172,0.10530272126197815,0.22697368421052633
CC1=CC=C(C=C1)C(C(=O)N)NC(=O)N2CC(=O)NC3=C2N=CC=C3,Cc1ccc(C(NC(=O)N2CC(=O)Nc3cccnc32)C(N)=O)cc1,2.9585125488542428,11,15,0.12866149842739105,0.26251646876335144,0.0428658127784729,0.16779224574565887,0.4340437799692154,0.19165262579917908,0.12682034075260162,0.15903368592262268,0.19877675840978593
CN1C(=O)C=CC(=N1)C2=CN=C(N=C2C3=CC(=C(C=C3)OC)OC)N,COc1ccc(-c2nc(N)ncc2-c2ccc(=O)n(C)n2)cc1OC,2.349145302110708,10,17,0.13855531811714172,0.1639307737350464,0.13107836246490479,0.16271919012069702,0.4335644543170929,0.14214539527893066,0.18075233697891235,0.13890893757343292,0.3851851851851852
CCOC(=O)C1(C2=CC3=C(C=C2NC1=O)N=C(N3)C4(C=CN=N4)C)C,CCOC(=O)C1(C)C(=O)Nc2cc3nc(C4(C)C=CN=N4)[nH]c3cc21,4.409065061392878,10,17,0.012822644785046577,0.12341361492872238,0.2973248064517975,0.09116333723068237,0.43356106616556644,0.023265190422534943,0.14246557652950287,0.18128392100334167,0.18469656992084432
COC1=C(C(=CC=C1)OC)C2=NC(=NC=C2C3=NN=C(C=C3)OC)N,COc1ccc(-c2cnc(N)nc2-c2c(OC)cccc2OC)nn1,2.4735784301094697,8,14,0.38652634620666504,0.02283238247036934,0.024110473692417145,0.17888972163200378,0.4334692023694515,0.19695726037025452,0.2546021640300751,0.04337923228740692,0.3888888888888889
CCOC1=CC=CC=C1[C@H]2CC(=O)NC3=C2C(=O)N(C4=NC=NN34)C,CCOc1ccccc1[C@H]1CC(=O)Nc2c1c(=O)n(C)c1ncnn21,3.2376214793603566,11,17,-0.05038607120513916,0.17746701836585999,0.306247353553772,0.13390183448791504,0.4333283007144928,0.032594721764326096,0.11283759772777557,0.26841482520103455,0.3438395415472779
CC1=C(N=C(O1)C2=CC=CC=C2)CC(=O)NC3=CN(N=C3)CC(=O)N,Cc1oc(-c2ccccc2)nc1CC(=O)Nc1cnn(CC(N)=O)c1,2.2794183000986354,10,15,-0.07967325299978256,0.3021215796470642,0.21060103178024292,0.15310314297676086,0.43304935842752457,0.07829497754573822,0.1028888002038002,0.25636255741119385,0.20604395604395603
CC1=CC(=NO1)NC(=O)CN(CC=C)C(=O)NC2=CC=CC(=C2)C#N,C=CCN(CC(=O)Nc1cc(C)on1)C(=O)Nc1cccc(C#N)c1,2.434479148264556,12,17,0.4463191032409668,0.006219352595508099,-0.019557686522603035,0.18885870277881622,0.43298076931387186,0.21255812048912048,0.3335301876068115,-0.019634585827589035,0.16615384615384615
CC1=NC(=NO1)COC2=CC=CC(=C2)C(=O)N3CCC4=C(C3)C=NN4,Cc1nc(COc2cccc(C(=O)N3CCc4[nH]ncc4C3)c2)no1,2.5799220475570444,11,17,0.02729131281375885,0.28245729207992554,0.12320186197757721,0.09154175966978073,0.4329504668712616,0.13541609048843384,0.025561891496181488,0.18830053508281708,0.17548746518105848
CN1C=C(C=N1)N2CC[C@@H](C2=O)NC(=O)CC3=NOC4=CC=CC=C43,Cn1cc(N2CC[C@H](NC(=O)Cc3noc4ccccc34)C2=O)cn1,3.061092768634463,12,17,-0.013980457559227943,0.1933881640434265,0.25276049971580505,0.1327848881483078,0.4321682062000036,0.07820406556129456,0.10550296306610107,0.21146661043167114,0.16434540389972144
C1=CC=C(C=C1)C2=NC(=NC=C2)CCNC(=O)CC3C(=O)NC(=O)N3,O=C(CC1NC(=O)NC1=O)NCCc1nccc(-c2ccccc2)n1,2.8336196917113856,12,15,0.564478874206543,0.08858739584684372,-0.22109439969062805,0.2545241117477417,0.43197187036275864,0.3264455795288086,0.30758345127105713,0.005485168658196926,0.26881720430107525
CN1C(=NN=N1)C2=CC=C(C=C2)NC(=O)COC3=CC=CC(=C3)OC,COc1cccc(OCC(=O)Nc2ccc(-c3nnnn3C)cc2)c1,1.960985851561258,10,15,0.08912290632724762,0.1792917102575302,0.16304846107959747,0.04692176729440689,0.4314630776643753,0.05699056386947632,0.09945883601903915,0.13231268525123596,0.3484848484848485
C1CCC2=C(CC1)NN=C2C(=O)OCC3=NC(=NO3)C4=CN=CC=C4,O=C(OCc1nc(-c2cccnc2)no1)c1n[nH]c2c1CCCCC2,2.548747286072693,11,17,-0.19106437265872955,0.4425034821033478,0.17977753281593323,0.12521952390670776,0.43121664226055145,0.13302122056484222,-0.08347280323505402,0.34277278184890747,0.1994459833795014
CC1=C(C=NN1C2=CC=CC=C2)C(=O)N3CC(C3)N4C(=O)CNC4=O,Cc1c(C(=O)N2CC(N3C(=O)CNC3=O)C2)cnn1-c1ccccc1,2.5455747526601584,9,14,-0.0901041105389595,0.17768165469169617,0.3432861864566803,0.15085899829864502,0.43086373060941696,0.06608651578426361,0.11300483345985413,0.2219042181968689,0.12112676056338029
CNC(=O)CN1C=C(C=N1)C2=CC3=C(C=C2)C4(CC3)C(=O)NC(=O)N4,CNC(=O)Cn1cc(-c2ccc3c(c2)CCC32NC(=O)NC2=O)cn1,3.66360970737614,12,17,0.22016823291778564,0.4047808349132538,-0.19421768188476562,0.1710502803325653,0.4307313859462738,0.2959892749786377,0.06732576340436935,0.1313689649105072,0.140625
CC1=CC(=NO1)CC2=NC(=NO2)C3=CC=C(C=C3)N4CCCNC4=O,Cc1cc(Cc2nc(-c3ccc(N4CCCNC4=O)cc3)no2)no1,2.5420480749543035,9,15,-0.0642106682062149,0.3816678524017334,0.11319215595722198,0.11470884829759598,0.4306493401527405,0.11625691503286362,0.030858101323246956,0.2428203523159027,0.211864406779661
CCOC(=O)C1=CN=C2C(=C1NN)C=NN2C(=O)C3=CC=C(C=C3)C,CCOC(=O)c1cnc2c(cnn2C(=O)c2ccc(C)cc2)c1NN,2.496796730682137,9,15,0.10754480957984924,0.22355885803699493,0.09906448423862457,0.09245814383029938,0.43016815185546875,0.12609083950519562,0.10375603288412094,0.1249183714389801,0.16434540389972144
CC1=NC(=CC(=O)N1)C2COCCN2C(=O)C3=NNC4=CC=CC=C43,Cc1nc(C2COCCN2C(=O)c2n[nH]c3ccccc23)cc(=O)[nH]1,3.3221985378652317,12,17,0.0034216148778796196,0.1614372730255127,0.2651231288909912,0.09941106289625168,0.4299820167943835,0.07801491022109985,0.1255369931459427,0.13968801498413086,0.22796352583586627
CC1=C(C=C2C=NN(C2=N1)C(C)C)C(=O)NC3=CC(=CC=C3)[N+](=O)[O-],Cc1nc2c(cnn2C(C)C)cc1C(=O)Nc1cccc([N+](=O)[O-])c1,2.285150901728482,10,16,0.18181562423706055,0.15433326363563538,0.09381544589996338,0.16198241710662842,0.4299643337726593,0.18733228743076324,0.18982401490211487,0.07644383609294891,0.18156424581005587
CCC(=O)NC1=CC(=NN1C2=NC3=C(CCC3)C(=O)N2)C4=CC=CO4,CCC(=O)Nc1cc(-c2ccco2)nn1-c1nc2c(c(=O)[nH]1)CCC2,2.8103146977151034,11,17,0.3809341490268707,0.1964811235666275,-0.14755681157112122,0.17504623532295227,0.429858461022377,0.2763770520687103,0.17736408114433289,0.05574458837509155,0.2575
CN(C)C(=O)C1=CC(=NC=C1)NC(=O)CN2C3=CC=CC=C3NC2=O,CN(C)C(=O)c1ccnc(NC(=O)Cn2c(=O)[nH]c3ccccc32)c1,2.243564422989829,11,16,0.2885577976703644,0.15539783239364624,-0.014555301517248154,0.20297639071941376,0.42940032854676247,0.1924813985824585,0.2133585661649704,0.1455182582139969,0.23492063492063492
COC1=CC=CC=C1C2=NOC(=N2)C3CN(C3)C(=O)CN4C=CC=N4,COc1ccccc1-c1noc(C2CN(C(=O)Cn3cccn3)C2)n1,2.3842858515612573,11,16,0.09671644121408463,0.19258171319961548,0.13957348465919495,0.11859653890132904,0.42887163907289505,0.13851021230220795,0.09993308037519455,0.14784277975559235,0.29289940828402367
CN1C2=C(C=CC(=N2)C(=O)N(C)CC3=CN=CC=C3)C(=O)N(C1=O)C,CN(Cc1cccnc1)C(=O)c1ccc2c(=O)n(C)c(=O)n(C)c2n1,2.3411555840027294,10,17,0.01338284183293581,0.1590862274169922,0.25628605484962463,0.15996606647968292,0.42875512409955263,0.11518296599388123,0.10743934661149979,0.20852692425251007,0.2508361204013378
CNC1=NC=CC(=N1)C2=CC3=C(N2)C=CC(=C3)C(=O)NCC(=O)OC,CNc1nccc(-c2cc3cc(C(=O)NCC(=O)OC)ccc3[nH]2)n1,2.4153719295677583,12,17,0.3286866545677185,0.25981926918029785,-0.1605200469493866,0.16563086211681366,0.42798587679862976,0.2555774450302124,0.1445729285478592,0.1029982641339302,0.33695652173913043
CC1=NOC(=C1)C(=O)N2CCC(CC2)C3=NOC(=N3)C4=CN=CC=C4,Cc1cc(C(=O)N2CCC(c3noc(-c4cccnc4)n3)CC2)on1,2.498466831540183,9,15,-0.0054293181747198105,0.3570464849472046,0.0761202871799469,0.11477012187242508,0.4277374539524317,0.13265690207481384,0.022510763257741928,0.24810227751731873,0.171875
CCOC(=O)C1=C(NC(=C1C)/C=C/2\C=NN(C2=O)C3=NC=CN=C3)C,CCOC(=O)c1c(C)[nH]c(/C=C2\C=NN(c3cnccn3)C2=O)c1C,3.0393424449678514,10,17,0.08492777496576309,0.1819567233324051,0.16068613529205322,0.09020864963531494,0.4275706335902214,0.12105925381183624,0.07335729897022247,0.14699022471904755,0.16957605985037408
CC1=CC(=O)NC(=N1)[C@@H]2CN(CCO2)C(=O)C3=CC4=C(C=C3)N=CN4,Cc1cc(=O)[nH]c([C@@H]2CN(C(=O)c3ccc4nc[nH]c4c3)CCO2)n1,3.263704307096001,12,17,0.2258141189813614,0.09708141535520554,0.10407425463199615,0.10100217908620834,0.4269697889685631,0.13832765817642212,0.18302154541015625,0.03920608013868332,0.2169811320754717
CCOC1=NC(=NC2=NC=C(N=C21)C3=CC=CC=C3C(=O)OCC)N,CCOC(=O)c1ccccc1-c1cnc2nc(N)nc(OCC)c2n1,2.422318408440999,10,17,0.11059056222438812,0.4024472236633301,-0.08658865839242935,0.18440896272659302,0.42644912749528885,0.22268202900886536,0.09282678365707397,0.20605303347110748,0.3389261744966443
C1=CC=C2C(=C1)C=CC=C2CC(=O)NC(CO)C(=O)NN3C=NN=C3,O=C(Cc1cccc2ccccc12)NC(CO)C(=O)Nn1cnnc1,2.884090845557539,14,16,0.10471402108669281,0.25123685598373413,0.07018314301967621,0.18282955884933472,0.42613402009010315,0.16368664801120758,0.1393619328737259,0.20335713028907776,0.15824915824915825
CN1C(=O)CCC(=N1)C(=O)NC2=C(C=CC=N2)OCC3=CC=NC=C3,CN1N=C(C(=O)Nc2ncccc2OCc2ccncc2)CCC1=O,2.461516620792027,10,15,0.2201971411705017,0.2639303207397461,-0.05804615095257759,0.17224065959453583,0.4260813109576702,0.2115357518196106,0.15963365137577057,0.12946432828903198,0.2553191489361702
CN1C(=NC2=CC=CC=C2C1=O)C3CCCN3C(=O)C4=CNC(=O)N4,Cn1c(C2CCCN2C(=O)c2c[nH]c(=O)[nH]2)nc2ccccc2c1=O,2.9872264631090033,12,17,0.09096701443195343,0.16765642166137695,0.16740673780441284,0.1487850844860077,0.4260301738977432,0.15590736269950867,0.15004056692123413,0.11892521381378174,0.22058823529411764
CC1=CC(=O)NC(=N1)[C@H]2CN(CCO2)C(=O)C3=CC4=C(C=C3)N=CN4,Cc1cc(=O)[nH]c([C@H]2CN(C(=O)c3ccc4nc[nH]c4c3)CCO2)n1,3.263704307096001,12,17,0.22509613633155823,0.10133210569620132,0.09955857694149017,0.1019212007522583,0.4259868189692497,0.13914194703102112,0.18218690156936646,0.04107347130775452,0.2169811320754717
CC1=NC=CC(=C1)C2=CC(=NN2)NC(=O)COCC3=CC(=O)NC=C3,Cc1cc(-c2cc(NC(=O)COCc3cc[nH]c(=O)c3)n[nH]2)ccn1,2.7193300823304885,13,17,0.2171989381313324,0.058982670307159424,0.1493050456047058,0.10132034122943878,0.42548665404319763,0.10262050479650497,0.198825404047966,0.058685120195150375,0.3221476510067114
COC1=CC=CC(=N1)C2CCCN2C3=NC4=C(C=NN4C=C3)C(=O)O,COc1cccc(C2CCCN2c2ccn3ncc(C(=O)O)c3n2)n1,3.1978504609421545,12,17,0.2319951057434082,0.1430458426475525,0.0501021146774292,0.10948188602924347,0.4251430630683899,0.18121331930160522,0.13611795008182526,0.058838795870542526,0.23324396782841822
CCOC1=CC=CC=C1[C@@H]2CC(=O)NC3=C2C(=O)N(C4=NC=NN34)C,CCOc1ccccc1[C@@H]1CC(=O)Nc2c1c(=O)n(C)c1ncnn21,3.2376214793603566,11,17,-0.05997948348522186,0.17857569456100464,0.30609583854675293,0.1303870975971222,0.4246920496225357,0.028528667986392975,0.10681823641061783,0.2684287428855896,0.3438395415472779
CC1=C(C(=CC=C1)OCC(=O)NC2=CC=C(C=C2)OC3=NNN=N3)C,Cc1cccc(OCC(=O)Nc2ccc(Oc3nn[nH]n3)cc2)c1C,2.2341954669458737,10,15,0.1568649411201477,0.05648180469870567,0.21103565394878387,0.12300525605678558,0.42438239976763725,0.13329735398292542,0.1489846110343933,0.09586043655872345,0.25547445255474455
C[C@@H]1CN(C[C@@H](O1)C2=NN=C(O2)C)C(=O)C3=C4C(=CC=C3)N=CC=N4,Cc1nnc([C@H]2CN(C(=O)c3cccc4nccnc34)C[C@@H](C)O2)o1,3.434394127326944,11,17,0.2697451114654541,0.06839115917682648,0.08618173748254776,0.14970983564853668,0.42431800812482834,0.18079397082328796,0.22938713431358337,0.02823314629495144,0.11748633879781421
CN1C(=CC(=O)N(C1=O)C)C(=O)NCC2=CC=C(C=C2)N3C=CC=N3,Cn1c(C(=O)NCc2ccc(-n3cccn3)cc2)cc(=O)n(C)c1=O,2.307713653759059,10,15,0.11268080025911331,0.06672794371843338,0.24485599994659424,0.11104539036750793,0.42426474392414093,0.047025084495544434,0.1726619452238083,0.15599903464317322,0.19469026548672566
CN1C2=C(N(C1=O)C)N3C(=O)C(=CN(C3=N2)CCO)C4=CC=CC=C4,Cn1c(=O)n(C)c2c1nc1n(CCO)cc(-c3ccccc3)c(=O)n12,2.8760765109019175,9,15,-0.02968880720436573,0.038442112505435944,0.41512173414230347,0.12532666325569153,0.4238750394433737,0.033960968255996704,0.16181844472885132,0.1566203385591507,0.2883895131086142
COC1=CC=CC=C1C2=NNC(=C2)C(=O)NCCN3C(=O)C=CC=N3,COc1ccccc1-c1cc(C(=O)NCCn2ncccc2=O)[nH]n1,2.2913416207920267,13,17,0.40875497460365295,0.021994905546307564,-0.00699460506439209,0.16200324892997742,0.42375527508556843,0.21205848455429077,0.25378865003585815,0.009818032383918762,0.30153846153846153
CC1=NN=C(O1)CNC(=O)C2CN(C2)C(=O)C3=CNC4=CC=CC=C43,Cc1nnc(CNC(=O)C2CN(C(=O)c3c[nH]c4ccccc34)C2)o1,2.4002211170000436,11,16,0.04957767575979233,0.1446702927350998,0.229460209608078,0.1566532999277115,0.4237081781029701,0.09709059447050095,0.14160287380218506,0.19867803156375885,0.15479876160990713
CC1=C(C=CC(=N1)C2=CC=CO2)C(=O)NC3=CN(N=C3)CC(=O)NC,CNC(=O)Cn1cc(NC(=O)c2ccc(-c3ccco3)nc2C)cn1,2.4243504777801093,12,17,0.21104541420936584,0.29666170477867126,-0.08402948826551437,0.17868466675281525,0.42367763072252274,0.23644226789474487,0.15996962785720825,0.10000990331172943,0.19525065963060687
CC1=CC=C(C=C1)C2=NN3C(=CC(=O)NC3=N2)NC(=O)[C@H]4CCCO4,Cc1ccc(-c2nc3[nH]c(=O)cc(NC(=O)[C@H]4CCCO4)n3n2)cc1,3.2085119994036937,10,15,0.25413352251052856,0.031383197754621506,0.13786953687667847,0.07765210419893265,0.42338625714182854,0.12260672450065613,0.19337382912635803,-0.001875951886177063,0.42857142857142855
CC(=O)NC1=CC=C(C=C1)C2C(=C(OC3=NNC(=C23)COC)N)C#N,COCc1[nH]nc2c1C(c1ccc(NC(C)=O)cc1)C(C#N)=C(N)O2,3.0923969444586383,9,15,0.046135447919368744,-0.03415679186582565,0.4104132056236267,0.03636818751692772,0.4223918616771698,-0.05475088953971863,0.19142557680606842,0.10925106704235077,0.1967654986522911
C1CNCCC1C(=O)NC2=CN=C(C=C2)C3=NC=CC(=C3)C(=O)N=O,O=NC(=O)c1ccnc(-c2ccc(NC(=O)C3CCNCC3)cn2)c1,2.5868358515612577,11,15,0.26849666237831116,0.1724945604801178,-0.01874609850347042,0.1644846796989441,0.42224512435495853,0.2116585224866867,0.16782492399215698,0.09676758944988251,0.23905723905723905
CC1=CC=C(C=C1)C2=NN3C(=CC(=O)NC3=N2)NC(=O)C4CCCO4,Cc1ccc(-c2nc3[nH]c(=O)cc(NC(=O)C4CCCO4)n3n2)cc1,3.2085119994036937,10,15,0.1944120228290558,0.0385710708796978,0.18925809860229492,0.06583535671234131,0.4222411923110485,0.09160058200359344,0.17504370212554932,0.026014618575572968,0.42857142857142855
CC1=C(C=C2C(=N1)N(C(=N2)C)CC3=CC(=CC=C3)[N+](=O)[O-])NC(=O)C,CC(=O)Nc1cc2nc(C)n(Cc3cccc([N+](=O)[O-])c3)c2nc1C,2.382429162598047,10,17,0.1969379335641861,0.02600076235830784,0.19905607402324677,0.14791470766067505,0.4219947699457407,0.09565819054841995,0.26692265272140503,0.05912303924560547,0.215625
C1CC(CN(C1)C2=NC=CC=N2)C(=O)NC3=CC4=C(C=C3)OC(=O)N4,O=C(Nc1ccc2oc(=O)[nH]c2c1)C1CCCN(c2ncccn2)C1,2.822802357675558,12,16,0.13577264547348022,0.1888853907585144,0.09710265696048737,0.1282522976398468,0.421760693192482,0.15069344639778137,0.10991310328245163,0.14548522233963013,0.2814569536423841
CC1=NOC(=N1)[C@H]2COCCN2C(=O)C3=NN(C=C3)C4=CC=CC=C4,Cc1noc([C@H]2COCCN2C(=O)c2ccn(-c3ccccc3)n2)n1,2.9957901342825117,10,15,0.07480546832084656,0.13451550900936127,0.21221923828125,0.06636782735586166,0.4215402156114578,0.056496813893318176,0.12750312685966492,0.1167825236916542,0.12030075187969924
CN1CC(NCC1=O)C2=NC(=NO2)C3=CC(=NC4=CC=CC=C43)OC,COc1cc(-c2noc(C3CN(C)C(=O)CN3)n2)c2ccccc2n1,3.2682927686344634,11,17,0.06355448067188263,0.3423354923725128,0.015352086164057255,0.17948706448078156,0.4212420592084527,0.21148636937141418,0.06404676288366318,0.2203226089477539,0.26646706586826346
C1CCC(C1)NC(=O)NC2=NC3=C(C=C2)N=CC(=C3)C4=CC(=O)NO4,O=C(Nc1ccc2ncc(-c3cc(=O)[nH]o3)cc2n1)NC1CCCC1,2.697310877904778,11,15,0.08608130365610123,-0.05393677204847336,0.3890470266342163,0.10845058411359787,0.4211915582418442,0.00899005401879549,0.23068073391914368,0.10231229662895203,0.2608695652173913
CC1=NOC(=N1)C2CCCN(C2)C3=C4C=CN=CC4=C(C=C3)[N+](=O)[O-],Cc1noc(C2CCCN(c3ccc([N+](=O)[O-])c4cnccc34)C2)n1,3.0211735378652325,11,17,0.07058359682559967,0.18232515454292297,0.16813531517982483,0.08606104552745819,0.4210440665483475,0.12117913365364075,0.06784040480852127,0.1347281038761139,0.1416184971098266
CCCN1C2=CC=CC=C2N=C1NC(=O)C3=CC(=C(C=C3)N)[N+](=O)[O-],CCCn1c(NC(=O)c2ccc(N)c([N+](=O)[O-])c2)nc2ccccc21,2.1603549724403788,12,17,0.3362763226032257,0.0936431810259819,-0.009059010073542595,0.1692594587802887,0.420860493555665,0.1715259552001953,0.2635180354118347,0.044143907725811005,0.2297734627831715
CC1=C(C(=CC=C1)C)NC(=O)COC(=O)C2=NN3C(=CC=NC3=N2)C,Cc1cccc(C)c1NC(=O)COC(=O)c1nc2nccc(C)n2n1,2.3318712361766423,8,14,0.2046164870262146,-0.021444058045744896,0.23706448078155518,0.12490872293710709,0.4202369097620249,0.0736837387084961,0.23038551211357117,0.08765915036201477,0.2229299363057325
COC(=C)/C(=C\C=C)/C1=CC(=NC=N1)NC(=O)COC2=NC=CC=N2,C=C/C=C(\C(=C)OC)c1cc(NC(=O)COc2ncccn2)ncn1,3.2219903477692755,11,16,0.30051302909851074,0.17941725254058838,-0.05974744260311127,0.18679693341255188,0.42018283903598785,0.2340056300163269,0.19808270037174225,0.08773928880691528,0.2398753894080997
CC1=CC(=NO1)NC(=O)C2=NC(=C3N2C=CC=C3)C(=O)N4CCCC4,Cc1cc(NC(=O)c2nc(C(=O)N3CCCC3)c3ccccn23)no1,2.5246416207920266,9,15,0.12644276022911072,-0.010084686800837517,0.3035376965999603,0.12662243843078613,0.41989577002823353,0.048595935106277466,0.2221212089061737,0.1151108667254448,0.16756756756756758
CCOC1=CC2=C(C=C1)OC[C@H](C2)C(=O)NC3=NN4C=CC=NC4=N3,CCOc1ccc2c(c1)C[C@H](C(=O)Nc1nc3ncccn3n1)CO2,3.0160036221644937,12,17,0.16012290120124817,0.16102220118045807,0.09860050678253174,0.07898890227079391,0.419745609164238,0.11238150298595428,0.0873701274394989,0.13919706642627716,0.39925373134328357
COC1=CC=C(C=C1)N2C(=NN=N2)CNC(=O)C3=CC(=CC=C3)OC,COc1ccc(-n2nnnc2CNC(=O)c2cccc(OC)c2)cc1,1.9283935438689497,10,15,0.19899311661720276,0.11818647384643555,0.10255526006221771,0.11032646149396896,0.419734850525856,0.11765503883361816,0.14848318696022034,0.1178433820605278,0.15841584158415842
CC(C)N1C2=CC=CC=C2N3C=NC(=C3C1=O)C4=NC(=NO4)COC,COCc1noc(-c2ncn3c2c(=O)n(C(C)C)c2ccccc23)n1,2.712839968571009,9,16,0.03039473667740822,0.06926757097244263,0.3200061321258545,0.12954670190811157,0.41966843977570534,0.03782372549176216,0.18618342280387878,0.1669597327709198,0.22922636103151864
CC1=CC=C(O1)C2=CC(=NC(=N2)N)C(=O)NCC3=NC(=CC=C3)CO,Cc1ccc(-c2cc(C(=O)NCc3cccc(CO)n3)nc(N)n2)o1,2.5511129913229045,12,17,0.27936750650405884,0.11630475521087646,0.023856423795223236,0.17114117741584778,0.41952868551015854,0.1674180030822754,0.23477324843406677,0.08991750329732895,0.24148606811145512
C1[C@@H]2[C@@H](CN1C(=O)C3=CN=NC=C3)OCC(=O)N2CC4=CC=NC=C4,O=C(c1ccnnc1)N1C[C@@H]2[C@@H](C1)OCC(=O)N2Cc1ccncc1,3.5016899387073446,11,15,-0.13107407093048096,0.18421240150928497,0.36616283655166626,0.08444300293922424,0.4193011671304703,0.03453191742300987,0.03946618363261223,0.20876607298851013,0.14331210191082802
CCOC1=CC=CC(=C1O)/C=N\NC(=O)CN2C3=CC=CC=C3N=N2,CCOc1cccc(/C=N\NC(=O)Cn2nnc3ccccc32)c1O,2.2876743130997195,13,17,0.2899443507194519,0.04977951943874359,0.07946619391441345,0.19575117528438568,0.41919006407260895,0.18055111169815063,0.2655930519104004,0.06672906875610352,0.20388349514563106
CC(=C(C(=O)NC1=CC=C(C=C1)N)N=NC2=CC=CC(=C2)C(=O)N)O,CC(O)=C(N=Nc1cccc(C(N)=O)c1)C(=O)Nc1ccc(N)cc1,2.7005696308254716,11,15,-0.03579676151275635,0.3557279706001282,0.09922395646572113,0.14952656626701355,0.41915516555309296,0.1482604444026947,0.0631064772605896,0.22515521943569183,0.1525974025974026
COC1=CC=C(C=C1)OCCNC(=O)C2=CC=CC=C2N3C=NN=N3,COc1ccc(OCCNC(=O)c2ccccc2-n2cnnn2)cc1,2.0144621950807515,11,15,0.23030905425548553,0.22388839721679688,-0.035239219665527344,0.1307803839445114,0.41895823180675507,0.15929846465587616,0.15966647863388062,0.11969754099845886,0.1848184818481848
CN1C=C(C(=N1)OC)C(=O)NCC(=O)NC2=CC3=C(C=C2)N=CC=C3,COc1nn(C)cc1C(=O)NCC(=O)Nc1ccc2ncccc2c1,2.209924258928538,12,17,0.15587419271469116,0.08530029654502869,0.1777116358280182,0.10217590630054474,0.41888612508773804,0.07550697028636932,0.18037863075733185,0.11144405603408813,0.20923076923076922
C1=CN=CC=C1CCC(CO)NC(=O)C2=CC3=C(N=C2)N=CNC3=O,O=C(NC(CO)CCc1ccncc1)c1cnc2nc[nH]c(=O)c2c1,3.067744691711386,12,15,0.35312604904174805,0.2275724560022354,-0.16183437407016754,0.2218465805053711,0.4188641309738159,0.29310405254364014,0.16075222194194794,0.13524192571640015,0.3010752688172043
CCOC(=O)C1=CC=C(C=C1)NC2=NC=CC(=N2)NC3=NOC(=C3)C,CCOC(=O)c1ccc(Nc2nccc(Nc3cc(C)on3)n2)cc1,2.2494993130997205,10,15,0.31760847568511963,0.21909254789352417,-0.11823853850364685,0.1486094892024994,0.41846248507499695,0.25656658411026,0.11008244752883911,0.09377579391002655,0.18670886075949367
CC1=NOC(=N1)[C@@H]2CCCN(C2)C3=C4C=CN=CC4=C(C=C3)[N+](=O)[O-],Cc1noc([C@@H]2CCCN(c3ccc([N+](=O)[O-])c4cnccc34)C2)n1,3.0211735378652325,11,17,0.06052608788013458,0.19053182005882263,0.1667931079864502,0.08815968036651611,0.4178510159254074,0.1216667965054512,0.06273585557937622,0.1408996284008026,0.1416184971098266
CN(CC(=O)OCC(=O)N(CC#N)C1=CC=CC=C1)C2=NC=CC=N2,CN(CC(=O)OCC(=O)N(CC#N)c1ccccc1)c1ncccn1,2.5173186251257214,9,14,-0.010683826170861721,0.1566583663225174,0.271553635597229,0.10411819815635681,0.4175281757488847,0.03601142019033432,0.09876833856105804,0.22368057072162628,0.30038022813688214
C1COCCC1C2=NOC(=N2)CNC(=O)C3=NC4=CC=CC=C4N=C3,O=C(NCc1nc(C2CCOCC2)no1)c1cnc2ccccc2n1,2.471914229939637,10,15,0.12804579734802246,0.265051007270813,0.024022301658988,0.14446119964122772,0.41711910627782345,0.1696702241897583,0.11503956466913223,0.16107138991355896,0.15204678362573099
CC1=C(C=NN1)C(=O)NNC(=O)CCC2=NC=C(O2)C3=CC=CC=C3,Cc1[nH]ncc1C(=O)NNC(=O)CCc1ncc(-c2ccccc2)o1,2.348968543868951,11,15,0.1547231674194336,0.28883397579193115,-0.02658015489578247,0.1823664903640747,0.4169769883155823,0.20275351405143738,0.1253894716501236,0.17159701883792877,0.16806722689075632
CC(=N)C1=C(C=C(C=N1)NC2=CC=CC3=C2C(=O)N(C3)CC(=O)O)N,CC(=N)c1ncc(Nc2cccc3c2C(=O)N(CC(=O)O)C3)cc1N,2.9046940455411914,12,17,0.03952653706073761,-0.03566570207476616,0.4129873216152191,0.09015680104494095,0.41684815660119057,0.007451364770531654,0.19013193249702454,0.11307797580957413,0.14534883720930233
CC1=NN=NN1C2=C(C=CC(=C2)NC(=O)C3=CC=CC=C3OC)OC,COc1ccccc1C(=O)Nc1ccc(OC)c(-n2nnnc2C)c1,2.0122265341181365,11,17,0.0027764877304434776,0.20254577696323395,0.21150583028793335,0.0838608592748642,0.4168280949816108,0.05919673293828964,0.09202586859464645,0.18035757541656494,0.16158536585365854
C1=CC=C(C=C1)OCC(=O)NCCN2C(=O)C=CC(=N2)N3C=CC=N3,O=C(COc1ccccc1)NCCn1nc(-n2cccn2)ccc1=O,2.227374313099718,12,15,0.15737932920455933,0.16319304704666138,0.09622460603713989,0.14891578257083893,0.4167969822883606,0.12928831577301025,0.16445060074329376,0.15517936646938324,0.2222222222222222
CN(CC1=NC(=NO1)C2=CN=CC=C2)C(=O)NC3=CC(=CC=C3)OC,COc1cccc(NC(=O)N(C)Cc2nc(-c3cccnc3)no2)c1,2.156478159253565,12,17,0.13553094863891602,0.13980677723884583,0.14145763218402863,0.10044080018997192,0.41679535806179047,0.09991326928138733,0.11960914731025696,0.14342626929283142,0.2973856209150327
CC1=CC=CC=C1NC(=O)[C@@H](C)OC(=O)C2=NN3C(=CC=NC3=N2)C,Cc1ccccc1NC(=O)[C@@H](C)OC(=O)c1nc2nccc(C)n2n1,2.7086705708322665,11,17,0.3523992896080017,-0.2604759633541107,0.32440826296806335,0.14036071300506592,0.41633158922195435,0.06660782545804977,0.3583719730377197,-0.021750956773757935,0.22153846153846155
CC1=C2C(=C(C=C1)NC(=O)C(C)(C)N3C=C(C=N3)[N+](=O)[O-])C=CC=N2,Cc1ccc(NC(=O)C(C)(C)n2cc([N+](=O)[O-])cn2)c2cccnc12,2.578743543868951,10,16,0.08153413981199265,-0.0422028973698616,0.3763386011123657,0.06280676275491714,0.41566984355449677,-0.03334900736808777,0.2037966102361679,0.10615141689777374,0.17251461988304093
CC(C)NC(=O)C1=NC(=NO1)CN2C(=O)C=CC(=N2)C3=CC=CC=C3,CC(C)NC(=O)c1nc(Cn2nc(-c3ccccc3)ccc2=O)no1,2.351478755136556,9,14,0.2810187339782715,0.22314587235450745,-0.08889468759298325,0.2187657505273819,0.4152699187397957,0.2454417645931244,0.2017492651939392,0.11151274293661118,0.19667590027700832
CC1=NON=C1C(=O)N2CCC(CC2)C3=CC4=C(C(=O)N3)N=CC=C4,Cc1nonc1C(=O)N1CCC(c2cc3cccnc3c(=O)[nH]2)CC1,2.7358454669458734,9,15,0.17970305681228638,0.040849123150110245,0.19431209564208984,0.152597576379776,0.41486427560448647,0.12713885307312012,0.19087393581867218,0.10544437170028687,0.17341040462427745
CC(C(=O)NC1=CC=CC=C1C#N)OC(=O)CN(C)C2=NC=CC=N2,CC(OC(=O)CN(C)c1ncccn1)C(=O)Nc1ccccc1C#N,2.8046461752278695,11,16,0.3647036552429199,-0.1414048671722412,0.19142423570156097,0.15291589498519897,0.4147230237722397,0.07997655868530273,0.3339247703552246,0.0394476056098938,0.2762237762237762
COC1=CC=CC=C1OCCNC(=O)C2=C(N=CC=C2)N3C=NC=N3,COc1ccccc1OCCNC(=O)c1cccnc1-n1cncn1,2.139035851561257,13,17,0.1842966079711914,0.2580549716949463,-0.0280456580221653,0.11854369938373566,0.4143059216439724,0.17113500833511353,0.12250454723834991,0.11801113188266754,0.21450151057401812
CC(=O)NC1=CC=C(C=C1)[C@H]2C(=C(OC3=NNC(=C23)COC)N)C#N,COCc1[nH]nc2c1[C@@H](c1ccc(NC(C)=O)cc1)C(C#N)=C(N)O2,3.0923969444586383,9,15,0.049878962337970734,-0.04846545308828354,0.41265934705734253,0.03378910571336746,0.4140728563070297,-0.06251733750104904,0.1937558948993683,0.10649342089891434,0.1967654986522911
C1CN(CC2=C1N=C(N2)C3=CC=CC=C3)C(=O)CN4C(=O)CNC4=O,O=C(CN1C(=O)CNC1=O)N1CCc2nc(-c3ccccc3)[nH]c2C1,2.635870466945873,10,15,0.007984081283211708,0.21626397967338562,0.18951734900474548,0.14328895509243011,0.4137654099613428,0.13531246781349182,0.08420208096504211,0.1843751221895218,0.24489795918367346
CC1=NOC(=N1)[C@H]2CCCN(C2)C3=C4C=CN=CC4=C(C=C3)[N+](=O)[O-],Cc1noc([C@H]2CCCN(c3ccc([N+](=O)[O-])c4cnccc34)C2)n1,3.0211735378652325,11,17,0.06088527292013168,0.1836564838886261,0.16895252466201782,0.08452203869819641,0.4134942814707756,0.11730333417654037,0.06338515132665634,0.13657143712043762,0.1416184971098266
CC1=NOC(=N1)CNC(=O)C2CN(C2)C(=O)C3=CNC4=CC=CC=C43,Cc1noc(CNC(=O)C2CN(C(=O)c3c[nH]c4ccccc34)C2)n1,2.3672360682459814,11,16,0.04373861849308014,0.12184200435876846,0.24750792980194092,0.14557987451553345,0.4130885526537895,0.07778697460889816,0.14721976220607758,0.1887529194355011,0.16568047337278108
C1=CC2=NN=C(N2C=C1)CCNC(=O)C3=CC=C(C=C3)OCC(=O)N,NC(=O)COc1ccc(C(=O)NCCc2nnc3ccccn23)cc1,2.1136473900227966,11,15,0.09127502143383026,0.30852261185646057,0.013290596194565296,0.1305551528930664,0.41308822948485613,0.13687996566295624,0.08629875630140305,0.20849427580833435,0.26621160409556316
CC1=NC2=C(C=CC=C2NC3=C(C(=NC=N3)OC(C)C)[N+](=O)[O-])C=C1,Cc1ccc2cccc(Nc3ncnc(OC(C)C)c3[N+](=O)[O-])c2n1,2.4849107966162016,10,16,0.28812605142593384,0.03586142510175705,0.08901926875114441,0.17209187150001526,0.4130067452788353,0.18284639716148376,0.24895557761192322,0.030777418985962868,0.22641509433962265
CCOC1=NN2C(=C1C)N=C(N2)CCN3C(=O)C4=CC=CC=C4C3=O,CCOc1nn2[nH]c(CCN3C(=O)c4ccccc4C3=O)nc2c1C,2.821777996740023,8,13,0.019979896023869514,0.29813066124916077,0.09471715986728668,0.10537746548652649,0.41282771714031696,0.1152510792016983,0.049092795699834824,0.20365673303604126,0.21739130434782608
CCOC(=O)C1=CC(=CN1)C2=NNN=C2C3=CC=C(C=C3)NC(=O)C,CCOC(=O)c1cc(-c2n[nH]nc2-c2ccc(NC(C)=O)cc2)c[nH]1,2.514518191756274,10,15,0.1068030446767807,0.16116586327552795,0.14449958503246307,0.08346940577030182,0.41246849298477173,0.11058205366134644,0.0901130959391594,0.12553681433200836,0.2403846153846154
C1CN2CCC1[C@H](C2)NC(=O)C3=CC=C(C=C3)OC4=NN=C(O4)C#N,N#Cc1nnc(Oc2ccc(C(=O)N[C@H]3CN4CCC3CC4)cc2)o1,4.026834527013427,8,13,-0.02354438044130802,0.32512903213500977,0.10986475646495819,0.16026073694229126,0.41144940815865993,0.16852498054504395,0.03238103538751602,0.23751522600650787,0.13569321533923304
CCOC(=O)C1=CN=C(N1)NC(=O)C2=NN(C=C2)C3=CC=CC=C3C,CCOC(=O)c1cnc(NC(=O)c2ccn(-c3ccccc3C)n2)[nH]1,2.4915004236089278,12,17,0.17331524193286896,0.09569933265447617,0.14190921187400818,0.12937481701374054,0.4109237864613533,0.1295393854379654,0.1512836515903473,0.11801247298717499,0.2050561797752809
CCOC(=O)NCC1=NC=CC(=C1)C(=O)NC2=NNC3=CC=CC=C32,CCOC(=O)NCc1cc(C(=O)Nc2n[nH]c3ccccc23)ccn1,2.27631277463818,13,17,0.29764121770858765,0.1453019678592682,-0.03296322003006935,0.1908983290195465,0.4099799655377865,0.21152091026306152,0.19948714971542358,0.10343413054943085,0.1806853582554517
CC1=NN=NN1C2=CC=CC(=C2)NC(=O)COC3=CC=CC=C3OC,COc1ccccc1OCC(=O)Nc1cccc(-n2nnnc2C)c1,1.9725896977151027,12,17,0.1877865046262741,0.17528574168682098,0.04684631526470184,0.09629987180233002,0.40991856157779694,0.1329280436038971,0.16933947801589966,0.05557755380868912,0.2354948805460751
C1CN(CC12CN3C(=NNC3=O)CO2)C(=O)C4=CC=CC5=C4NC=C5,O=C(c1cccc2cc[nH]c12)N1CCC2(C1)Cn1c(n[nH]c1=O)CO2,4.12390058138733,12,17,0.06316324323415756,0.14723001420497894,0.199494868516922,0.07325378060340881,0.4098881259560585,0.08599236607551575,0.10284251719713211,0.10506895184516907,0.17357512953367876
C1CCN(CC1)C2=NC=C(C=N2)NC(=O)C3=NOC(=C3)C4=CC=CO4,O=C(Nc1cnc(N2CCCCC2)nc1)c1cc(-c2ccco2)on1,2.424867244492651,9,14,0.15418507158756256,0.04694753140211105,0.2087203413248062,0.16699376702308655,0.40985294431447983,0.0806826800107956,0.2605927586555481,0.11529318243265152,0.23837209302325582
CC(=O)NC1=CC=C(C=C1)[C@@H]2C(=C(OC3=NNC(=C23)COC)N)C#N,COCc1[nH]nc2c1[C@H](c1ccc(NC(C)=O)cc1)C(C#N)=C(N)O2,3.0923969444586383,9,15,0.048637233674526215,-0.05250631272792816,0.4130280613899231,0.031051747500896454,0.40915898233652115,-0.06505394726991653,0.19304384291172028,0.10307203978300095,0.1967654986522911
CN1C(=CC(=N1)C(=O)NC2=NC=CC=N2)C3=C(C=CC(=C3)OC)OC,COc1ccc(OC)c(-c2cc(C(=O)Nc3ncccn3)nn2C)c1,2.2868269674875847,10,16,0.3339310884475708,-0.05484132096171379,0.12935589253902435,0.11713248491287231,0.40844566002488136,0.11837165057659149,0.25097420811653137,0.01943100616335869,0.3835616438356164
CC1=CC(=C(C(=N1)OCC(=O)NN=CC2=CN=CC=C2)C#N)COC,COCc1cc(C)nc(OCC(=O)NN=Cc2cccnc2)c1C#N,2.604225667379243,11,17,0.11408334225416183,-0.013873133808374405,0.308135986328125,0.084623783826828,0.40834619477391243,0.00412391871213913,0.2134748101234436,0.09576141089200974,0.196875
CC1=NO[C@H](C1)C(=O)N2CCC3=C(C2)N=C(NC3=O)C4=CC=CC=N4,CC1=NO[C@@H](C(=O)N2CCc3c(nc(-c4ccccn4)[nH]c3=O)C2)C1,3.4500139224806166,11,17,0.2599453330039978,0.07321903109550476,0.07472303509712219,0.16070422530174255,0.40788739919662476,0.18234482407569885,0.20086339116096497,0.06042049825191498,0.2857142857142857
CC1=CC(=NC(=N1)NC2=NCC(=O)N2C3=CC4=C(C=C3)OCCO4)C,Cc1cc(C)nc(NC2=NCC(=O)N2c2ccc3c(c2)OCCO3)n1,2.789985851561257,9,15,0.11587031930685043,0.09639096260070801,0.19507881999015808,0.06872215867042542,0.4073401018977165,0.0743241235613823,0.10842379182577133,0.11461888998746872,0.32247557003257327
CC1=NC2=C(C=CC=C2N1)C(=O)N3CCC4=C(C3)C(=NN4C)C(=O)O,Cc1nc2c(C(=O)N3CCc4c(c(C(=O)O)nn4C)C3)cccc2[nH]1,2.628358928484335,10,17,-0.004894929006695747,0.05386185273528099,0.3583056330680847,0.10020294785499573,0.40727255679666996,0.04067640006542206,0.10629665851593018,0.16571760177612305,0.14560439560439561
C1CN(C(=O)NC1=O)CC(=O)NC2=CN=C(C=C2)NC3=CC=CC=C3,O=C1CCN(CC(=O)Nc2ccc(Nc3ccccc3)nc2)C(=O)N1,2.2259973900227976,12,15,0.2595854699611664,0.1571839600801468,-0.009685726836323738,0.21769295632839203,0.40708370320498943,0.2287220060825348,0.18093392252922058,0.13870704174041748,0.1986062717770035
CC1=C(C=NN1C)C(=O)N[C@@H]2COC3=C2C=CC(=C3)C4=NOC(=N4)C,Cc1nc(-c2ccc3c(c2)OC[C@H]3NC(=O)c2cnn(C)c2C)no1,3.030514220422111,10,17,0.04430370777845383,0.06764964759349823,0.2948647439479828,0.027575749903917313,0.40681809931993484,-0.011167447082698345,0.12356196343898773,0.11861713230609894,0.25675675675675674
COCCN1C(=O)N(N=N1)C2=CC=C(C=C2)NC(=O)C3=CC=CC=C3,COCCn1nnn(-c2ccc(NC(=O)c3ccccc3)cc2)c1=O,2.0228646977151037,9,13,0.17379114031791687,0.04737535119056702,0.18523381650447845,0.17688041925430298,0.40640030801296234,0.12230011820793152,0.2635844945907593,0.07354577630758286,0.1339031339031339
COC1=CC=C(C=C1)C2=CC=NC3=NC(=NN23)NC(=O)C4CCOC4,COc1ccc(-c2ccnc3nc(NC(=O)C4CCOC4)nn23)cc1,2.8931787538820917,10,15,0.2555727958679199,0.007755136117339134,0.1429993361234665,0.09735235571861267,0.40632726810872555,0.12675344944000244,0.19636371731758118,0.012431880459189415,0.46886446886446886
CC1=C(C(=C(C=C1)OC)C)N2C(=C(C3=NC(=CN=C32)C=O)C(=O)N)N,COc1ccc(C)c(-n2c(N)c(C(N)=O)c3nc(C=O)cnc32)c1C,2.959404177353113,9,17,0.16590583324432373,0.13004231452941895,0.11024069786071777,0.1414380669593811,0.40618884563446045,0.14691999554634094,0.17375922203063965,0.08937224745750427,0.22093023255813954
CC1=CN=C(C=C1)NC(=O)CCNC(=O)C2=CC3=C(N=C2)ON=C3C,Cc1ccc(NC(=O)CCNC(=O)c2cnc3onc(C)c3c2)nc1,2.390483955569925,11,17,0.42069512605667114,-0.004370459355413914,-0.010623741894960403,0.17226055264472961,0.4057009248062968,0.1601022630929947,0.3121179938316345,0.0157396849244833,0.2113095238095238
C1CC(CCC1NC(=O)C2=CNC(=O)C=C2)OC3=NC=CN=C3C#N,N#Cc1nccnc1OC1CCC(NC(=O)c2ccc(=O)[nH]c2)CC1,2.7002627746381815,11,15,0.06618835031986237,-0.08606475591659546,0.4253140985965729,0.07322266697883606,0.4054376929998398,-0.016555875539779663,0.19310986995697021,0.0903128832578659,0.23052959501557632
COC1=NNC2=CC(=NC=C21)NC(=O)N[C@@H]3CCOC4=CC=CC=C34,COc1n[nH]c2cc(NC(=O)N[C@@H]3CCOc4ccccc43)ncc12,3.0767199551465803,13,17,0.09786303341388702,0.06456971168518066,0.2427360713481903,0.06929026544094086,0.405168816447258,0.05145156756043434,0.12192657589912415,0.1253071129322052,0.27794561933534745
CC1=CC(=NO1)C(=O)N2CC(C2)C(=O)NCC3=NC4=CC=CC=C4N3,Cc1cc(C(=O)N2CC(C(=O)NCc3nc4ccccc4[nH]3)C2)no1,2.3666256673792425,11,16,0.03153304010629654,0.011179783381521702,0.3612915277481079,0.0898139551281929,0.40400435123592615,-0.015001438558101654,0.16926738619804382,0.1660410761833191,0.15454545454545454
CC1=C(NC(=C1C(=O)C)C)C(=O)NCC2=NC(=NO2)C3=CC=NC=C3,CC(=O)c1c(C)[nH]c(C(=O)NCc2nc(-c3ccncc3)no2)c1C,2.41558310430851,8,15,0.06375664472579956,0.17061224579811096,0.16921241581439972,0.11693970859050751,0.40358130633831024,0.09207785129547119,0.11845114827156067,0.16390439867973328,0.2155688622754491
CC(=O)NC1=NC=C2C=NN(C2=C1)C3=CC=CC(=N3)C4(CCOC4)O,CC(=O)Nc1cc2c(cn1)cnn2-c1cccc(C2(O)CCOC2)n1,3.4975908455575393,12,17,0.19732363522052765,-0.052938900887966156,0.2590793967247009,0.05613969266414642,0.4034641310572624,0.023867927491664886,0.22691532969474792,0.014901498332619667,0.19689119170984457
CC1=C(N=NN1C2=CC=CC3=C2C=CC=N3)C(=O)OCC(=O)N(C)C,Cc1c(C(=O)OCC(=O)N(C)C)nnn1-c1cccc2ncccc12,2.3354653021107072,9,16,0.04063187167048454,0.2786293923854828,0.08410562574863434,0.14142441749572754,0.40336688980460167,0.11274158209562302,0.08310916274785995,0.23412348330020905,0.15384615384615385
CC1=NOC(=C1)C(=O)NC2=CC(=CC=C2)NC(=O)C(C)N3C=CC=N3,Cc1cc(C(=O)Nc2cccc(NC(=O)C(C)n3cccn3)c2)on1,2.7151183374318624,13,17,0.27393221855163574,0.0248764269053936,0.1040959358215332,0.15161897242069244,0.40290458127856255,0.13301795721054077,0.27032792568206787,0.033075254410505295,0.13821138211382114
CC1=CC(=NO1)NC(=O)C(=O)NCC2=CC(=CC=C2)C3=CN(N=C3)C,Cc1cc(NC(=O)C(=O)NCc2cccc(-c3cnn(C)c3)c2)no1,2.3238430021571403,12,17,0.27865707874298096,-0.05903918296098709,0.1830274909734726,0.11774388700723648,0.40264538675546646,0.06919629871845245,0.2601255774497986,0.053173504769802094,0.20648967551622419
CC1=NC=C(C=N1)C2=C(C=C3C(=C2)C=NN3CC(=O)O)C(=O)N(C)C,Cc1ncc(-c2cc3cnn(CC(=O)O)c3cc2C(=O)N(C)C)cn1,2.6748438783171107,8,15,0.09454551339149475,0.3653421401977539,-0.05772487446665764,0.1808106005191803,0.402162779122591,0.20386993885040283,0.06565692275762558,0.236159086227417,0.20743034055727555
CN1C2=C(C=C(C=C2)NC(=O)C(=O)NCC3=CN=CC=C3)N(C1=O)C,Cn1c(=O)n(C)c2cc(NC(=O)C(=O)NCc3cccnc3)ccc21,2.200789697715104,12,17,-0.018853764981031418,0.10798484086990356,0.3130240738391876,0.09606888890266418,0.40215514972805977,0.010482899844646454,0.13002364337444305,0.19211409986019135,0.20655737704918034
CC1=CC(=NC(=N1)NC2=CC(=C(C=C2)N3C=C(N=C3)C)OC)C(=O)O,COc1cc(Nc2nc(C)cc(C(=O)O)n2)ccc1-n1cnc(C)c1,2.4491956317810377,11,17,-0.14055778086185455,0.24529102444648743,0.29725614190101624,0.08866705000400543,0.4019893854856491,0.03376308083534241,0.06970252841711044,0.2105298638343811,0.21337579617834396
CC1=NC=CN1C2=NC=C(C=N2)NC(=O)COC3=CC=CC=C3OC,COc1ccccc1OCC(=O)Nc1cnc(-n2ccnc2C)nc1,2.228976236176642,11,16,0.0956951454281807,0.27846091985702515,0.027829600498080254,0.09997755289077759,0.4019856657832861,0.13273461163043976,0.10529502481222153,0.12322673946619034,0.31365313653136534
CC1=CC=C(C=C1)NC(=O)C2=CC(=C(C=C2N3C=NN=N3)OC)OC,COc1cc(C(=O)Nc2ccc(C)cc2)c(-n2cnnn2)cc1OC,2.070121008657683,9,15,-0.02106649987399578,0.15150713920593262,0.27139362692832947,0.06738369166851044,0.4018342662602663,0.031842827796936035,0.10552611202001572,0.1487302929162979,0.17363344051446947
CC1=CC=CN2C1=NC(=C(C2=O)/C=C(\C#N)/C(=O)N)N3CCOCC3,Cc1cccn2c(=O)c(/C=C(\C#N)C(N)=O)c(N3CCOCC3)nc12,2.667341785627192,8,15,0.15289340913295746,-0.09650171548128128,0.34537771344184875,0.10781173408031464,0.40176940709352493,0.023958994075655937,0.26042479276657104,0.05262744426727295,0.2962962962962963
CCOC1=CC=C(C=C1)N2C(=CN3C2=NC4=C3C(=O)NC(=O)N4C)C,CCOc1ccc(-n2c(C)cn3c4c(=O)[nH]c(=O)n(C)c4nc23)cc1,2.50266354386895,8,15,0.028535056859254837,-0.04857373982667923,0.4217407703399658,0.10865394026041031,0.4017020873725414,-0.04793870449066162,0.20847156643867493,0.18587297201156616,0.2993421052631579
C[C@H]1[C@@H](N2C(=CC3=C2N=C(C=C3)C(=O)NC4=NOC(=C4)C)C(=O)N1)C,Cc1cc(NC(=O)c2ccc3cc4n(c3n2)[C@@H](C)[C@H](C)NC4=O)no1,3.613346380074197,11,17,0.5593640804290771,-0.14968281984329224,-0.00838610902428627,0.18692967295646667,0.40129515156149864,0.22768737375736237,0.3764093518257141,-0.10581266134977341,0.19480519480519481
CC1=CC=C(O1)C2=NC(=NN2)NC(=O)C3=CC4=C(CCCC4)NC3=O,Cc1ccc(-c2nc(NC(=O)c3cc4c([nH]c3=O)CCCC4)n[nH]2)o1,2.762493543868949,11,17,0.06749406456947327,0.12499240040779114,0.20864391326904297,0.08750133216381073,0.4011303782463074,0.09181814640760422,0.10094927251338959,0.12076179683208466,0.30277777777777776
CC1=NOC(C1)C(=O)N2CCC3=C(C2)N=C(NC3=O)C4=CC=CC=N4,CC1=NOC(C(=O)N2CCc3c(nc(-c4ccccn4)[nH]c3=O)C2)C1,3.4500139224806166,11,17,0.27580463886260986,0.03550796955823898,0.08965212851762772,0.15360918641090393,0.40096473693847656,0.16567346453666687,0.21552111208438873,0.046723224222660065,0.2857142857142857
COC1=CC=CC=C1OCCNC(=O)C2=CC=C(C=C2)N3C=NN=N3,COc1ccccc1OCCNC(=O)c1ccc(-n2cnnn2)cc1,1.9618752614664228,11,15,0.23908233642578125,0.24053288996219635,-0.0786983072757721,0.10723546147346497,0.4009169191122055,0.1833173632621765,0.1302104890346527,0.0771457850933075,0.19931271477663232
C1COCCC1NC2=NC=CC3=C2C(=NN3)C4=NC=CC(=C4)C(=O)O,O=C(O)c1ccnc(-c2n[nH]c3ccnc(NC4CCOCC4)c23)c1,2.7524982330154213,11,15,0.07577754557132721,0.1986592411994934,0.12635989487171173,0.10024917125701904,0.40079668164253235,0.11316144466400146,0.08095923066139221,0.1570349633693695,0.2626582278481013
CN1C2=C(C=CC(=C2)C(=O)N3CCN(CC3)C4=NC=CC=N4)OC1=O,Cn1c(=O)oc2ccc(C(=O)N3CCN(c4ncccn4)CC3)cc21,2.2909300823304886,8,14,-0.08691155165433884,0.15874449908733368,0.3288657069206238,0.06748455762863159,0.4006986543536186,0.02026323787868023,0.05364532768726349,0.18720272183418274,0.2347560975609756
CC1=CN2C(=NC=C(C2=O)C(=O)N3CCC(C3)C4=NC(=NO4)C)C=C1,Cc1ccc2ncc(C(=O)N3CCC(c4nc(C)no4)C3)c(=O)n2c1,3.003759940898818,10,17,0.1560494601726532,0.2568127512931824,-0.012534432113170624,0.14529749751091003,0.40032777935266495,0.20726531744003296,0.09936469793319702,0.11869244277477264,0.2077562326869806
CC1=CC=CN2C1=NC(=CC2=O)COC(=O)CN(C)C3=NC=CC=N3,Cc1cccn2c(=O)cc(COC(=O)CN(C)c3ncccn3)nc12,2.5893010736630995,10,16,0.1916998028755188,0.09815589338541031,0.1104612722992897,0.13745945692062378,0.4003169685602188,0.131999671459198,0.15622472763061523,0.12607325613498688,0.3380281690140845
C1CCNC(=O)C(C1)N2C=C(N=N2)CN3C(=O)C4=CC=CC=C4C3=O,O=C1NCCCCC1n1cc(CN2C(=O)c3ccccc3C2=O)nn1,2.951335076326771,10,13,-0.12199227511882782,0.586198091506958,-0.06414207071065903,0.14762069284915924,0.40006374567747116,0.199224591255188,-0.08438391983509064,0.32000279426574707,0.11977715877437325
CC1=NOC(=C1)C(=O)N2CCC(CC2)C3=C(C=NO3)C4=NC=CN=C4,Cc1cc(C(=O)N2CCC(c3oncc3-c3cnccn3)CC2)on1,2.891462405828907,9,15,0.12353967875242233,0.19625040888786316,0.08013685792684555,0.13096033036708832,0.39992694556713104,0.14098849892616272,0.10231528431177139,0.16288073360919952,0.1478494623655914
COC1=CC=CC(=C1)C2=NN(N=N2)CC(=O)NC3=CC(=CC=C3)OC,COc1cccc(NC(=O)Cn2nnc(-c3cccc(OC)c3)n2)c1,1.966657005407411,12,17,0.2828656733036041,0.037415552884340286,0.0795006975531578,0.12599417567253113,0.3997819237411022,0.16297613084316254,0.2025749832391739,0.030084028840065002,0.30970149253731344
CC1=CC=C(O1)/C=N/NC2=NN=C(C(=O)N2)CC3=CC=C(C=C3)OC,COc1ccc(Cc2nnc(N/N=C/c3ccc(C)o3)[nH]c2=O)cc1,2.6955435438689506,10,15,0.22036543488502502,-0.03491339460015297,0.21398824453353882,0.13047857582569122,0.3994402848184109,0.07722927629947662,0.239010751247406,0.05828460305929184,0.22560975609756098
CC1=C(C=NN1)NC(=O)C2=NN(C(=O)C=C2)CCOC3=CC=CC=C3,Cc1[nH]ncc1NC(=O)c1ccc(=O)n(CCOc2ccccc2)n1,2.348095466945873,11,15,0.19105267524719238,-0.015073781833052635,0.2234525978565216,0.10961933434009552,0.39943149127066135,0.08448182046413422,0.17957226932048798,0.09161496162414551,0.23839009287925697
CC1=NOC(=C1)C(=O)N2CCC[C@H](C2)NC(=O)C3=NC=CC(=C3)C#N,Cc1cc(C(=O)N2CCC[C@@H](NC(=O)c3cc(C#N)ccn3)C2)on1,2.9306385974535303,11,17,0.08791826665401459,0.1850443184375763,0.12606137990951538,0.1296379268169403,0.39902396500110626,0.11909251660108566,0.12280070781707764,0.15171200037002563,0.12103746397694524
CN1C(=C(C2=C1N=CC=C2)NC(=O)C3=NN4CCCC4=C3)C(=O)OC,COC(=O)c1c(NC(=O)c2cc3n(n2)CCC3)c2cccnc2n1C,2.748141810391161,10,17,0.3381156921386719,-0.1335621327161789,0.19431287050247192,0.1250196397304535,0.3988664299249649,0.1435021460056305,0.25874757766723633,-0.031398579478263855,0.185
CC1=C(C(=O)NO1)C(=O)NCC2=NN=C(N2C3=CC=CC=C3)C4CC4,Cc1o[nH]c(=O)c1C(=O)NCc1nnc(C2CC2)n1-c1ccccc1,2.7271970649957105,9,14,0.30295610427856445,0.02286188118159771,0.07245831191539764,0.2032221108675003,0.3982762973755598,0.1612854301929474,0.27834218740463257,0.06670427322387695,0.14395886889460155
CCOC1=NC=C(C=C1)C(=O)N2CCC(C2)OC3=NC=CN=C3C#N,CCOc1ccc(C(=O)N2CCC(Oc3nccnc3C#N)C2)cn1,3.063010076326771,11,17,0.11410373449325562,0.14475902915000916,0.1393745243549347,0.083880215883255,0.39823728799819946,0.09877383708953857,0.11550009995698929,0.10798481851816177,0.1927710843373494
CC1=NC2=C(C=C1)N(CCO2)C(=O)CCN3C(=O)N4C=CC=CC4=N3,Cc1ccc2c(n1)OCCN2C(=O)CCn1nc2ccccn2c1=O,2.731343543868949,11,17,0.014951776713132858,0.1985340118408203,0.18410436809062958,0.046501241624355316,0.39759015664458275,0.06808879971504211,0.03447643294930458,0.15491589903831482,0.25405405405405407
CCOC(=O)CN1C=C(N=N1)NC(=O)C2=CC=C(C=C2)N3C=CC=C3,CCOC(=O)Cn1cc(NC(=O)c2ccc(-n3cccc3)cc2)nn1,2.3914223900227967,9,13,0.22520402073860168,0.19915959239006042,-0.026918359100818634,0.1818045973777771,0.3974452540278435,0.22246304154396057,0.16593027114868164,0.1044369488954544,0.16473988439306358
CC1=CC=CC=C1NC(=O)[C@H](C)OC(=O)C2=NN3C(=CC=NC3=N2)C,Cc1ccccc1NC(=O)[C@H](C)OC(=O)c1nc2nccc(C)n2n1,2.7086705708322665,11,17,0.3510833978652954,-0.2775648534297943,0.3235827386379242,0.1343480348587036,0.3971012830734253,0.059984564781188965,0.35429826378822327,-0.028972197324037552,0.22153846153846155
C1CC(C1)(C2=NOC(=N2)CNC(=O)C3=NOC(=C3)C4=CC=CC=C4)N,NC1(c2noc(CNC(=O)c3cc(-c4ccccc4)on3)n2)CCC1,2.5435070054074114,9,14,0.13728374242782593,0.07193554192781448,0.1874805986881256,0.10920916497707367,0.396699883043766,0.059666864573955536,0.17930316925048828,0.12573759257793427,0.15053763440860216
CCOC(=O)NC1=NC(=C2C(=C1)N=CC(=N2)C3=CC(=CC=C3)OC)N,CCOC(=O)Nc1cc2ncc(-c3cccc(OC)c3)nc2c(N)n1,2.386439318516837,11,17,0.1915619671344757,0.15512946248054504,0.04996813088655472,0.14824992418289185,0.39665956050157547,0.14386072754859924,0.16204701364040375,0.12397172302007675,0.36666666666666664
CCOC(=O)C1=CC=CC=C1NC2=NC(=CN=N2)NCC3=CC=CO3,CCOC(=O)c1ccccc1Nc1nncc(NCc2ccco2)n1,2.3999372214242705,13,17,0.2942543625831604,0.32268786430358887,-0.22034350037574768,0.1700620949268341,0.3965987265110016,0.27481481432914734,0.10201758146286011,0.1126658171415329,0.16954022988505746
CCOC1=C(C=CC(=C1)C(=O)NC2=CC(=CC=C2)N3C=NN=N3)OC,CCOc1cc(C(=O)Nc2cccc(-n3cnnn3)c2)ccc1OC,2.0039300823304877,12,17,0.16951748728752136,0.10787592828273773,0.11843133717775345,0.10905860364437103,0.39582475274801254,0.1109878420829773,0.1641247272491455,0.0811513215303421,0.20875420875420875
CN1C2=C(CCC(C2)C3=NC(=NO3)C4COC5=CC=CC=C5O4)N=N1,Cn1nnc2c1CC(c1nc(C3COc4ccccc4O3)no1)CC2,3.8290837842916012,11,17,0.291879802942276,0.2925476133823395,-0.18888847529888153,0.10150433331727982,0.39553894102573395,0.2708946764469147,0.03988705947995186,0.07761073112487793,0.15567282321899736
CC1=NN(C=C1)C2=NN=C(C=C2)NCCOC3=CC=CC(=C3)C(=O)O,Cc1ccn(-c2ccc(NCCOc3cccc(C(=O)O)c3)nn2)n1,2.3692377746381794,13,17,0.19374024868011475,0.22586318850517273,-0.024090738967061043,0.09347717463970184,0.39551269821822643,0.12834522128105164,0.1424487680196762,0.08920769393444061,0.2
C1CN(CCC1C(=O)N)C2=NC3=NC=CC(=C3C(=O)N2)C4=CC=CO4,NC(=O)C1CCN(c2nc3nccc(-c4ccco4)c3c(=O)[nH]2)CC1,2.7298031592535654,10,15,0.44379669427871704,0.0198327898979187,-0.0686284527182579,0.16683757305145264,0.39500103145837784,0.22319723665714264,0.25773051381111145,-0.02679731324315071,0.44280442804428044
CC1=CC(=C(O1)C)C(=O)NNC(=O)C2=CN(N=N2)CC3=CC=CC=C3,Cc1cc(C(=O)NNC(=O)c2cn(Cc3ccccc3)nn2)c(C)o1,2.255992947985959,10,15,0.35283803939819336,-0.06808743625879288,0.11021649092435837,0.14934182167053223,0.39496709406375885,0.14815795421600342,0.30196911096572876,-0.023130159825086594,0.09831460674157304
CN1C2=C(C(=O)N(C1=O)C)N(C=N2)[C@H]3CCC4=CC=CC=C4NC3=O,Cn1c(=O)c2c(ncn2[C@H]2CCc3ccccc3NC2=O)n(C)c1=O,3.0261371642388593,11,17,-0.03570721670985222,0.295993447303772,0.13460499048233032,0.12885820865631104,0.3948912210762501,0.15345600247383118,0.026490584015846252,0.20190225541591644,0.257396449704142
CCC(=O)NC1=CC(=NN1C2=NC(=O)C3CCCC3=N2)C4=CC=CO4,CCC(=O)Nc1cc(-c2ccco2)nn1C1=NC(=O)C2CCCC2=N1,3.5657658455575394,11,17,0.11718225479125977,0.18779656291007996,0.08951372653245926,0.12023036181926727,0.394492544233799,0.13167576491832733,0.12017491459846497,0.13129985332489014,0.19607843137254902
C1CN(CCN1C2=NC=CN=C2)C(=O)C3=CC4=C(C=C3)NC(=O)CO4,O=C1COc2cc(C(=O)N3CCN(c4cnccn4)CC3)ccc2N1,2.3476461782209004,10,15,-0.14919570088386536,0.26740872859954834,0.2761755883693695,0.06453928351402283,0.3943886160850525,0.025980843231081963,0.000574132427573204,0.23969325423240662,0.2727272727272727
C1CC(CCC1NC(=O)C2=C[N+](=CC=C2)[O-])OC3=NC=CN=C3C#N,N#Cc1nccnc1OC1CCC(NC(=O)c2ccc[n+]([O-])c2)CC1,2.89774354386895,11,15,-0.05921321362257004,0.09493258595466614,0.3584909737110138,0.08407634496688843,0.3942103460431099,0.033597856760025024,0.07496181130409241,0.17531484365463257,0.1762917933130699
CC1=CC(=C(O1)C)C(=O)NC2=CC(=NN2C3=NC(=O)C(=C)C(=N3)C)C,C=C1C(=O)N=C(n2nc(C)cc2NC(=O)c2cc(C)oc2C)N=C1C,3.160857571018271,8,17,0.34060758352279663,0.12306396663188934,-0.06984452903270721,0.1770772784948349,0.39382702112197876,0.21099908649921417,0.255929559469223,0.027921266853809357,0.13626373626373625
C1COCC(CO1)N=C2N/C(=C\C3=CC4=NC=CN=C4C=C3)/C(=O)N2,O=C1NC(=NC2COCCOC2)N/C1=C\c1ccc2nccnc2c1,3.392221298546704,11,15,0.2829204201698303,-0.05064583197236061,0.16147245466709137,0.09950330853462219,0.3937470428645611,0.1095329150557518,0.23582163453102112,-0.010877677239477634,0.15625
C1CC1N2C(=O)CCC(=N2)C3=NC(=NO3)CC(=O)NC4=CC=CC=C4,O=C(Cc1noc(C2=NN(C3CC3)C(=O)CC2)n1)Nc1ccccc1,2.514508928484336,9,14,0.05636823922395706,0.3346422016620636,0.0027066748589277267,0.22319072484970093,0.3937171157449484,0.20551902055740356,0.10777516663074493,0.2303886115550995,0.13123359580052493
COC1=CC(=CC(=C1OC)OC)NC2=NC=NC(=N2)C3=CC=NC=C3,COc1cc(Nc2ncnc(-c3ccncc3)n2)cc(OC)c1OC,2.256566620792027,7,12,0.19150212407112122,0.18334148824214935,0.018457863479852676,0.15519076585769653,0.39330147579312325,0.18749994039535522,0.10395831614732742,0.1501430869102478,0.4155251141552511
CCOC(=O)C1=CC2=CN=C(N=C2NC1=O)NC3=C(C=CC(=C3)N)C,CCOC(=O)c1cc2cnc(Nc3cc(N)ccc3C)nc2[nH]c1=O,2.463174313099721,11,17,0.2966305911540985,0.012989331968128681,0.0835600420832634,0.12509730458259583,0.3931799652054906,0.15010085701942444,0.18578371405601501,0.03823307529091835,0.2975778546712803
CCNC(=O)C1=CC(=C(C=C1)NC(=O)C2=C3N=CC=CN3N=C2)OC,CCNC(=O)c1ccc(NC(=O)c2cnn3cccnc23)c(OC)c1,2.175121658711854,12,17,0.29558706283569336,0.2526956796646118,-0.15524782240390778,0.13357341289520264,0.3930349200963974,0.21872815489768982,0.10893143713474274,0.10722677409648895,0.2651006711409396
CC1=C(C=C2C=NN(C2=N1)C(C)C)C(=O)NC3=CC=C(C=C3)[N+](=O)[O-],Cc1nc2c(cnn2C(C)C)cc1C(=O)Nc1ccc([N+](=O)[O-])cc1,2.242625149220121,8,14,0.13838350772857666,0.1476650834083557,0.10692793130874634,0.13626563549041748,0.3929765224456787,0.1460256576538086,0.15567445755004883,0.09566263854503632,0.18258426966292135
C1CN(CCC12OCCO2)CC3=NC4=CC=CC5=C4C(=N3)N=NC5=O,O=C1N=Nc2nc(CN3CCC4(CC3)OCCO4)nc3cccc1c23,3.619622290463985,7,14,0.041459400206804276,0.2341952919960022,0.1172027438879013,0.09724617004394531,0.3928574360907078,0.12134779244661331,0.049539946019649506,0.16728484630584717,0.19941348973607037
CC1=C(C(=O)N(N=C1C)CC(=O)NC2=CC=C(C=C2)C(=O)NC)C#N,CNC(=O)c1ccc(NC(=O)Cn2nc(C)c(C)c(C#N)c2=O)cc1,2.1375616434164613,8,15,0.4218197464942932,0.05489207059144974,-0.08422895520925522,0.16695499420166016,0.39248286187648773,0.21543045341968536,0.26728954911231995,-0.0056343358010053635,0.16111111111111112
CC1=NC=C(C=N1)C2=NN=C(O2)[C@@H]3CCCN(C3)C(=O)C4=CC=CO4,Cc1ncc(-c2nnc([C@@H]3CCCN(C(=O)c4ccco4)C3)o2)cn1,3.026253569477455,10,16,0.0482495054602623,0.25985658168792725,0.08437331020832062,0.14564958214759827,0.39247939735651016,0.1775236278772354,0.07313709706068039,0.15831995010375977,0.15404699738903394
CN1C(=O)C2=C(C1=O)C=C(C=C2)C(=O)N3CCCC(C3)N4C=CN=N4,CN1C(=O)c2ccc(C(=O)N3CCCC(n4ccnn4)C3)cc2C1=O,2.9737644912780166,11,17,-0.15436524152755737,0.4384489357471466,0.10834570229053497,0.10365543514490128,0.3924293965101242,0.1625036895275116,-0.0899050384759903,0.25863751769065857,0.11076923076923077
CC1=NC=CN1C2=CC=C(C=C2)NC(=O)C3=CC(=NC(=N3)OC)OC,COc1cc(C(=O)Nc2ccc(-n3ccnc3C)cc2)nc(OC)n1,2.3766768049740428,9,15,0.006922869011759758,0.14867188036441803,0.236803337931633,0.11649678647518158,0.3923980873078108,0.0546221025288105,0.14738941192626953,0.15776701271533966,0.1891891891891892
CCOCCC1=C2C(=NC(=N1)C3=CC=CC=C3)NC(=O)C(=N2)C(=O)N,CCOCCc1nc(-c2ccccc2)nc2[nH]c(=O)c(C(N)=O)nc12,2.6221613120162957,9,15,0.27342700958251953,0.07623747736215591,0.04263230413198471,0.2134571075439453,0.39229679107666016,0.1721028983592987,0.2478814721107483,0.10255791246891022,0.3356164383561644
COC1=C(C(=CC=C1)OC)C(=O)NC2=NN(C(=N2)N)C3=CC=CC=C3,COc1cccc(OC)c1C(=O)Nc1nc(N)n(-c2ccccc2)n1,2.159863587205894,8,12,0.312229722738266,0.162458598613739,-0.08239921182394028,0.17212137579917908,0.39228910952806473,0.21934062242507935,0.19407343864440918,0.07411693036556244,0.24324324324324326
C1CN(C(C2=CC=CN21)C3=CN=CC=C3)C(=O)CN4C(=O)CNC4=O,O=C1CNC(=O)N1CC(=O)N1CCn2cccc2C1c1cccnc1,3.1156523840190777,13,17,-0.013850001618266106,0.24228239059448242,0.16362112760543823,0.10215635597705841,0.39205351658165455,0.10007783770561218,0.04664935916662216,0.18732193112373352,0.12759643916913946
CN1C(=CC(=O)N(C1=O)C)CN/C=C(/C#N)\C(=O)NC2=CC=CC=C2,Cn1c(CN/C=C(/C#N)C(=O)Nc2ccccc2)cc(=O)n(C)c1=O,2.6453415371799878,10,15,0.27796995639801025,-0.1574866771697998,0.27154430747032166,0.1209273487329483,0.3920275866985321,0.03292408213019371,0.3047257661819458,0.03981700912117958,0.23708206686930092
CC1=CC=C(C=C1)C2=CC(=NO2)C(=O)NC3=CN(N=C3C(=O)NC)C,CNC(=O)c1nn(C)cc1NC(=O)c1cc(-c2ccc(C)cc2)on1,2.3253318955173015,9,15,0.15515443682670593,0.02546326257288456,0.21130841970443726,0.09097360074520111,0.39192611910402775,0.05105415731668472,0.16294945776462555,0.11905927211046219,0.14560439560439561
CCOC1=CC=C(C=C1)NC(=O)COC2=CC=CC(=C2)N3C=NN=N3,CCOc1ccc(NC(=O)COc2cccc(-n3cnnn3)c2)cc1,1.9874735754811734,11,15,0.2060776948928833,-0.007785223890095949,0.1936081498861313,0.12150741368532181,0.39190062088891864,0.06276673078536987,0.20718297362327576,0.10685299336910248,0.24
CN1C(C(=O)N(C1=O)C)C2=C(N(C(=O)N2C)C)C3=CC=C(C=C3)C#N,CN1C(=O)C(c2c(-c3ccc(C#N)cc3)n(C)c(=O)n2C)N(C)C1=O,3.339859243950192,7,15,-0.0003085797652602196,0.1994818150997162,0.19268691539764404,0.11919885873794556,0.3918601507321,0.08277982473373413,0.0764290913939476,0.20656949281692505,0.21502590673575128
CC1=CN(C(=O)NC1=O)CC(=O)N(C)CC2=NC3=CC=CC=C3N=C2,Cc1cn(CC(=O)N(C)Cc2cnc3ccccc3n2)c(=O)[nH]c1=O,2.4119415658469716,11,17,0.14909756183624268,-0.011256076395511627,0.25388360023498535,0.1139523833990097,0.3917250856757164,0.07054553180932999,0.21764492988586426,0.06172836571931839,0.23202614379084968
COC1=CC2=CC=CC=C2C=C1N(C3=CN=C(N=C3N)OC)C(=O)N,COc1ncc(N(C(N)=O)c2cc3ccccc3cc2OC)c(N)n1,2.6890584889238944,11,17,0.3823659420013428,0.006407249253243208,0.0028262659907341003,0.1842847764492035,0.3915994572453201,0.19113999605178833,0.26755833625793457,0.009669547900557518,0.2727272727272727
CC1=NN=C(O1)C2COCCN2C(=O)C3=NC=CC(=C3)N4C=CC=C4,Cc1nnc(C2COCCN2C(=O)c2cc(-n3cccc3)ccn2)o1,3.301039027854694,10,15,-0.016052721068263054,0.28645873069763184,0.12089347839355469,0.07710263133049011,0.39129948802292347,0.09556890279054642,0.05689048022031784,0.15655525028705597,0.13055555555555556
CN1C2=C(C(=N1)C(=O)N3CC(C3)COC4=CC=CC=C4)N=CNC2=O,Cn1nc(C(=O)N2CC(COc3ccccc3)C2)c2nc[nH]c(=O)c21,2.6330978233922426,9,14,0.15175572037696838,-0.20421011745929718,0.44335034489631653,0.0915575847029686,0.39089594781398773,0.021687809377908707,0.2239879071712494,0.02436162531375885,0.296969696969697
CCOC1=C(C=C(C=C1)C(=O)NC2=CC(=CC=C2)N3C=NN=N3)OC,CCOc1ccc(C(=O)Nc2cccc(-n3cnnn3)c2)cc1OC,1.995303159253563,12,17,0.18656057119369507,0.10002675652503967,0.10403972864151001,0.1086677685379982,0.39062705636024475,0.11535713821649551,0.16756010055541992,0.07139619439840317,0.20875420875420875
CCOC1=CC=CC=C1C(=O)NC2=CC(=C(C=C2)OC)N3C=NN=N3,CCOc1ccccc1C(=O)Nc1ccc(OC)c(-n2cnnn2)c1,2.047889697715103,12,17,-0.02354959212243557,0.26394280791282654,0.14996176958084106,0.0883086770772934,0.39035498537123203,0.07296045124530792,0.05412587150931358,0.19998952746391296,0.19169329073482427
CC1C(=O)C2=C(N1C)N=CN2CC(=O)NC3=NC4=C(O3)C=C(C=C4)C,Cc1ccc2nc(NC(=O)Cn3cnc4c3C(=O)C(C)N4C)oc2c1,3.41634551588721,10,17,0.10696122795343399,0.05665208399295807,0.22586995363235474,0.10757110267877579,0.3894832655787468,0.07982663065195084,0.17004641890525818,0.09005337208509445,0.2
CC1=NN=C2N1CC(N(C2)C(=O)CN3C=CC4=CC=CC=C43)C(=O)O,Cc1nnc2n1CC(C(=O)O)N(C(=O)Cn1ccc3ccccc31)C2,3.1520210459909093,12,17,-0.006533710286021233,0.15617318451404572,0.23983906209468842,0.10901039838790894,0.3894785363227129,0.07754640281200409,0.08471745252609253,0.17223891615867615,0.17771084337349397
CN(CC(=O)NC1=CC(=CC=C1)OC)C(=O)C2=CC3=NNN=C3C=C2,COc1cccc(NC(=O)CN(C)C(=O)c2ccc3n[nH]nc3c2)c1,2.1594287009653748,12,17,0.1966492235660553,0.0814606100320816,0.11134614050388336,0.09280958026647568,0.38945597410202026,0.1387113630771637,0.11628136783838272,0.06744757294654846,0.22448979591836735
CC1=NC(=CC(=O)N1)C2CCN(CC2)C(=O)C3=C4C=CC=NC4=NO3,Cc1nc(C2CCN(C(=O)c3onc4ncccc34)CC2)cc(=O)[nH]1,3.0194146977151037,9,15,0.280803918838501,0.07835426181554794,0.03003285452723503,0.1768660545349121,0.38919103518128395,0.19693535566329956,0.20761866867542267,0.07111555337905884,0.22191011235955055
CC1=CC(=NC2=NC(=NN12)CC(=O)NC3=CC=CC(=C3)C(=O)OC)C,COC(=O)c1cccc(NC(=O)Cc2nc3nc(C)cc(C)n3n2)c1,2.2506259614513677,10,17,0.35629600286483765,0.02724441885948181,0.005493834614753723,0.12664794921875,0.3890342563390732,0.18689796328544617,0.2306363433599472,-0.018050607293844223,0.2108626198083067
CN1C(=C(C=N1)C(=O)NC2=CC=C(C=C2)OCC(=O)N)N3C=CC=C3,Cn1ncc(C(=O)Nc2ccc(OCC(N)=O)cc2)c1-n1cccc1,2.268395981572091,9,13,0.1061536967754364,0.10031123459339142,0.18207773566246033,0.10702277719974518,0.38854266703128815,0.06338559091091156,0.14236406981945038,0.15288764238357544,0.22287390029325513
CC1=CC(=NO1)C(=O)N2CCN(CC2)C(=O)C3=C4C=CC=CN4N=C3,Cc1cc(C(=O)N2CCN(C(=O)c3cnn4ccccc34)CC2)no1,2.3805262361766424,9,15,0.03247109428048134,0.05032788962125778,0.3053767681121826,0.10854215919971466,0.38817575201392174,0.016713852062821388,0.17503722012043,0.1422363519668579,0.12352941176470589
CC1=C(C=CC(=C1)NC(=O)COC2=CC=CC=C2OC)N3C=NN=N3,COc1ccccc1OCC(=O)Nc1ccc(-n2cnnn2)c(C)c1,2.0297435438689497,12,17,0.10983075201511383,0.14565742015838623,0.13236767053604126,0.06812094151973724,0.3878558427095413,0.08361747115850449,0.13455651700496674,0.07311026751995087,0.2305084745762712
C[C@H](C1=C(C=C(C=C1)C(=O)NC2=C3C=NNC3=NC=C2)C(=O)OC)N,COC(=O)c1cc(C(=O)Nc2ccnc3[nH]ncc23)ccc1[C@@H](C)N,2.933886175227869,12,17,0.2895183563232422,0.13476009666919708,-0.0365077406167984,0.07594680041074753,0.38777071237564087,0.19018730521202087,0.13318675756454468,-0.008304599672555923,0.20846905537459284
C1CCC(CC1)C2=CC(=CC(=C2)C3=NNN=N3)NC4=C(C(=O)C4=O)O,O=c1c(O)c(Nc2cc(-c3nn[nH]n3)cc(C3CCCCC3)c2)c1=O,2.7565204669458723,10,15,-0.05825413018465042,0.03613094985485077,0.40957677364349365,0.09394621849060059,0.387453593313694,0.031799644231796265,0.07129139453172684,0.17138098180294037,0.2135593220338983
CC(=O)C(C(=O)NC1=CC=CC=C1)N=NC2=C(C=C(C=C2)C(=O)N)N,CC(=O)C(N=Nc1ccc(C(N)=O)cc1N)C(=O)Nc1ccccc1,2.9083034709756,11,15,0.08321025222539902,0.20715081691741943,0.09642276912927628,0.17352579534053802,0.3867838382720947,0.16195739805698395,0.16611531376838684,0.13187175989151,0.13712374581939799
CC1=NOC(=N1)C2COCCN2C(=O)C3=NN(C=C3)C4=CC=CC=C4,Cc1noc(C2COCCN2C(=O)c2ccn(-c3ccccc3)n2)n1,2.9957901342825117,10,15,0.05116698518395424,0.16574466228485107,0.16932566463947296,0.05856987088918686,0.3862373121082783,0.06504607200622559,0.09816713631153107,0.11036024987697601,0.12030075187969924
CN1C(=CC(=O)N(C1=O)C)CN/C=C(\C#N)/C(=O)NC2=CC=CC=C2,Cn1c(CN/C=C(\C#N)C(=O)Nc2ccccc2)cc(=O)n(C)c1=O,2.6453415371799878,10,15,0.26458650827407837,-0.14791609346866608,0.2694074213504791,0.11796884983778,0.3860778361558914,0.031313568353652954,0.29578548669815063,0.042124975472688675,0.23708206686930092
CN(C1=CC=C(C=C1)OC)C2=NC(=NC3=C2C=C(C=C3)[N+](=O)[O-])CN,COc1ccc(N(C)c2nc(CN)nc3ccc([N+](=O)[O-])cc23)cc1,2.429211675737081,9,15,0.08874837309122086,0.03339698910713196,0.2637297511100769,0.11200717091560364,0.3858751133084297,0.05312954634428024,0.1521049588918686,0.13660931587219238,0.2697841726618705
CCOC1=NC(=CC(=C1C#N)N)C=O.CNC1=NOC2=CC=CC=C21,CCOc1nc(C=O)cc(N)c1C#N.CNc1noc2ccccc12,2.8714360713414777,11,17,0.24646231532096863,-0.03989650309085846,0.1790391206741333,0.13612955808639526,0.38560493290424347,0.06592708081007004,0.27807262539863586,0.058205120265483856,0.21021021021021022
CCC1=CC=CC=C1NC(=O)COC(=O)C2=NN3C(=CC=NC3=N2)C,CCc1ccccc1NC(=O)COC(=O)c1nc2nccc(C)n2n1,2.2925331430022116,11,17,0.26799535751342773,0.15214383602142334,-0.034627970308065414,0.12891066074371338,0.38551122322678566,0.16977998614311218,0.16193917393684387,0.07959562540054321,0.21806853582554517
CC1=C(C(=O)N2C(=N1)N=CN2)CCC(=O)NC3=CC=CC(=C3)C(=O)C,CC(=O)c1cccc(NC(=O)CCc2c(C)nc3nc[nH]n3c2=O)c1,2.46544508233049,11,17,0.09545356035232544,0.27510741353034973,0.01424384955316782,0.15602728724479675,0.384804823435843,0.19683237373828888,0.09127610176801682,0.14661893248558044,0.268370607028754
CCCN1C(=O)C=CC(=N1)C2=NC(=NO2)CC(=O)NC3=CC=CC=C3,CCCn1nc(-c2nc(CC(=O)Nc3ccccc3)no2)ccc1=O,2.253520466945872,10,15,-0.019000103697180748,0.29407310485839844,0.1092955470085144,0.1786433458328247,0.3843685481697321,0.10749676823616028,0.11927919089794159,0.24355146288871765,0.23835616438356164
CCCC1=CC(=NO1)C(=O)N2CCC2C3=NC(=NO3)C4=CN=CC=C4,CCCc1cc(C(=O)N2CCC2c2nc(-c3cccnc3)no2)no1,3.039773485178193,11,17,-0.09843672811985016,0.5827545523643494,-0.10046011954545975,0.1703745722770691,0.38385770469903946,0.21349702775478363,-0.06810011714696884,0.3361309766769409,0.19261213720316622
C1CC(CCC1NC(=O)C2=CC(=O)NC=C2)OC3=NC=CN=C3C#N,N#Cc1nccnc1OC1CCC(NC(=O)c2cc[nH]c(=O)c2)CC1,2.770162774638182,11,15,0.10942381620407104,-0.15918806195259094,0.4335622787475586,0.05970790237188339,0.3837980329990387,-0.03710002079606056,0.2245965152978897,0.04321183264255524,0.22884012539184953
COC1=C(C(=NC=N1)OC)C(=O)NC2=CC=CC(=C2)CN3C=CC=N3,COc1ncnc(OC)c1C(=O)Nc1cccc(Cn2cccn2)c1,2.3970070054074117,11,15,0.16431599855422974,0.08099319040775299,0.1383965015411377,0.17259034514427185,0.3837056905031204,0.1539427936077118,0.18355980515480042,0.1053304672241211,0.19254658385093168
C1CC1N(C2=CC=CC=C2C#N)C(=O)N3CCN4C(C3)C(=O)NC4=O,N#Cc1ccccc1N(C(=O)N1CCN2C(=O)NC(=O)C2C1)C1CC1,3.299311889513584,11,16,0.3546763062477112,-0.1045306846499443,0.13317450881004333,0.1949092000722885,0.3833201304078102,0.16739261150360107,0.30601584911346436,0.01830403134226799,0.125
C1C(=CN=N1)C(=O)NCCCNC(=O)C2=NOC(=C2)C3=CC=CC=C3,O=C(NCCCNC(=O)c1cc(-c2ccccc2)on1)C1=CN=NC1,2.7191574532472433,11,15,0.20097005367279053,0.2563570737838745,-0.07427507638931274,0.2102571427822113,0.3830520510673523,0.19709591567516327,0.16293758153915405,0.18221844732761383,0.16231884057971013
CC1=NC=C(C=N1)C2=NN=C(O2)[C@H]3CCCN(C3)C(=O)C4=CC=CO4,Cc1ncc(-c2nnc([C@H]3CCCN(C(=O)c4ccco4)C3)o2)cn1,3.026253569477455,10,16,0.04469091445207596,0.2519741654396057,0.08596532046794891,0.1402207762002945,0.3826304003596306,0.17097319662570953,0.0711791068315506,0.15315966308116913,0.15404699738903394
CC(C)N1C2=C(N=C1OC3=CC=C(C=C3)C#N)N(C(=O)N(C2=O)C)C,CC(C)n1c(Oc2ccc(C#N)cc2)nc2c1c(=O)n(C)c(=O)n2C,2.5808625483938368,6,14,0.1109677404165268,-0.04946732521057129,0.32111412286758423,0.11592192202806473,0.38261453807353973,0.03038717247545719,0.19781897962093353,0.11908064782619476,0.2549019607843137
COC1=CC=C(C=C1)COCC(=O)NC2=NNC(=N2)C3=CC=CC=N3,COc1ccc(COCC(=O)Nc2n[nH]c(-c3ccccn3)n2)cc1,2.235340593394767,11,15,0.0899447575211525,0.10994488000869751,0.18237116932868958,0.09754905104637146,0.3822608068585396,0.08776742219924927,0.11210347712039948,0.1280187964439392,0.45075757575757575
CC1=C(C=NN1C)C(=O)NC2COC3=C2C=CC(=C3)C4=NOC(=N4)C,Cc1nc(-c2ccc3c(c2)OCC3NC(=O)c2cnn(C)c2C)no1,3.030514220422111,10,17,0.029493682086467743,0.04241001978516579,0.31027835607528687,0.015688398852944374,0.3821820579469204,-0.031661488115787506,0.12264923006296158,0.10699982196092606,0.25675675675675674
CCOC1=CC=CC=C1N2CC(CC2=O)C3=NC(=NO3)C4=CC=NN4,CCOc1ccccc1N1CC(c2nc(-c3ccn[nH]3)no2)CC1=O,3.037863474640785,12,17,0.11464349925518036,0.10896067321300507,0.15828721225261688,0.10715463012456894,0.3818913847208023,0.09375174343585968,0.11272385716438293,0.14590224623680115,0.2821917808219178
CCOC(=O)C1=C(N(N=C1)C2=CC=CC=C2)NC(=O)C3=NN(C=C3)C,CCOC(=O)c1cnn(-c2ccccc2)c1NC(=O)c1ccn(C)n1,2.2647511278342805,10,15,0.34355226159095764,-0.017523225396871567,0.05562261492013931,0.12430080771446228,0.3816516511142254,0.1363040953874588,0.21903371810913086,0.030772652477025986,0.13624678663239073
CC1=CC=CN2C1=NC(=C(C2=O)C=C(C#N)C(=O)N)N3CCOCC3,Cc1cccn2c(=O)c(C=C(C#N)C(N)=O)c(N3CCOCC3)nc12,2.667341785627192,8,15,0.16564461588859558,-0.1346762478351593,0.35065799951553345,0.09685492515563965,0.3816263675689697,-0.0005953395739197731,0.26694101095199585,0.047198496758937836,0.2962962962962963
CCN1C=CC(=CC1=O)C(=O)N(C)CC2=NC(=NO2)C3=CC=NC=C3,CCn1ccc(C(=O)N(C)Cc2nc(-c3ccncc3)no2)cc1=O,2.484368679296903,9,15,0.0017870571464300156,0.1519618034362793,0.2278587371110916,0.12174426764249802,0.3816075976938009,0.06696081161499023,0.09836968779563904,0.19438832998275757,0.2523076923076923
CN1C=C(C=N1)NC(=O)CN2C(=O)C3(CCC4=CC=CC=C43)NC2=O,Cn1cc(NC(=O)CN2C(=O)NC3(CCc4ccccc43)C2=O)cn1,3.2753713541800398,12,17,0.07907281816005707,0.2310803383588791,0.07142524421215057,0.10915205627679825,0.38157840073108673,0.12786823511123657,0.06115100532770157,0.17066563665866852,0.13978494623655913
CN1C2=C(C=C(C=N2)NC(=O)C3=CC=CN3C4CC4)C(=O)N(C1=O)C,Cn1c(=O)c2cc(NC(=O)c3cccn3C3CC3)cnc2n(C)c1=O,2.503679329822127,10,16,0.12340506911277771,0.023796362802386284,0.2342882752418518,0.1611119508743286,0.3814897071570158,0.08622846007347107,0.20926779508590698,0.13111811876296997,0.26993865030674846
CCOC1=CC=CC=C1OCC(=O)NC2=CN=C(C=C2)N3C=NN=C3,CCOc1ccccc1OCC(=O)Nc1ccc(-n2cnnc2)nc1,2.227655029643449,12,16,0.30092713236808777,0.025789514183998108,0.054349273443222046,0.1267181932926178,0.3810659199953079,0.11707758903503418,0.23952026665210724,0.032934073358774185,0.27816901408450706
CC(C)CN1C(=O)C2=C(C1=O)C=C(C=C2)NC(=O)NC3=NC=CC=N3,CC(C)CN1C(=O)c2ccc(NC(=O)Nc3ncccn3)cc2C1=O,2.224852335077742,10,15,0.16532519459724426,0.12855689227581024,0.08700614422559738,0.16441917419433594,0.3808882310986519,0.17218607664108276,0.13194862008094788,0.13481321930885315,0.2508833922261484
CC1=CC(=C(C(=C1)C)NC(=O)CNC2=NC(=C(C=C2)[N+](=O)[O-])C#N)C,Cc1cc(C)c(NC(=O)CNc2ccc([N+](=O)[O-])c(C#N)n2)c(C)c1,2.5090478425114835,8,14,0.35318130254745483,-0.2562728524208069,0.2839166820049286,0.08412792533636093,0.38082513213157654,0.007573314011096954,0.3251652419567108,-0.02798187918961048,0.2059800664451827
CN1C2=C(C(=O)N(C1=O)C)N(C=N2)[C@@H]3CCC4=CC=CC=C4NC3=O,Cn1c(=O)c2c(ncn2[C@@H]2CCc3ccccc3NC2=O)n(C)c1=O,3.0261371642388593,11,17,-0.0417785681784153,0.2878177762031555,0.13408613204956055,0.12369151413440704,0.38012534007430077,0.14749278128147125,0.022340204566717148,0.19668757915496826,0.257396449704142
CC(C)NC1=CC=C(N2C1=NC(=N2)NC(=O)C3=CC=CC=C3)C(=O)O,CC(C)Nc1ccc(C(=O)O)n2nc(NC(=O)c3ccccc3)nc12,2.4177984889238946,10,14,0.3247828483581543,0.176565483212471,-0.12147505581378937,0.1860528290271759,0.37987327575683594,0.2450670599937439,0.21591311693191528,0.03650294244289398,0.26006191950464397
COC1=NC(=NC(=C1)C2=CN=C(N=C2C3=CC=CO3)NC4CC4)OC,COc1cc(-c2cnc(NC3CC3)nc2-c2ccco2)nc(OC)n1,2.699899313099719,10,16,0.24334315955638885,0.08677147328853607,0.0495937205851078,0.1931050568819046,0.37970835343003273,0.15838517248630524,0.23572784662246704,0.09701502323150635,0.3401360544217687
CN1C=C(C(=N1)OC)C(=O)N2CCC3=C(C2)C(=O)N4C=CC=CC4=N3,COc1nn(C)cc1C(=O)N1CCc2nc3ccccn3c(=O)c2C1,2.655329676046632,10,17,0.1048782467842102,0.014641394838690758,0.2600437104701996,0.10713514685630798,0.37956335209310055,0.07324037700891495,0.1350426971912384,0.11855387687683105,0.24022346368715083
CC(C(=O)NC1=CC=CC(=C1)C#N)OC(=O)CN(C)C2=NC=CC=N2,CC(OC(=O)CN(C)c1ncccn1)C(=O)Nc1cccc(C#N)c1,2.7981740873157808,11,16,0.36679762601852417,-0.13249525427818298,0.1451171338558197,0.13536754250526428,0.3794195055961609,0.09306546300649643,0.3085120916366577,0.004806511104106903,0.2841726618705036
C1[C@@H]2[C@@H](CN1C(=O)C3=NC=CN=C3)OCC(=O)N2CC4=CC=NC=C4,O=C(c1cnccn1)N1C[C@@H]2[C@@H](C1)OCC(=O)N2Cc1ccncc1,3.39347560783274,11,15,-0.06314361840486526,0.10703913122415543,0.3355133831501007,0.0911053791642189,0.37940889596939087,0.0522305965423584,0.07453767955303192,0.15307080745697021,0.153125
CC1=CC=CC=C1NC(=O)COC(=O)C2=NN3C(=CC(=NC3=N2)C)C,Cc1cc(C)n2nc(C(=O)OCC(=O)Nc3ccccc3C)nc2n1,2.198742444967852,10,17,0.19361163675785065,0.032865606248378754,0.15276283025741577,0.1380988359451294,0.37924007326364517,0.08824175596237183,0.22446531057357788,0.08628174662590027,0.2229299363057325
CC1=NOC(=N1)C2CCCN(C2)C(=O)C(=O)NC3=CC=C(C=C3)C#N,Cc1noc(C2CCCN(C(=O)C(=O)Nc3ccc(C#N)cc3)C2)n1,2.851520504279099,9,15,-0.03792446106672287,0.20928780734539032,0.2073850929737091,0.09861378371715546,0.37874843925237656,0.08235054463148117,0.0480542853474617,0.18077798187732697,0.1323943661971831
COC1=C(C=C(C=C1)C(=O)NCC2=CN(N=N2)C3=CC=NC=C3)OC,COc1ccc(C(=O)NCc2cn(-c3ccncc3)nn2)cc1OC,2.1431300823304884,10,15,0.10696274042129517,0.1614179015159607,0.11019904911518097,0.08285827934741974,0.37857969105243683,0.08748894929885864,0.12077554315328598,0.1065056100487709,0.1864951768488746
CC1=NO[C@@H](C1)C(=O)N2CCC3=C(C2)N=C(NC3=O)C4=CC=CC=N4,CC1=NO[C@H](C(=O)N2CCc3c(nc(-c4ccccn4)[nH]c3=O)C2)C1,3.4500139224806166,11,17,0.25755786895751953,0.057255811989307404,0.06349863857030869,0.1515309363603592,0.3783123195171356,0.17355403304100037,0.1952890157699585,0.046697426587343216,0.2857142857142857
CCOC(=O)NNC(=O)C1=CC=C(C=C1)CN2C3=CC=CC=C3N=N2,CCOC(=O)NNC(=O)c1ccc(Cn2nnc3ccccc32)cc1,2.040805082330488,11,15,0.32464441657066345,0.09995526075363159,-0.04673558846116066,0.19608555734157562,0.3778640888631344,0.22173362970352173,0.23748885095119476,0.04630906879901886,0.12341772151898735
CC(=O)NCCNC1=NC(=NC2=C1C=C(N2)C(=O)O)C3=CC=CC=C3,CC(=O)NCCNc1nc(-c2ccccc2)nc2[nH]c(C(=O)O)cc12,2.384056219925288,11,15,0.2083301544189453,0.12356887012720108,0.04581623151898384,0.19730864465236664,0.37771525606513023,0.1539560854434967,0.23476943373680115,0.10227611660957336,0.3956043956043956
CC1=NC2=C(C=C1)C(=CC=C2)NC3=C(C(=NC=N3)OC(C)C)[N+](=O)[O-],Cc1ccc2c(Nc3ncnc(OC(C)C)c3[N+](=O)[O-])cccc2n1,2.4200929944184004,10,16,0.21899306774139404,0.07843565940856934,0.07967889308929443,0.12717139720916748,0.3771076202392578,0.15071900188922882,0.1669556200504303,0.05851641297340393,0.22712933753943218
CC1CCC2=C(C1)C=CC(=N2)C3=NC(=NO3)C4=CN(C(=O)NC4=O)C,CC1CCc2nc(-c3nc(-c4cn(C)c(=O)[nH]c4=O)no3)ccc2C1,3.3217085866192946,10,17,0.07956981658935547,0.29216694831848145,0.004572407342493534,0.17892609536647797,0.37630917225033045,0.20832443237304688,0.04203346371650696,0.2140338122844696,0.26519337016574585
CC(C)N1C(=NC=N1)C2=NN3C(=C2)CCOC4=C3C=C(C=C4)C(=O)O,CC(C)n1ncnc1-c1cc2n(n1)-c1cc(C(=O)O)ccc1OCC2,2.862688505949123,10,16,-0.046458128839731216,0.14917312562465668,0.27348363399505615,0.04105566442012787,0.3761986307799816,0.028132475912570953,0.07565589249134064,0.12661147117614746,0.24031007751937986
COC(=O)C1=CC=CC(=N1)C(=O)[C@H](C#N)C2=NN=C3N2CCCCC3,COC(=O)c1cccc(C(=O)[C@H](C#N)c2nnc3n2CCCCC3)n1,3.2105590741599235,10,17,0.08614785224199295,0.2401268482208252,0.04970087483525276,0.10411407053470612,0.3759755752980709,0.18727847933769226,0.024675220251083374,0.12388268858194351,0.1329639889196676
CC1=NC(=NO1)C2CCN(C2)C(=O)NC3=NOC(=C3)C4=CC=CC=C4,Cc1nc(C2CCN(C(=O)Nc3cc(-c4ccccc4)on3)C2)no1,2.912163158518551,10,15,0.23360779881477356,0.18128642439842224,-0.03932660073041916,0.18456478416919708,0.37556762248277664,0.2089862823486328,0.16674505174160004,0.10536907613277435,0.1810810810810811
CC1=CC=C(C=C1)CN2C(=O)CN3C2=NC4=C3C(=O)N(C(=O)N4C)C,Cc1ccc(CN2C(=O)Cn3c2nc2c3c(=O)n(C)c(=O)n2C)cc1,2.4847321726314924,7,15,-0.040643833577632904,0.1591326892375946,0.25701430439949036,0.0989248976111412,0.37550316005945206,0.06305263936519623,0.061622049659490585,0.19847428798675537,0.34824281150159747
CC1=C(C=NN1)C(=O)N2CCOCC2C3=NOC(=N3)C4=CC=CC=C4,Cc1[nH]ncc1C(=O)N1CCOCC1c1noc(-c2ccccc2)n1,3.051669797085464,10,15,0.0017580683343112469,0.23490221798419952,0.1385577917098999,0.10681187361478806,0.3752180780284107,0.11620631068944931,0.07009728252887726,0.15191584825515747,0.18904109589041096
CC1=C(C(=NO1)C2=CC=CC=C2)C(=O)NC3=CN(N=C3)CC(=O)NC,CNC(=O)Cn1cc(NC(=O)c2c(-c3ccccc3)noc2C)cn1,2.2679318428938693,10,15,0.2881755232810974,0.11785945296287537,-0.03092147968709469,0.17848454415798187,0.3751134965568781,0.17288750410079956,0.23362573981285095,0.06684425473213196,0.17539267015706805
CC1=CC=CN2C1=NC(=C(C2=O)/C=C(/C#N)\C(=O)N)N3CCOCC3,Cc1cccn2c(=O)c(/C=C(/C#N)C(N)=O)c(N3CCOCC3)nc12,2.667341785627192,8,15,0.13161346316337585,-0.0971754714846611,0.3405148983001709,0.09893651306629181,0.37495288997888565,0.010375794023275375,0.24739448726177216,0.05278918147087097,0.2962962962962963
C1CN2C(=CC(=N2)CO)CN1C(=O)COC3=NC=NC4=CC=CC=C43,O=C(COc1ncnc2ccccc12)N1CCn2nc(CO)cc2C1,2.618552816787812,12,17,0.02646261267364025,0.23494549095630646,0.11323625594377518,0.11189767718315125,0.3746443595737219,0.11289085447788239,0.06402755528688431,0.1767728179693222,0.2148997134670487
CC1=C(N=C2C(=N1)N(C(=O)N(C2=O)C)C)C(=O)NCC3=CC=CC=C3,Cc1nc2c(nc1C(=O)NCc1ccccc1)c(=O)n(C)c(=O)n2C,2.2604826743037325,8,15,-0.08203242719173431,0.1593945324420929,0.29726994037628174,0.15631957352161407,0.3746320456266403,0.07113133370876312,0.09864118695259094,0.2322407364845276,0.23300970873786409
CCCCN1C2=C(C(=O)N(C(=O)N2)C)N=C1C3=NC4=CC=CC=C4O3,CCCCn1c(-c2nc3ccccc3o2)nc2c(=O)n(C)c(=O)[nH]c21,2.7453238255590904,10,17,0.024710647761821747,0.2266630381345749,0.12323076277971268,0.17496295273303986,0.3746044486761093,0.12505216896533966,0.14246544241905212,0.18368706107139587,0.24695121951219512
CC1=C(N2C3=C(N=C2N1C4=CC(=CC=C4)O)N(C(=O)N(C3=O)C)C)C,Cc1c(C)n2c3c(=O)n(C)c(=O)n(C)c3nc2n1-c1cccc(O)c1,2.626546711289766,9,17,0.12916460633277893,0.02011837810277939,0.22521458566188812,0.11719594895839691,0.37449757009744644,0.048855073750019073,0.19391071796417236,0.11426804959774017,0.2334384858044164
CN1C(=O)C=CC(=N1)C(=O)NC2CC3C(=O)NC4=CC=CC=C4N3C2,Cn1nc(C(=O)NC2CC3C(=O)Nc4ccccc4N3C2)ccc1=O,3.227320319092925,13,17,0.16917896270751953,0.09970873594284058,0.10519715398550034,0.1437021642923355,0.37408485263586044,0.13554900884628296,0.16352054476737976,0.10473309457302094,0.16338028169014085
C1CC(CN(C1)C(=O)C2=CC=CO2)CC3=NC(=NO3)C4=NC=CN=C4,O=C(c1ccco1)N1CCCC(Cc2nc(-c3cnccn3)no2)C1,2.9781786314203256,12,17,-0.13774734735488892,0.39498382806777954,0.11681006848812103,0.12034547328948975,0.37404654920101166,0.11837603151798248,-0.046740997582674026,0.29038846492767334,0.1639784946236559
COC1=NNC2=CC(=NC=C21)NC(=O)NC3CCOC4=CC=CC=C34,COc1n[nH]c2cc(NC(=O)NC3CCOc4ccccc43)ncc12,3.0767199551465803,13,17,0.19239115715026855,0.05487510561943054,0.1265859752893448,0.08466881513595581,0.3738522380590439,0.10692936182022095,0.1310577392578125,0.07285337895154953,0.27794561933534745
CC1=NC(=CC(=O)N1)C2CN(CCO2)C(=O)C3=CC4=C(C=C3)N=CN4,Cc1nc(C2CN(C(=O)c3ccc4nc[nH]c4c3)CCO2)cc(=O)[nH]1,3.321229307096001,12,17,0.08787976950407028,0.12605611979961395,0.1598934680223465,0.07884538918733597,0.37382935732603073,0.07917509973049164,0.13019272685050964,0.08885937929153442,0.21646341463414634
CC1=NN=C2N1CC(N(C2)CC3=CC4=CC=CC=C4NC3=O)C(=O)O,Cc1nnc2n1CC(C(=O)O)N(Cc1cc3ccccc3[nH]c1=O)C2,3.1719400059042346,12,17,0.038810305297374725,0.024492904543876648,0.310505747795105,0.13095474243164062,0.37380895763635635,0.07687659561634064,0.15409588813781738,0.11257588118314743,0.20348837209302326
CCOC1=CC=CC(=C1O)/C=N/NC(=O)CN2C3=CC=CC=C3N=N2,CCOc1cccc(/C=N/NC(=O)Cn2nnc3ccccc32)c1O,2.2876743130997195,13,17,0.26494309306144714,0.027011295780539513,0.08178803324699402,0.18164226412773132,0.3737424220889807,0.16184625029563904,0.25019586086273193,0.054236479103565216,0.20388349514563106
CC1=C(OC2=NC=NC(=C12)NC(=O)C3=CN=C(C=N3)OCC4CC4)C,Cc1oc2ncnc(NC(=O)c3cnc(OCC4CC4)cn3)c2c1C,2.7712258840639663,9,16,0.17137230932712555,0.11659549176692963,0.08536434173583984,0.16575372219085693,0.373332142829895,0.12850336730480194,0.17951653897762299,0.13668444752693176,0.25474254742547425
CC1=C(C=C(C=C1OC)C(=O)NC2=CC=C(C=C2)N3C=NN=N3)OC,COc1cc(C(=O)Nc2ccc(-n3cnnn3)cc2)cc(OC)c1C,2.0990243672709,7,12,0.05243028327822685,0.20623084902763367,0.11463528871536255,0.10011385381221771,0.37329642102122307,0.0841396152973175,0.11376746743917465,0.13948997855186462,0.17666666666666667
CC(=O)C(C(=O)NC1=CC=CC(=C1)N)N=NC2=CC=C(C=C2)C(=O)N,CC(=O)C(N=Nc1ccc(C(N)=O)cc1)C(=O)Nc1cccc(N)c1,2.8980653438852997,11,15,0.15054139494895935,0.18102261424064636,0.041695792227983475,0.12294820696115494,0.3732598014175892,0.15229664742946625,0.15669330954551697,0.06863562017679214,0.13898305084745763
CC1=CC(=O)C(=CN1CC(=O)NC2=CC=CC(=C2)C3=NC=NN3)OC,COc1cn(CC(=O)Nc2cccc(-c3ncn[nH]3)c2)c(C)cc1=O,2.4993537280509646,12,17,0.06402038037776947,0.06957107782363892,0.2395685762166977,0.10248921066522598,0.3731600344181061,0.08427967876195908,0.16250911355018616,0.07084846496582031,0.37
CCNC(=O)C1=CC(=CC=C1)NC(=O)CN2C(=O)N3C=CC=CC3=N2,CCNC(=O)c1cccc(NC(=O)Cn2nc3ccccn3c2=O)c1,2.113668137585094,13,17,0.4541877806186676,0.06054310500621796,-0.14205721020698547,0.2026161551475525,0.3726736754179001,0.239244282245636,0.26454752683639526,0.030138764530420303,0.20943952802359883
CC1=CN(N=C1)CC(=O)NC2=CC(=CC=C2)N3C(=C(C=N3)C(=O)O)C,Cc1cnn(CC(=O)Nc2cccc(-n3ncc(C(=O)O)c3C)c2)c1,2.276900027385434,12,17,0.0697627142071724,0.07707463949918747,0.2252434492111206,0.11475775390863419,0.37208080291748047,0.06763952225446701,0.17709320783615112,0.09263543784618378,0.143646408839779
CN1C(=C(C=N1)C(=O)OCCNC(=O)C2=CN=CC=C2)N3C=CC=C3,Cn1ncc(C(=O)OCCNC(=O)c2cccnc2)c1-n1cccc1,2.4601685438689493,11,15,0.1831451952457428,0.12674275040626526,0.06192706152796745,0.11834309250116348,0.3718150071799755,0.09660074859857559,0.19397109746932983,0.0997266098856926,0.1270718232044199
C/C(=N\NC1=CNC2=C(C1=O)C(=O)N(C(=O)N2C)C)/C3=CC=CC=C3,C/C(=N\Nc1c[nH]c2c(c1=O)c(=O)n(C)c(=O)n2C)c1ccccc1,2.7868131090863404,9,15,0.08743354678153992,-0.08790039271116257,0.3720473349094391,0.09988593310117722,0.37158048897981644,-0.003622964024543762,0.2014128565788269,0.12153713405132294,0.2347266881028939
CCN(C1=CC=CC2=CC=CC=C21)C(=O)COC(=O)CN3C=NN=N3,CCN(C(=O)COC(=O)Cn1cnnn1)c1cccc2ccccc12,2.3805416207920267,12,17,0.002794882282614708,0.33666884899139404,0.03204824775457382,0.15551182627677917,0.3715119790285826,0.1475655734539032,0.050250452011823654,0.2391723096370697,0.1650485436893204
COC1=CC(=CC=C1)OCCNC(=O)C2=CC=CC=C2N3C=NN=N3,COc1cccc(OCCNC(=O)c2ccccc2-n2cnnn2)c1,2.072955556513838,13,17,0.2290840595960617,0.23859277367591858,-0.09622624516487122,0.10297194123268127,0.37145058810710907,0.16278673708438873,0.12972676753997803,0.086708202958107,0.1875
C1CCN(CC1)C2=NC=NC(=C2)NC(=O)C3=NOC(=C3)C4=CC=CO4,O=C(Nc1cc(N2CCCCC2)ncn1)c1cc(-c2ccco2)on1,2.451543543868951,10,15,0.16156435012817383,0.059163667261600494,0.15056589245796204,0.18609556555747986,0.37129390984773636,0.10536514967679977,0.23091426491737366,0.13374774158000946,0.21910112359550563
CC1=NC(=NO1)C2=CC(=CC=C2)NC(=O)NCC3=C(N=CC=C3)OC,COc1ncccc1CNC(=O)Nc1cccc(-c2noc(C)n2)c1,2.198126236176643,12,17,0.15870600938796997,0.16540613770484924,0.047151900827884674,0.15979409217834473,0.3712640479207039,0.1518779695034027,0.17590785026550293,0.111151322722435,0.26380368098159507
COCCOC1=NC=C2C(=N1)N(C(=O)N2)CCC3=CC=C(C=C3)C#N,COCCOc1ncc2[nH]c(=O)n(CCc3ccc(C#N)cc3)c2n1,2.5263320054074114,9,15,0.10541217774152756,-0.12776188552379608,0.39351341128349304,0.04520145058631897,0.3711637035012245,-0.05014055222272873,0.20407092571258545,0.06419449299573898,0.21160409556313994
CC1=NN(C(=C1)C(=O)N[C@@H]2COC3=C2C=CC(=C3)C4=NOC(=N4)C)C,Cc1cc(C(=O)N[C@@H]2COc3cc(-c4noc(C)n4)ccc32)n(C)n1,3.063842497778557,10,17,0.025079354643821716,0.13745510578155518,0.20854058861732483,0.04310936853289604,0.3710750490427017,0.0008566989563405514,0.10918539762496948,0.13492484390735626,0.25745257452574527
CC1C(=O)N(C(=NO1)C2=NC=CN=C2)CC3=CC=C(C=C3)NC(=O)C,CC(=O)Nc1ccc(CN2C(=O)C(C)ON=C2c2cnccn2)cc1,3.0913280882444303,10,15,0.17006710171699524,-0.06569424271583557,0.2663182318210602,0.10747108608484268,0.37069109082221985,0.028602872043848038,0.2259511500597,0.07923685014247894,0.16091954022988506
C1CC(CCC1NC2=NC=C(N=C2)C(=O)O)OC3=NC=C(C=C3)C#N,N#Cc1ccc(OC2CCC(Nc3cnc(C(=O)O)cn3)CC2)nc1,2.658612774638181,11,15,0.05570197105407715,0.010253209620714188,0.30430060625076294,0.06770242750644684,0.3702557869255543,0.02358507551252842,0.1340865194797516,0.09432576596736908,0.2564102564102564
CCOC(=O)CNC(=O)C1=C(N(N=N1)C2=CC=CC=C2)N3C=CC=C3,CCOC(=O)CNC(=O)c1nnn(-c2ccccc2)c1-n1cccc1,2.4282012361766423,9,13,0.06595492362976074,0.27694159746170044,0.026863034814596176,0.156557098031044,0.36975955590605736,0.15354104340076447,0.09986303001642227,0.1780032366514206,0.13793103448275862
COC1=CC=CC(=C1)NC(=O)NCCC2=NC(=NO2)C3=CC=CC=N3,COc1cccc(NC(=O)NCCc2nc(-c3ccccn3)no2)c1,2.0900773689479806,13,17,0.31625717878341675,0.23650723695755005,-0.18303140997886658,0.14062020182609558,0.3697330057621002,0.2273556888103485,0.11212196946144104,0.09528635442256927,0.29936305732484075
CC(=C(C(=O)NC1=CC=CC(=C1)N)N=NC2=CC=C(C=C2)C(=O)N)O,CC(O)=C(N=Nc1ccc(C(N)=O)cc1)C(=O)Nc1cccc(N)c1,2.6971040789860083,11,15,0.07337149232625961,0.22077402472496033,0.07525452971458435,0.1297038346529007,0.3694000467658043,0.13172835111618042,0.1185305044054985,0.1357365995645523,0.15210355987055016
CN1C2=C(C=C(C=C2)NC(=O)C(=O)NCC3=CC=CC=N3)N(C1=O)C,Cn1c(=O)n(C)c2cc(NC(=O)C(=O)NCc3ccccn3)ccc21,2.2227417856271927,12,17,0.004325075075030327,0.07268726825714111,0.29178303480148315,0.10205312073230743,0.3687953781336546,0.02072015404701233,0.1300256997346878,0.1754111647605896,0.20454545454545456
CCOC(=O)CC1=CC=C(C=C1)NC(=O)NC2=CC=CN3C2=NN=C3,CCOC(=O)Cc1ccc(NC(=O)Nc2cccn3cnnc23)cc1,2.2787954669458745,11,15,0.1420721560716629,0.1624659299850464,0.06423071026802063,0.15220049023628235,0.3687687963247299,0.13827210664749146,0.12317923456430435,0.16373568773269653,0.21649484536082475
COC1=CC=CC=C1OCCNC(=O)C2=CC=CC=C2N3C=NN=N3,COc1ccccc1OCCNC(=O)c1ccccc1-n1cnnn1,2.0391557672619953,13,17,0.2003566324710846,0.2527894377708435,-0.08524802327156067,0.10749213397502899,0.36789804697036743,0.18346348404884338,0.11758142709732056,0.07239517569541931,0.1901639344262295
CC1=[N+](C2=CC=CC=C2N3C1=C(N=C3)C4=NOC(=N4)C(C)COC)[O-],COCC(C)c1nc(-c2ncn3c2c(C)[n+]([O-])c2ccccc23)no1,3.552467416521786,10,17,0.11480976641178131,0.1375408172607422,0.11535795032978058,0.1508285254240036,0.3677085340023041,0.1260378211736679,0.1547061949968338,0.13018319010734558,0.20520231213872833
C1COCCN1C2=NC=C(C=C2)C3=NC4=C(N3)C=CC=C4OC(=O)N,NC(=O)Oc1cccc2[nH]c(-c3ccc(N4CCOCC4)nc3)nc12,2.4490417525096237,10,15,0.1522422730922699,0.031175749376416206,0.18394160270690918,0.12618285417556763,0.3673596251755953,0.09183249622583389,0.18177294731140137,0.09492190182209015,0.3971119133574007
COC1=CC=CC=C1OCCNC(=O)C2=CC(=CC=C2)N3C=NN=N3,COc1ccccc1OCCNC(=O)c1cccc(-n2cnnn2)c1,2.015685588126063,13,17,0.21933498978614807,0.24464236199855804,-0.09662720561027527,0.11277082562446594,0.36735014617443085,0.19508451223373413,0.11527343839406967,0.0714401826262474,0.19863013698630136
CN1C2=C(N=CC=C2)N=C1C(=O)N/N=C/C3=CC(=C(C=C3)OC)OC,COc1ccc(/C=N/NC(=O)c2nc3ncccc3n2C)cc1OC,2.4773071408353626,11,17,0.008948856964707375,0.14935067296028137,0.2083756923675537,0.06777279824018478,0.36667522229254246,0.036865681409835815,0.10420551896095276,0.12760311365127563,0.24161073825503357
C1CC(OC1)COC2=CC=CC3=NC(=NN32)NC(=O)C4=CN=CC=C4,O=C(Nc1nc2cccc(OCC3CCCO3)n2n1)c1cccnc1,3.0329420409837358,13,17,0.18465690314769745,0.0846526101231575,0.09728719294071198,0.04960588738322258,0.3665967062115669,0.09980044513940811,0.12121760845184326,0.03404386341571808,0.3111111111111111
CN(C)C(=O)C1=CC(=C(C=C1)NC(=O)C2=C3N=CC=CN3N=C2)OC,COc1cc(C(=O)N(C)C)ccc1NC(=O)c1cnn2cccnc12,2.220757829583235,10,16,0.0011614244431257248,0.23348546028137207,0.13188296556472778,0.07795891165733337,0.3665298502892256,0.05193335562944412,0.03554685413837433,0.22268670797348022,0.24749163879598662
CCOC1=CC=CC=C1OCC(=O)NC2=CC(=CC=C2)N3C=NN=N3,CCOc1ccccc1OCC(=O)Nc1cccc(-n2cnnn2)c1,2.0065812677888655,13,17,0.2505539059638977,0.03488680347800255,0.0810784250497818,0.13128679990768433,0.36651913449168205,0.11972314119338989,0.21909698843955994,0.0448882132768631,0.24187725631768953
COC(=O)C1=CC=CC(=N1)C(=O)[C@@H](C#N)C2=NN=C3N2CCCCC3,COC(=O)c1cccc(C(=O)[C@@H](C#N)c2nnc3n2CCCCC3)n1,3.2105590741599235,10,17,0.08030185103416443,0.23353880643844604,0.05237540602684021,0.09964606165885925,0.3662160634994507,0.18299883604049683,0.019564270973205566,0.1207190752029419,0.1329639889196676
CC1=C(C(=CC=C1)N2C(=O)CN3C2=NC4=C3C(=O)N(C(=O)N4C)C)C,Cc1cccc(N2C(=O)Cn3c2nc2c3c(=O)n(C)c(=O)n2C)c1C,2.653927480520533,8,17,0.12575717270374298,-0.04421517997980118,0.2844882011413574,0.11128754913806915,0.3660301938652992,0.04264647513628006,0.17778700590133667,0.10626799613237381,0.3333333333333333
CC1=NOC(=N1)[C@@H]2CCCN(C2)C(=O)C(=O)NC3=CC=C(C=C3)C#N,Cc1noc([C@@H]2CCCN(C(=O)C(=O)Nc3ccc(C#N)cc3)C2)n1,2.851520504279099,9,15,-0.0059892646968364716,0.16795103251934052,0.20392005145549774,0.10944832116365433,0.3658818192780018,0.08907431364059448,0.07256846129894257,0.1611211597919464,0.1323943661971831
CCOC1=CC=C(C=C1)OCC(=O)NC2=CC(=NC=N2)N3C=CC=N3,CCOc1ccc(OCC(=O)Nc2cc(-n3cccn3)ncn2)cc1,2.1812362730575696,11,15,0.2675513029098511,0.018443122506141663,0.07985400408506393,0.1385241150856018,0.36584842950105667,0.10103759914636612,0.23402373492717743,0.08231700956821442,0.31724137931034485
CC(C(=O)NC1=CC=CC=C1OC)N2C(=O)C=CC(=N2)N3C=CC=N3,COc1ccccc1NC(=O)C(C)n1nc(-n2cccn2)ccc1=O,2.7368431478327278,13,17,0.3616601526737213,0.060935910791158676,-0.05735843628644943,0.13736975193023682,0.36523762717843056,0.18858866393566132,0.2177477478981018,0.004229787737131119,0.2231404958677686
COC1=NC=C(C=C1)CNC(=O)CCN2C(=O)C3=CC=CC=C3N=N2,COc1ccc(CNC(=O)CCn2nnc3ccccc3c2=O)cn1,2.1403435438689495,12,17,0.3293195366859436,0.19014158844947815,-0.1543181985616684,0.17649343609809875,0.36514292657375336,0.24643981456756592,0.18611721694469452,0.0632057934999466,0.25
CCOC1=C(C=C(C=C1)C(=O)NC2=NNC(=N2)C3=CC=CC=N3)OC,CCOc1ccc(C(=O)Nc2n[nH]c(-c3ccccn3)n2)cc1OC,2.168087774638181,12,17,0.05088775232434273,0.18277481198310852,0.13112777471542358,0.0992470309138298,0.36479033902287483,0.10157878696918488,0.07290184497833252,0.15392005443572998,0.424812030075188
CC(C)N1C2=NC=C(C=C2C=N1)C(=O)NNC(=O)C3=CC(=CC=C3)O,CC(C)n1ncc2cc(C(=O)NNC(=O)c3cccc(O)c3)cnc21,2.319471016396424,12,16,0.25933605432510376,0.06705588847398758,0.03788216784596443,0.1696184128522873,0.36427411064505577,0.196987122297287,0.20960570871829987,0.038582153618335724,0.2222222222222222
CC(C)N1C2=NC=C(C=C2C=N1)NC(=O)CC3=CC=CC=C3[N+](=O)[O-],CC(C)n1ncc2cc(NC(=O)Cc3ccccc3[N+](=O)[O-])cnc21,2.3302433240887304,11,16,0.14211174845695496,-0.019409075379371643,0.2415332794189453,0.1499641090631485,0.3642359524965286,0.07028384506702423,0.2511172294616699,0.06979404389858246,0.22321428571428573
COC1=CC=C(C=C1)NC(=O)C2=NOC3=NC=NC(=C23)N4CCCC4,COc1ccc(NC(=O)c2noc3ncnc(N4CCCC4)c23)cc1,2.2871308989795924,7,13,-0.027264796197414398,0.030559511855244637,0.3608638048171997,0.13029538094997406,0.36415852047502995,0.021138137206435204,0.1371459811925888,0.1935105323791504,0.2668621700879765
CN1C=C(C(=O)N(C1=O)C)NC(=O)CC2=CC=C(C=C2)N3C=CC=N3,Cn1cc(NC(=O)Cc2ccc(-n3cccn3)cc2)c(=O)n(C)c1=O,2.3621725548579615,10,15,0.08781489729881287,0.047685183584690094,0.2286166548728943,0.10533613711595535,0.36411673575639725,0.021593090146780014,0.16611731052398682,0.1522766351699829,0.25157232704402516
C1=CC=C2C(=C1)C(=NN(C2=O)CCO)CC(=O)NCC3=CN=CN=C3,O=C(Cc1nn(CCO)c(=O)c2ccccc12)NCc1cncnc1,2.3828377746381815,12,16,-0.019710326567292213,0.14262467622756958,0.24036386609077454,0.12202516198158264,0.3632782157510519,0.06398998945951462,0.0906812846660614,0.18168102204799652,0.23248407643312102
CC(C)(C)NC1=C(C=C(C=C1)C2=NC(=NO2)C3=CN=CC=C3)[N+](=O)[O-],CC(C)(C)Nc1ccc(-c2nc(-c3cccnc3)no2)cc1[N+](=O)[O-],2.4121255218909283,9,15,-0.07558542490005493,0.337577223777771,0.10095711052417755,0.08648192882537842,0.3629489094018936,0.06461874395608902,-0.00447303568944335,0.2599572241306305,0.24916943521594684
CC1=C(C(=CC=C1)NC(=O)C2=NN3C(=CC(=NC3=N2)C)C)C(=O)OC,COC(=O)c1c(C)cccc1NC(=O)c1nc2nc(C)cc(C)n2n1,2.3788793298221282,9,17,0.37290841341018677,-0.15953278541564941,0.14887119829654694,0.15228253602981567,0.3622468262910843,0.14241017401218414,0.29425525665283203,-0.027402151376008987,0.17664670658682635
C1CCN(CC1)C2=NC3=C(C(C(C(=O)N3)C#N)C4=CC=CO4)C(=O)N2,N#CC1C(=O)Nc2nc(N3CCCCC3)[nH]c(=O)c2C1c1ccco1,3.7669633580961754,10,15,0.13240182399749756,0.04398781806230545,0.18585287034511566,0.17246413230895996,0.36224251240491867,0.11228872835636139,0.20342032611370087,0.120184987783432,0.29261363636363635
CCOC1=CC=C(C=C1)OCC(=O)NC2=NNC(=N2)C3=CC=CC=N3,CCOc1ccc(OCC(=O)Nc2n[nH]c(-c3ccccn3)n2)cc1,2.1596685175254304,11,15,0.15587270259857178,0.09875774383544922,0.1073445975780487,0.12965205311775208,0.3619750440120697,0.11496803164482117,0.1400272101163864,0.12432338297367096,0.5083333333333333
CCOC1=C(C=C(C=C1)C(=O)NC2=CC=C(C=C2)N3C=NN=N3)OC,CCOc1ccc(C(=O)Nc2ccc(-n3cnnn3)cc2)cc1OC,1.9387435438689504,10,15,0.08324043452739716,0.18213315308094025,0.09645983576774597,0.09647002071142197,0.3618334233760834,0.09201506525278091,0.11506588757038116,0.11851614713668823,0.21016949152542372
CC1=NC(=NC=C1)COC2=CC3=C(C=C2)N(N=C3C(=O)N)CC(=O)C,CC(=O)Cn1nc(C(N)=O)c2cc(OCc3nccc(C)n3)ccc21,2.6035822251876315,10,17,0.02973918616771698,0.19644132256507874,0.13556073606014252,0.07947736978530884,0.36174124479293823,0.08352463692426682,0.07821954041719437,0.13128767907619476,0.22884012539184953
CC1=C(NC(=C1C(=O)C)C)C(=O)CN2C(=O)N(N=N2)C3=CC=CC=C3,CC(=O)c1c(C)[nH]c(C(=O)Cn2nnn(-c3ccccc3)c2=O)c1C,2.4472151157753057,8,15,0.030129799619317055,0.20007261633872986,0.1312555968761444,0.10255344957113266,0.3614580128341913,0.12307354062795639,0.07677167654037476,0.11845903098583221,0.12073490813648294
C1COCCN1C2=NC(=NC3=C2NC=N3)C4=CC5=C(C=C4)OCCO5,c1nc2nc(-c3ccc4c(c3)OCCO4)nc(N3CCOCC3)c2[nH]1,2.554470313099719,9,15,-0.042581915855407715,0.04540561884641647,0.3586180806159973,0.015039085410535336,0.3614417836070061,-0.02120387554168701,0.05731004476547241,0.1173955500125885,0.4749034749034749
CC1=CC(=NC(=N1)NCC2=CC3=C(C=C2)OCO3)NC4=NOC(=C4)C,Cc1cc(Nc2cc(C)on2)nc(NCc2ccc3c(c2)OCO3)n1,2.478296968526486,11,17,0.36829808354377747,0.05280918627977371,-0.059953004121780396,0.11395230144262314,0.3611542657017708,0.17253725230693817,0.1850038468837738,0.014472434297204018,0.25901639344262295
CCOC(=O)NCC1=NC=CC(=C1)C(=O)NC2=CC=CC3=C2N=CN3,CCOC(=O)NCc1cc(C(=O)Nc2cccc3[nH]cnc23)ccn1,2.3724685438689512,13,17,0.3045703172683716,0.12947465479373932,-0.07291875779628754,0.18313291668891907,0.36112621426582336,0.22025401890277863,0.19884178042411804,0.0663180947303772,0.1832797427652733
CC1=C(C2=CC=CC=C2N1)C3CC(=NN3)C4=C(N(C(=O)NC4=O)C)O,Cc1[nH]c2ccccc2c1C1CC(c2c(O)n(C)c(=O)[nH]c2=O)=NN1,3.4598283730300663,12,17,0.05395946651697159,0.02474791556596756,0.2821171283721924,0.09580163657665253,0.36082451045513153,0.02587512880563736,0.1359730362892151,0.15001335740089417,0.21010638297872342
CC1=C(N=C(C(=N1)C(=O)NCC2=CC=CC=C2OC)N)C3=NC=CO3,COc1ccccc1CNC(=O)c1nc(C)c(-c2ncco2)nc1N,2.546093273013046,11,17,0.09608805924654007,0.1950051486492157,0.06971291452646255,0.10101205110549927,0.3608061224222183,0.11104050278663635,0.10864629596471786,0.12328746914863586,0.20334261838440112
CC1=NC(=NO1)C2CCCN(C2)C(=O)C(=O)NC3=CC=CC(=C3)C#N,Cc1nc(C2CCCN(C(=O)C(=O)Nc3cccc(C#N)c3)C2)no1,2.950930038406943,11,17,0.07244455069303513,0.1040971502661705,0.18394726514816284,0.12122854590415955,0.36048896610736847,0.10600705444812775,0.12335461378097534,0.11315354704856873,0.13793103448275862
COC1=CC=C(C=C1)OCC(=O)NCC2=NN=NN2C3=CC=CC=C3,COc1ccc(OCC(=O)NCc2nnnn2-c2ccccc2)cc1,1.910274629221954,9,13,0.11072046309709549,0.16247636079788208,0.08718867599964142,0.0872611254453659,0.360385499894619,0.07107807695865631,0.1296357959508896,0.12993700802326202,0.2103448275862069
CCN1C(=CC(=N1)C)C(=O)NC2=NC3=C4N2CCOC4=CC(=C3)C=O,CCn1nc(C)cc1C(=O)Nc1nc2cc(C=O)cc3c2n1CCO3,2.9776174333597414,10,17,0.3015247583389282,-0.10524166375398636,0.16406486928462982,0.07455476373434067,0.3603479638695717,0.07538855075836182,0.2539951205253601,-0.04075245186686516,0.2782608695652174
COC1=CC=CC=C1CNC(=O)COC2=CC=C(C=C2)N3C=NN=N3,COc1ccccc1CNC(=O)COc1ccc(-n2cnnn2)cc1,1.9939888547224793,11,15,0.09902461618185043,0.18616585433483124,0.07501010596752167,0.0540381520986557,0.36020057648420334,0.08236879110336304,0.0785817801952362,0.11155681312084198,0.2089041095890411
C[C@]1(C(=O)N(C(=O)N1)CC(=O)N(C)CCC#N)C2=CC=CC(=C2)C#N,CN(CCC#N)C(=O)CN1C(=O)N[C@](C)(c2cccc(C#N)c2)C1=O,2.9805855288154586,10,17,0.12125111371278763,0.024931978434324265,0.21377459168434143,0.10296972095966339,0.3599576838314533,0.04244108870625496,0.18742433190345764,0.10007648915052414,0.11146496815286625
CN(CC1=NOC(=N1)C2CCC2)C(=O)C3=NC(=O)NC4=CC=CC=C43,CN(Cc1noc(C2CCC2)n1)C(=O)c1nc(=O)[nH]c2ccccc12,2.642556111582927,10,16,0.03852482885122299,0.11535562574863434,0.2056988775730133,0.1630972921848297,0.35957933217287064,0.11524484306573868,0.12939885258674622,0.16263774037361145,0.17201166180758018
CCNC(=O)CN1C(=O)C=CC(=N1)C2=NC(=NO2)C3=CC=CC(=C3)C,CCNC(=O)Cn1nc(-c2nc(-c3cccc(C)c3)no2)ccc1=O,2.278794248094302,11,17,0.07892429083585739,0.30044811964035034,-0.02012631669640541,0.1398065686225891,0.3592460937798023,0.14891797304153442,0.09903836250305176,0.16359305381774902,0.24362606232294617
CC1C(=O)N(C2=CC=CC=C2O1)CCC3=NC(=NO3)CC4=CNN=C4,CC1Oc2ccccc2N(CCc2nc(Cc3cn[nH]c3)no2)C1=O,3.1825766464005323,12,17,0.11175953596830368,0.1510402411222458,0.09604698419570923,0.09115025401115417,0.3588467612862587,0.12784643471240997,0.06374997645616531,0.12428633868694305,0.226775956284153
CN1C2=C(N=CC=C2)N=C1CC(=O)N/N=C/C3=CC(=C(C=C3)O)OC,COc1cc(/C=N/NC(=O)Cc2nc3ncccc3n2C)ccc1O,2.491865103998961,12,17,0.012118164449930191,0.16498403251171112,0.18164438009262085,0.08221710473299026,0.35874657705426216,0.06219743192195892,0.09793055057525635,0.12849080562591553,0.25252525252525254
COC1=CC(=C(C=C1)OC)CC(=O)NC2=NNC(=N2)C3=CC=NC=C3,COc1ccc(OC)c(CC(=O)Nc2n[nH]c(-c3ccncc3)n2)c1,2.2634608515612573,10,15,0.14446881413459778,0.04702604189515114,0.16723135113716125,0.06733567267656326,0.35872620716691017,0.06288044899702072,0.13560141623020172,0.07522311806678772,0.47410358565737054
CN1C2=C(C(=O)N(C1=O)C)N(C=N2)C[C@H]3CC(=NO3)C4=CC=CC=C4,Cn1c(=O)c2c(ncn2C[C@H]2CC(c3ccccc3)=NO2)n(C)c1=O,2.99151877080131,9,15,0.014055767096579075,0.020625144243240356,0.3239656686782837,0.09612683951854706,0.3586465800181031,0.020999791100621223,0.15462782979011536,0.12345418334007263,0.21637426900584794
CN1C(=C(C=N1)C#N)NC(=O)C2CC(=O)N(C2)C3=CC=C(C=C3)OC,COc1ccc(N2CC(C(=O)Nc3c(C#N)cnn3C)CC2=O)cc1,2.7817683730300686,9,15,0.07323909550905228,-0.11811564862728119,0.4034704566001892,0.047485388815402985,0.3585939034819603,-0.03572975844144821,0.15406189858913422,0.08412642031908035,0.23170731707317074
CC1=CC(=NC2=NC(=NN12)C(=O)OC(C)C(=O)NC3=CC=CC=C3)C,Cc1cc(C)n2nc(C(=O)OC(C)C(=O)Nc3ccccc3)nc2n1,2.6422881532498472,9,15,0.29719963669776917,-0.07628960907459259,0.1376158893108368,0.16961899399757385,0.35852591693401337,0.13269740343093872,0.31046152114868164,-0.01114923506975174,0.22468354430379747
CC1=CN=C(N=C1)C2=CC3=C(C(=C2)OC)N=CN=C3NCC(=O)OC,COC(=O)CNc1ncnc2c(OC)cc(-c3ncc(C)cn3)cc12,2.539649936068301,9,16,0.09962587058544159,0.031357210129499435,0.22749298810958862,0.09491424262523651,0.35847606882452965,0.06900503486394882,0.11793414503335953,0.11782149970531464,0.4418604651162791
C1C[C@H](CN(C1)C(=O)C2=CC=CO2)CC3=NC(=NO3)C4=NC=CN=C4,O=C(c1ccco1)N1CCC[C@@H](Cc2nc(-c3cnccn3)no2)C1,2.9781786314203256,12,17,-0.11732795834541321,0.41963475942611694,0.05592430382966995,0.12596526741981506,0.3582311049103737,0.14875726401805878,-0.06053803116083145,0.28039973974227905,0.1639784946236559
CC1=[N+](C2=CC=CC=C2N3C1=C(N=C3)C4=NC(=NO4)C(C)COC)[O-],COCC(C)c1noc(-c2ncn3c2c(C)[n+]([O-])c2ccccc23)n1,3.5750327469659915,10,17,0.08244525641202927,0.13991716504096985,0.1357550173997879,0.14779141545295715,0.358117438852787,0.11330287158489227,0.1417192816734314,0.14544355869293213,0.1871508379888268
COC1=CC=CC(=C1)NC(=O)C2=NOC3=NC=NC(=C23)N4CCCC4,COc1cccc(NC(=O)c2noc3ncnc(N4CCCC4)c23)c1,2.3337677799068857,9,15,0.05027513578534126,-0.034656133502721786,0.3423110544681549,0.11377538740634918,0.3579300567507744,0.037475600838661194,0.16114960610866547,0.12530076503753662,0.26900584795321636
CC1=NC2=CC=CC=C2N(C1=O)CCCNC3=C(C=CC=N3)[N+](=O)[O-],Cc1nc2ccccc2n(CCCNc2ncccc2[N+](=O)[O-])c1=O,2.2596358515612565,12,17,0.26642516255378723,0.099213145673275,-0.0077341776341199875,0.14658774435520172,0.35790413059294224,0.18182559311389923,0.20831164717674255,0.02249007672071457,0.2066869300911854
C1=CC=C2C(=C1)C(=NN(C2=O)CCO)CC(=O)NCC3=NC=NC=C3,O=C(Cc1nn(CCO)c(=O)c2ccccc12)NCc1ccncn1,2.400205082330489,13,17,0.0663478821516037,0.11026064306497574,0.1811886876821518,0.1460416615009308,0.35779721289873123,0.09709511697292328,0.13686612248420715,0.15330438315868378,0.22712933753943218
C1CCOC(C1)ONC(=O)C2=C3N=CC=C(N3N=C2)C4=CN=CC=C4,O=C(NOC1CCCCO1)c1cnn2c(-c3cccnc3)ccnc12,3.120563870505565,13,17,0.08121742308139801,0.0525292307138443,0.2238178551197052,0.0569712296128273,0.3575645089149475,0.0014598015695810318,0.14051306247711182,0.11538544297218323,0.2668711656441718
CC1=NC=C(NC1=O)NCCNC(=O)C2=NOC(=C2)C3=CC=CC=C3,Cc1ncc(NCCNC(=O)c2cc(-c3ccccc3)on2)[nH]c1=O,2.594299313099718,11,15,0.3672957420349121,0.028936423361301422,-0.03927788883447647,0.16898642480373383,0.35695427656173706,0.15751910209655762,0.26006948947906494,0.016302434727549553,0.23410404624277456
CC1=CC(=NC2=NC(=NN12)C(=O)OCC(=O)N(C)C3=CC=CC=C3)C,Cc1cc(C)n2nc(C(=O)OCC(=O)N(C)c3ccccc3)nc2n1,2.381630357055764,8,15,0.06913410872220993,0.1528332233428955,0.1346956044435501,0.1479497253894806,0.35666293650865555,0.09658271074295044,0.13465169072151184,0.1730133593082428,0.22327044025157233
CC1=CC(=NO1)NC2=NC(=NC(=C2)NC3=CC=CC(=C3)C(=O)OC)C,COC(=O)c1cccc(Nc2cc(Nc3cc(C)on3)nc(C)n2)c1,2.3790930563283226,11,17,0.4229472279548645,0.010656990110874176,-0.07746550440788269,0.15633966028690338,0.356138713657856,0.22813433408737183,0.25462526082992554,-0.052971016615629196,0.1536050156739812
CN(CC(=O)OC)C1=CC2=NC(=NN2C=C1)NC(=O)C3=CC=CC=C3,COC(=O)CN(C)c1ccn2nc(NC(=O)c3ccccc3)nc2c1,2.464594031409579,10,15,0.2934396266937256,-0.10750441998243332,0.1700512021780014,0.15381114184856415,0.35598640888929367,0.08652140945196152,0.3017565608024597,0.02173243649303913,0.2679738562091503
CN1C2=C(C(=O)N(C1=O)C)N3C=C(N(C3=N2)CCO)C4=CC=CC=C4,Cn1c(=O)c2c(nc3n(CCO)c(-c4ccccc4)cn23)n(C)c1=O,2.51371475266016,9,15,-0.057982102036476135,-0.036844611167907715,0.4508039057254791,0.0863446593284607,0.3559771925210953,-0.030327655375003815,0.1596737504005432,0.12933316826820374,0.32167832167832167
C1=CC=C2C(=C1)C(=O)N(C=N2)CCC(=O)NCCN3C(=O)C=CC=N3,O=C(CCn1cnc2ccccc2c1=O)NCCn1ncccc1=O,2.2076281592535647,13,17,0.28767597675323486,0.18718567490577698,-0.11900120973587036,0.18333926796913147,0.3558604419231415,0.22138568758964539,0.1897275745868683,0.09636291116476059,0.2585034013605442
CC1=C(C(=NC2=NC=NN12)C)CC(=O)NC3=CC4=C(C=C3)OCCO4,Cc1nc2ncnn2c(C)c1CC(=O)Nc1ccc2c(c1)OCCO2,2.389995466945873,10,17,0.021949537098407745,0.024475065991282463,0.30941540002822876,0.02734953537583351,0.35584000311791897,-0.04374377802014351,0.11362746357917786,0.13632343709468842,0.2983050847457627
CC1=CC(=O)NC(=N1)C2CN(CCO2)C(=O)C3=NNC4=CC=CC=C43,Cc1cc(=O)[nH]c(C2CN(C(=O)c3n[nH]c4ccccc34)CCO2)n1,3.2083600763267706,12,17,0.11377352476119995,0.03864661604166031,0.2034086287021637,0.09302318096160889,0.35582876950502396,0.09468230605125427,0.16020287573337555,0.03913302347064018,0.22023809523809523
CCC1=CC(=NC(=N1)C2=CC=C(C=C2)[N+](=O)[O-])NCC(=O)NCC#C,C#CCNC(=O)CNc1cc(CC)nc(-c2ccc([N+](=O)[O-])cc2)n1,2.5301224449678514,10,15,0.36448249220848083,0.25465184450149536,-0.26332250237464905,0.15782180428504944,0.35581183433532715,0.2559506297111511,0.15476186573505402,0.0492120124399662,0.32413793103448274
CC1=NC(=CC(=O)N1)C2CN(CCO2)C(=O)C3=NNC4=CC=CC=C43,Cc1nc(C2CN(C(=O)c3n[nH]c4ccccc34)CCO2)cc(=O)[nH]1,3.2658850763267715,12,17,0.06653429567813873,0.038484398275613785,0.2506120204925537,0.07962759584188461,0.35563071444630623,0.0605374276638031,0.13842253386974335,0.07211519777774811,0.21739130434782608
CN(C)C(=O)C1=C(C=CC(=C1)NC(=O)C2=NN3C=CC=NC3=C2)OC,COc1ccc(NC(=O)c2cc3ncccn3n2)cc1C(=O)N(C)C,2.2979718955173016,10,16,0.13951809704303741,0.11283936351537704,0.10324963182210922,0.10132719576358795,0.3556070923805237,0.07534004747867584,0.11123079806566238,0.15944159030914307,0.23174603174603176
C1COCCN1C2=C(N3C(=O)C(=CC4=CC=CC=C4)NC3=NC2=O)N,Nc1c(N2CCOCC2)c(=O)nc2[nH]c(=Cc3ccccc3)c(=O)n12,2.9275685438689507,8,13,0.18763841688632965,-0.04364633560180664,0.21160325407981873,0.1520751416683197,0.35559533536434174,0.08581091463565826,0.24490299820899963,0.05697266384959221,0.23030303030303031
C1CN([C@H](C2=CC=CN21)C3=CN=CC=C3)C(=O)CN4C(=O)CNC4=O,O=C1CNC(=O)N1CC(=O)N1CCn2cccc2[C@@H]1c1cccnc1,3.1156523840190777,13,17,-0.03572149574756622,0.2615091800689697,0.12951834499835968,0.0903671532869339,0.3553060293197632,0.08707245439291,0.024448052048683167,0.196874737739563,0.12759643916913946
C1C[C@@H](CN(C1)C(=O)C2=CC=CO2)CC3=NC(=NO3)C4=NC=CN=C4,O=C(c1ccco1)N1CCC[C@H](Cc2nc(-c3cnccn3)no2)C1,2.9781786314203256,12,17,-0.12589052319526672,0.42075449228286743,0.06021929904818535,0.1244451031088829,0.35508326813578606,0.14693064987659454,-0.06543195992708206,0.28182917833328247,0.1639784946236559
CCOC(=O)NC1=CC=CC(=C1)C(=O)NCC2=NN=C3N2C=CC=C3,CCOC(=O)Nc1cccc(C(=O)NCc2nnc3ccccn23)c1,2.1065089284843364,13,17,0.25062453746795654,0.18247318267822266,-0.07810609042644501,0.14033663272857666,0.3549916297197342,0.1891023814678192,0.1484312117099762,0.08575157821178436,0.1962025316455696
CC1=CC(=O)NC(=N1)NCCNC(=O)C2=NOC(=C2)C3=CC=CC=C3,Cc1cc(=O)[nH]c(NCCNC(=O)c2cc(-c3ccccc3)on2)n1,2.488335851561258,11,15,0.5116378664970398,-0.0718797817826271,-0.0851515531539917,0.1715078502893448,0.354606531560421,0.19454503059387207,0.31007611751556396,-0.07367292046546936,0.3247588424437299
CC1=NC=CN1C2=NC=NC(=C2)NC(=O)C3=C(C=CC=C3OC)OC,COc1cccc(OC)c1C(=O)Nc1cc(-n2ccnc2C)ncn1,2.3548544864474987,9,14,0.1435314416885376,0.11857545375823975,0.09222974628210068,0.16274937987327576,0.354336641728878,0.11486747860908508,0.17670443654060364,0.1432933211326599,0.2413793103448276
COC1=CC=CC(=C1OC)CNC(=O)C2=CC(=CC=C2)N3C=NN=N3,COc1cccc(CNC(=O)c2cccc(-n3cnnn3)c2)c1OC,2.1060473900227965,12,17,0.15003034472465515,0.29129981994628906,-0.08711399137973785,0.12630605697631836,0.35421617329120636,0.21178212761878967,0.08659301698207855,0.0880352109670639,0.17064846416382254
COC1=CC=CC(=C1)COCC(=O)NC2=NNC(=N2)C3=CC=CC=N3,COc1cccc(COCC(=O)Nc2n[nH]c(-c3ccccn3)n2)c1,2.2874305828573593,13,17,0.10198012739419937,0.10592462122440338,0.1460522711277008,0.050478044897317886,0.35395701974630356,0.08679566532373428,0.07327897846698761,0.08039473742246628,0.4528301886792453
CC(C)(C)NC1=C(C(=NC=N1)OC2=CC=CC3=C2N=CC=C3)[N+](=O)[O-],CC(C)(C)Nc1ncnc(Oc2cccc3cccnc23)c1[N+](=O)[O-],2.526120906506314,9,15,0.19432081282138824,0.06692194938659668,0.0926583856344223,0.18420562148094177,0.3539011478424072,0.17064175009727478,0.1914941966533661,0.09124390035867691,0.2647058823529412
CN1C(=C(C(=O)N(C1=O)C)C#N)NC2=CC=C(C=C2)NC(=O)C3CC3,Cn1c(Nc2ccc(NC(=O)C3CC3)cc2)c(C#N)c(=O)n(C)c1=O,2.295214358348588,8,14,0.17047007381916046,-0.12678131461143494,0.3098772168159485,0.16954298317432404,0.353565976023674,0.04357222467660904,0.27475881576538086,0.10434374213218689,0.2732919254658385
CN(C)C(=O)CN1C=C(C=N1)NC(=O)C2=CC(=O)NC3=CC=CC=C32,CN(C)C(=O)Cn1cc(NC(=O)c2cc(=O)[nH]c3ccccc23)cn1,2.2785576098030162,11,16,0.09346866607666016,0.13821053504943848,0.12185430526733398,0.18451811373233795,0.3535335063934326,0.12022114545106888,0.15164463222026825,0.1910143941640854,0.21981424148606812
COC1=CC=CC=C1C(=O)NCCN2C(=O)C=CC(=N2)N3C=CC=N3,COc1ccccc1C(=O)NCCn1nc(-n2cccn2)ccc1=O,2.2389743130997175,13,17,0.21759161353111267,0.28306031227111816,-0.1472935676574707,0.15486747026443481,0.35335835814476013,0.21178680658340454,0.13787788152694702,0.1073998212814331,0.18356164383561643
CC(=O)OCCOCN1C(=NC(=N1)C2=NC=CN=C2)C3=CC=CC=C3,CC(=O)OCCOCn1nc(-c2cnccn2)nc1-c1ccccc1,2.522561035965893,10,15,-0.10434940457344055,0.0851215198636055,0.3724488914012909,0.05074096843600273,0.35322100669145584,-0.04906991496682167,0.11100693047046661,0.15953795611858368,0.25524475524475526
C1CC2=C(CC1NC(=O)C3=CC=C(C=C3)N4CC(=O)NC4=O)C=NN2,O=C1CN(c2ccc(C(=O)NC3CCc4[nH]ncc4C3)cc2)C(=O)N1,3.1034196917113857,11,15,0.22726508975028992,0.2381809949874878,-0.11255849152803421,0.14494578540325165,0.3528875932097435,0.2688758373260498,0.0717644914984703,0.05012542009353638,0.13150684931506848
CCC1=NN(C2=NNC(=C12)NC(=O)C3=COC4=C3C=C(C=C4)OC)C,CCc1nn(C)c2n[nH]c(NC(=O)c3coc4ccc(OC)cc34)c12,2.8769948981484745,10,17,0.2801560163497925,-0.11344460397958755,0.18616101145744324,0.04855013266205788,0.35287242382764816,0.03886963427066803,0.16658613085746765,0.0460963100194931,0.22126436781609196
COC1=CC(=CC(=C1OC)OC)NC2=NC=NC(=N2)C3=CN=CC=C3,COc1cc(Nc2ncnc(-c3cccnc3)n2)cc(OC)c1OC,2.2474589284843347,9,14,0.11225663125514984,0.21969158947467804,0.020771551877260208,0.13134020566940308,0.3527197726070881,0.15833371877670288,0.06053895503282547,0.16702327132225037,0.40707964601769914
CC1=CC(=O)NC(=N1)[C@@H]2CN(CCO2)C(=O)C3=NNC4=CC=CC=C43,Cc1cc(=O)[nH]c([C@@H]2CN(C(=O)c3n[nH]c4ccccc34)CCO2)n1,3.2083600763267706,12,17,0.0367782860994339,0.12008240818977356,0.19578826427459717,0.08704768866300583,0.3526489585638046,0.09172539412975311,0.10476569831371307,0.08948319405317307,0.22023809523809523
CC1=C(C=CC2=C1N=C(N2)/C(=C(/C3=CC=CN(C3=O)C)\N)/C(=O)N)O,Cc1c(O)ccc2[nH]c(/C(C(N)=O)=C(\N)c3cccn(C)c3=O)nc12,3.1335867565386337,11,17,0.0947282463312149,0.0890917107462883,0.16877207159996033,0.10414014756679535,0.35259202867746353,0.04865005612373352,0.15378554165363312,0.12841495871543884,0.21652421652421652
CC(=O)C1=CC=C(C=C1)NC(=O)CCC2=NN=C3N2N=C(C=C3)OC,COc1ccc2nnc(CCC(=O)Nc3ccc(C(C)=O)cc3)n2n1,2.226855569871118,9,15,0.09497196972370148,0.20485590398311615,0.05185525119304657,0.10767054557800293,0.3516831248998642,0.13082727789878845,0.10908374190330505,0.10077191889286041,0.24758842443729903
CC1=C(N=C(C(=N1)C(=O)NCC2=CC=CC=C2OC)N)C3=CN=CO3,COc1ccccc1CNC(=O)c1nc(C)c(-c2cnco2)nc1N,2.542272904649014,11,17,0.12828853726387024,0.14021170139312744,0.08265754580497742,0.11296161264181137,0.3511577844619751,0.10159114003181458,0.13986125588417053,0.11651632189750671,0.211864406779661
CN1C2=C([C@@H](C(=C(N2)N)C#N)C3=CC(=CC=C3)OC)C(=O)N(C1=O)C,COc1cccc([C@@H]2C(C#N)=C(N)Nc3c2c(=O)n(C)c(=O)n3C)c1,3.1235389224806163,10,17,0.1606506109237671,-0.06697957962751389,0.2573390603065491,0.054117195308208466,0.3510100916028023,0.017599018290638924,0.17088593542575836,0.04525778070092201,0.2711864406779661
C1CC2=C(C[C@H]1NC(=O)C3=CC=C(C=C3)N4CC(=O)NC4=O)C=NN2,O=C1CN(c2ccc(C(=O)N[C@H]3CCc4[nH]ncc4C3)cc2)C(=O)N1,3.1034196917113857,11,15,0.20335112512111664,0.2657713294029236,-0.11832723766565323,0.15478652715682983,0.350795216858387,0.26773154735565186,0.06446391344070435,0.07641810178756714,0.13150684931506848
CC1=CC(=CC(=C1)N2C(=O)CN3C2=NC4=C3C(=O)N(C(=O)N4C)C)C,Cc1cc(C)cc(N2C(=O)Cn3c2nc2c3c(=O)n(C)c(=O)n2C)c1,2.6784107384390854,6,14,0.063807912170887,0.10206693410873413,0.18487583100795746,0.13099032640457153,0.3507506772875786,0.08815755695104599,0.1324276626110077,0.14337971806526184,0.340625
CC1=CN2C3=C(N=C2N1C4=CC=C(C=C4)OC)N(C(=O)N(C3=O)C)C,COc1ccc(-n2c(C)cn3c4c(=O)n(C)c(=O)n(C)c4nc23)cc1,2.4236104335010573,7,15,-0.048521097749471664,0.03878653794527054,0.36011776328086853,0.07493363320827484,0.3503832034766674,-0.05702400207519531,0.11767302453517914,0.20579063892364502,0.2694805194805195
C1CC2=C(C[C@@H]1NC(=O)C3=CC=C(C=C3)N4CC(=O)NC4=O)C=NN2,O=C1CN(c2ccc(C(=O)N[C@@H]3CCc4[nH]ncc4C3)cc2)C(=O)N1,3.1034196917113857,11,15,0.20769304037094116,0.252420574426651,-0.10991225391626358,0.15420730412006378,0.3502013608813286,0.2629491090774536,0.07252863794565201,0.07182899117469788,0.13150684931506848
CCOC(=O)C1=C(N(N=C1)C2=CC=CC=C2)NC(=O)C3=CN(N=C3)C,CCOC(=O)c1cnn(-c2ccccc2)c1NC(=O)c1cnn(C)c1,2.2358575200336297,10,15,0.2766399383544922,-0.007757427170872688,0.08105216175317764,0.10702627897262573,0.34993467293679714,0.1141120046377182,0.19295033812522888,0.03583890199661255,0.13972602739726028
CC1=C2C(=NC(=N1)OCCOC)N(C(=O)N2)CC3=CC=C(C=C3)C#N,COCCOc1nc(C)c2[nH]c(=O)n(Cc3ccc(C#N)cc3)c2n1,2.559693706382493,8,15,0.25697165727615356,-0.2922038733959198,0.3842104971408844,0.08532791584730148,0.34897828102111816,-0.043441928923130035,0.34119004011154175,-0.02622995153069496,0.20655737704918034
CC1=CC(=O)NC(=N1)[C@H]2CN(CCO2)C(=O)C3=NNC4=CC=CC=C43,Cc1cc(=O)[nH]c([C@H]2CN(C(=O)c3n[nH]c4ccccc34)CCO2)n1,3.2083600763267706,12,17,0.03496110439300537,0.1232537031173706,0.19069898128509521,0.08701065927743912,0.3489137887954712,0.09303395450115204,0.10276137292385101,0.08888458460569382,0.22023809523809523
CCCC1=CC(=NO1)C(=O)N2CC[C@@H]2C3=NC(=NO3)C4=CN=CC=C4,CCCc1cc(C(=O)N2CC[C@@H]2c2nc(-c3cccnc3)no2)no1,3.039773485178193,11,17,-0.08877086639404297,0.5686618089675903,-0.1315387487411499,0.17014262080192566,0.34835219383239746,0.21737506985664368,-0.0662032887339592,0.31469178199768066,0.19261213720316622
CC1=NC=CN1C2=NC=NC(=C2)NC(=O)C3=CC(=C(C=C3)OC)OC,COc1ccc(C(=O)Nc2cc(-n3ccnc3C)ncn2)cc1OC,2.2206150498277797,11,17,-0.013486959971487522,0.2741900384426117,0.0875319242477417,0.10559111833572388,0.34823500271886587,0.0752197802066803,0.07334750890731812,0.18554332852363586,0.2523961661341853
CCOC(=O)C1=NN(C(=C1)C2=NC=C(C=C2)C)C3=NN=C(C=C3)OC,CCOC(=O)c1cc(-c2ccc(C)cn2)n(-c2ccc(OC)nn2)n1,2.5333801635872586,10,17,0.1338527798652649,0.08051352947950363,0.13386183977127075,0.09881161153316498,0.3482281491160393,0.0874396413564682,0.13776171207427979,0.0967458188533783,0.19638242894056848
CN1C=CC=C1C(=O)NNC(=O)CCN2C3=CC=CC=C3C(=O)C=N2,Cn1cccc1C(=O)NNC(=O)CCn1ncc(=O)c2ccccc21,2.415722958820197,13,17,0.37562596797943115,0.03981480002403259,-0.06724744290113449,0.1647576242685318,0.34819332510232925,0.18016141653060913,0.2653115391731262,0.0004982203245162964,0.17994100294985252
CN1CCN2C(=NN=C2C1=O)CNC(=O)C3=CC4=CC=CC=C4OC3,CN1CCn2c(CNC(=O)C3=Cc4ccccc4OC3)nnc2C1=O,2.804691620792026,11,17,0.045777276158332825,0.10236776620149612,0.1997472494840622,0.10561639815568924,0.34789229184389114,0.058859020471572876,0.10948280245065689,0.15436741709709167,0.21246458923512748
CC1=CC(=C(C=C1)OCC(=O)NC2=CC=C(C=C2)N3C=NN=N3)OC,COc1cc(C)ccc1OCC(=O)Nc1ccc(-n2cnnn2)cc1,1.973818543868953,10,15,0.0032846154645085335,0.27809709310531616,0.06647166609764099,0.06730398535728455,0.3478533746674657,0.10992367565631866,0.0677432119846344,0.10055017471313477,0.24210526315789474
CN1C2=C(C(=O)N(C1=O)C)N(C=N2)CCOC3=CC=C(C=C3)CC#N,Cn1c(=O)c2c(ncn2CCOc2ccc(CC#N)cc2)n(C)c1=O,2.3918033240887304,8,15,-0.07473048567771912,-0.0029841146897524595,0.4254530072212219,0.008491892367601395,0.34773840685375035,-0.07667672634124756,0.09542006999254227,0.11697546392679214,0.3212996389891697
CC(C)C1=NC(=NN1)C2=CN3CCOC4=C(C3=N2)C=C(C=C4)C(=O)O,CC(C)c1nc(-c2cn3c(n2)-c2cc(C(=O)O)ccc2OCC3)n[nH]1,2.849129025992461,10,16,-0.10233623534440994,0.2969672679901123,0.15296433866024017,0.04482782259583473,0.34759537130594254,0.07571187615394592,-0.04324519261717796,0.20015552639961243,0.3231707317073171
CC1=CC(=NC(=N1)N2C(=O)C(=C(N2)C)CC3=CC(=CC=C3)[N+](=O)[O-])C,Cc1cc(C)nc(-n2[nH]c(C)c(Cc3cccc([N+](=O)[O-])c3)c2=O)n1,2.580840533835506,9,15,0.1658707857131958,0.020446982234716415,0.160886749625206,0.12378352135419846,0.3472045175731182,0.10380873084068298,0.18590417504310608,0.06022295728325844,0.16285714285714287
CC1=CC(=NO1)C(=O)N2CCC3=C(C2)NC(=N3)C4=CN=C(C=C4)OC,COc1ccc(-c2nc3c([nH]2)CN(C(=O)c2cc(C)on2)CC3)cn1,2.7392320054074126,10,17,0.07716593146324158,0.17221574485301971,0.09728938341140747,0.08289574831724167,0.34667105972766876,0.08848340809345245,0.05832456424832344,0.1579684019088745,0.24517906336088155
CC1=C(C(=NN1)N=CC2=C(N(C(=O)N(C2=O)C)C)O)C3=CC=CC=C3,Cc1[nH]nc(N=Cc2c(O)n(C)c(=O)n(C)c2=O)c1-c1ccccc1,2.9025147813271452,9,15,0.061731092631816864,-0.051745232194662094,0.336639404296875,0.14246270060539246,0.34662526473402977,0.019178569316864014,0.20530112087726593,0.14493577182292938,0.21971830985915494
COCC1=C(N=CC=C1)CNC(=O)C2=NC(=NC(=C2)C3=CC=CO3)N,COCc1cccnc1CNC(=O)c1cc(-c2ccco2)nc(N)n1,2.565897390022796,12,17,0.22432518005371094,0.009960716590285301,0.1122547835111618,0.13641855120658875,0.34654068015515804,0.07139384001493454,0.2540159225463867,0.07388614863157272,0.23547400611620795
CN1C2=C(C(=O)N(C1=O)C)N(C=N2)CC3CC(=NO3)C4=CC=CC=C4,Cn1c(=O)c2c(ncn2CC2CC(c3ccccc3)=NO2)n(C)c1=O,2.99151877080131,9,15,-0.0003117164596915245,0.023118551820516586,0.3236492872238159,0.10576760768890381,0.346456122584641,0.022915173321962357,0.14217321574687958,0.1404472440481186,0.21637426900584794
CC1=NOC(=N1)[C@H]2CCCN(C2)C(=O)C(=O)NC3=CC=C(C=C3)C#N,Cc1noc([C@H]2CCCN(C(=O)C(=O)Nc3ccc(C#N)cc3)C2)n1,2.851520504279099,9,15,-0.011783715337514877,0.15357545018196106,0.20444732904434204,0.10286137461662292,0.3462390638887882,0.08134213089942932,0.069881871342659,0.1506933867931366,0.1323943661971831
CC(C(=O)N/N=C/C1=C(C(=CC=C1)OC)O)N2C3=CC=CC=C3N=N2,COc1cccc(/C=N/NC(=O)C(C)n2nnc3ccccc32)c1O,2.8150758672260103,13,17,0.2473905384540558,0.14683052897453308,-0.04806503653526306,0.15850332379341125,0.3461560308933258,0.19950708746910095,0.17819294333457947,0.04822138324379921,0.18461538461538463
COC1=CC(=CC=C1)OCC(=O)NCC2=NN=NN2C3=CC=CC=C3,COc1cccc(OCC(=O)NCc2nnnn2-c2ccccc2)c1,1.9687679906550404,11,15,0.16736584901809692,0.1310296654701233,0.04762975871562958,0.057042695581912994,0.3460252732038498,0.06852035224437714,0.1340840607881546,0.08102263510227203,0.21305841924398625
C1COCCC1N2C=C(C=N2)NC(=O)C3=NOC(=C3)C4=CN=CC=C4,O=C(Nc1cnn(C2CCOCC2)c1)c1cc(-c2cccnc2)on1,2.5918518598772664,11,15,-0.026151075959205627,0.2532936930656433,0.11856304109096527,0.05887816473841667,0.34570565819740295,0.04929119721055031,0.020994793623685837,0.20296281576156616,0.17585301837270342
CC1=CC(=O)NC(=N1)NCCNC(=O)C2=CON=C2C3=CC=CC=C3,Cc1cc(=O)[nH]c(NCCNC(=O)c2conc2-c2ccccc2)n1,2.712576236176643,11,15,0.5023923516273499,-0.07858111709356308,-0.07849761098623276,0.1853395402431488,0.345313623547554,0.20254093408584595,0.3265399932861328,-0.08489532768726349,0.33226837060702874
COC1=NC(=NC(=C1)C2=CN=C(N=C2C3=CC=CO3)NCC=C)OC,C=CCNc1ncc(-c2cc(OC)nc(OC)n2)c(-c2ccco2)n1,2.8402781592535646,11,17,0.3176654577255249,0.012758348137140274,0.01486921776086092,0.15951329469680786,0.3452930236235261,0.1684764176607132,0.23342730104923248,0.029374465346336365,0.3253424657534247
COC1=NC=C(C=C1)NC(=O)C2=NN([C@H](C2)C(=O)N)C3=CC=CC=C3,COc1ccc(NC(=O)C2=NN(c3ccccc3)[C@@H](C(N)=O)C2)cn1,2.747910320097084,11,15,0.2066420167684555,0.1015666201710701,0.03665591776371002,0.1599910855293274,0.3448645547032356,0.14442822337150574,0.1858387291431427,0.09649748355150223,0.1887905604719764
CC1(C(=O)N(C(=O)N1)CC(=O)N(C)CCC#N)C2=CC=CC(=C2)C#N,CN(CCC#N)C(=O)CN1C(=O)NC(C)(c2cccc(C#N)c2)C1=O,2.9805855288154586,10,17,0.13018546998500824,0.0032625067979097366,0.21126338839530945,0.10653746873140335,0.3447113651782274,0.05323489010334015,0.1906966269016266,0.08068975806236267,0.11146496815286625
C1COCCC1NC2=CC(=NC=C2C(=O)O)C3=C4N=CC=CN4N=C3,O=C(O)c1cnc(-c2cnn3cccnc23)cc1NC1CCOCC1,2.7321007619932907,11,15,0.11665832251310349,0.15290234982967377,0.07506261765956879,0.09636659175157547,0.34462329000234604,0.11251981556415558,0.10313068330287933,0.10622542351484299,0.2636363636363636
C1CN(C2=CC=CC=C2C1CCO)C(=O)C3=C4C(=O)NC=NC4=NN3,O=C(c1[nH]nc2nc[nH]c(=O)c12)N1CCC(CCO)c2ccccc21,3.3993062301729253,13,17,0.12031280994415283,0.14015576243400574,0.08415129035711288,0.11276866495609283,0.34461986273527145,0.13850131630897522,0.07401691377162933,0.12669627368450165,0.2737752161383285
C1=CC=C(C=C1)C2=CC=C(O2)CCC(=O)OCC3=NC(=NC(=N3)N)N,Nc1nc(N)nc(COC(=O)CCc2ccc(-c3ccccc3)o2)n1,2.335535851561257,9,14,0.16077552735805511,0.37915727496147156,-0.1953379511833191,0.14424005150794983,0.3445948511362076,0.22126737236976624,0.056697968393564224,0.157914400100708,0.2159468438538206
CN1C(C(OCC1=O)C(=O)NC2=NN(C=C2)CC#N)C3=CC=CC=C3,CN1C(=O)COC(C(=O)Nc2ccn(CC#N)n2)C1c1ccccc1,3.5386423125923825,11,15,0.15924862027168274,0.0469939261674881,0.1381184458732605,0.09150718152523041,0.34436099231243134,0.09575865417718887,0.15279026329517365,0.05182165279984474,0.17027027027027028
CN1C=CC=C1C2=NOC(=N2)CNC(=O)CNC(=O)C3=CC=CC=C3,Cn1cccc1-c1noc(CNC(=O)CNC(=O)c2ccccc2)n1,2.2775800823304877,11,15,0.10575957596302032,0.19945615530014038,0.03899194672703743,0.13849569857120514,0.34420767799019814,0.12519851326942444,0.14468349516391754,0.12910529971122742,0.22424242424242424
CCCC1=CC(=NO1)C(=O)N2CC[C@H]2C3=NC(=NO3)C4=CN=CC=C4,CCCc1cc(C(=O)N2CC[C@H]2c2nc(-c3cccnc3)no2)no1,3.039773485178193,11,17,-0.08613160997629166,0.5628669261932373,-0.13267211616039276,0.17088665068149567,0.3440632000565529,0.21821561455726624,-0.06321430206298828,0.30943524837493896,0.19261213720316622
CCOC1=CC=C(C=C1)C2=NN(N=N2)CC(=O)NC3=CC=CC=C3O,CCOc1ccc(-c2nnn(CC(=O)Nc3ccccc3O)n2)cc1,2.0341377746381806,11,15,0.1494140923023224,0.04492998868227005,0.14951355755329132,0.14437417685985565,0.34385763853788376,0.08336874842643738,0.1832900047302246,0.1284869909286499,0.32234432234432236
CN1C2=C([C@@H](C(=C(N2)N)C#N)C3=CC=C(C=C3)OC)C(=O)N(C1=O)C,COc1ccc([C@@H]2C(C#N)=C(N)Nc3c2c(=O)n(C)c(=O)n3C)cc1,3.0796893749693046,8,15,0.14328889548778534,-0.080874502658844,0.28144192695617676,0.0767703726887703,0.3438563197851181,0.007298089563846588,0.19375401735305786,0.0647733062505722,0.2719546742209632
CC1=NC=C(C(=N1)OCC2C[C@H]2C3=NC=C(C=C3)OC)C4=NC=NO4,COc1ccc([C@@H]2CC2COc2nc(C)ncc2-c2ncno2)nc1,3.880767283280581,11,17,0.137645423412323,0.21544232964515686,-0.009829318150877953,0.11907805502414703,0.3432584349066019,0.17099513113498688,0.08704851567745209,0.09908013045787811,0.2878787878787879
CC1=C(C=C(C(=O)N1)C2=NC(=NN2CCO)C3=CC=NC=C3)C(=O)C,CC(=O)c1cc(-c2nc(-c3ccncc3)nn2CCO)c(=O)[nH]c1C,2.7228787087041155,9,15,0.13326619565486908,-0.03517046943306923,0.24485592544078827,0.11451347917318344,0.3429516516625881,0.10326153039932251,0.17064490914344788,0.037084173411130905,0.2765957446808511
CC1=CC(=NO1)NC(=O)CN(C)C(=O)C2=CN=CN2C3=CC=CC=C3,Cc1cc(NC(=O)CN(C)C(=O)c2cncn2-c2ccccc2)no1,2.390671171171226,10,15,0.06120101362466812,0.14652469754219055,0.13503792881965637,0.13612961769104004,0.34276363998651505,0.05515642091631889,0.1731906533241272,0.15987086296081543,0.17866666666666667
CCOC1=CC=CC=C1OCC(=O)NC2=CC=C(C=C2)N3C=NN=N3,CCOc1ccccc1OCC(=O)Nc1ccc(-n2cnnn2)cc1,1.9507964416560934,11,15,0.19130058586597443,0.07120531052350998,0.08016958087682724,0.11533723026514053,0.34267547726631165,0.09786047041416168,0.19311362504959106,0.0630013644695282,0.2427536231884058
CCOC(=O)C1=C(NC2=NC(=NN2C1C3=CC=C(C=C3)C#N)OC)C,CCOC(=O)C1=C(C)Nc2nc(OC)nn2C1c1ccc(C#N)cc1,3.274835845557538,8,15,0.0375329926609993,0.07095169275999069,0.23417723178863525,0.06054927781224251,0.34266191720962524,0.01860768347978592,0.12456288933753967,0.10604654997587204,0.1791767554479419
CC1=CC(=C(C=C1)OCC(=O)NC2=CC(=CC=C2)N3C=NN=N3)OC,COc1cc(C)ccc1OCC(=O)Nc1cccc(-n2cnnn2)c1,2.0303781592535657,12,17,0.0884399563074112,0.18949230015277863,0.06384243071079254,0.05614999681711197,0.34177468717098236,0.10845483094453812,0.10954000055789948,0.03647027164697647,0.24125874125874125
CC1=NC=C(C(=N1)OCC2CC2C3=NC=C(C=C3)OC)C4=NC=NO4,COc1ccc(C2CC2COc2nc(C)ncc2-c2ncno2)nc1,3.880767283280581,11,17,0.12216036021709442,0.2485741227865219,-0.028979893773794174,0.125710129737854,0.34175458922982216,0.17188459634780884,0.07492981851100922,0.12551170587539673,0.2878787878787879
COC1=CC=C(C=C1)OCC(=O)NCC2=CN(N=N2)C3=CC=NC=C3,COc1ccc(OCC(=O)NCc2cn(-c3ccncc3)nn2)cc1,2.138821520686653,9,13,0.13462483882904053,0.07938048988580704,0.1271437108516693,0.06954502314329147,0.3411490395665169,0.04744800552725792,0.14011743664741516,0.09433698654174805,0.22591362126245848
CC1=CC(=C(C=C1)C)OCC(=O)NNC2=NC(=NO2)C3=CC=NC=C3,Cc1ccc(C)c(OCC(=O)NNc2nc(-c3ccncc3)no2)c1,2.378185851561259,10,15,0.06936343014240265,0.12061356008052826,0.1509547233581543,0.054031193256378174,0.3409317135810852,0.05009433999657631,0.09580308943986893,0.10243785381317139,0.36013986013986016
CC1=C2C=CC(=O)N(C2=NC(=N1)NC3=CN(C(=C3)C(=O)O)C)C4CC4,Cc1nc(Nc2cc(C(=O)O)n(C)c2)nc2c1ccc(=O)n2C1CC1,2.6993395304910237,10,16,0.19703108072280884,-0.040942855179309845,0.18462875485420227,0.18152745068073273,0.34071698039770126,0.10282406955957413,0.24398989975452423,0.08944191038608551,0.27300613496932513
CC1=CC(=C(C=C1)OC)NC(=O)CN2C(=O)N(N=N2)C3=CC=CC=C3,COc1ccc(C)cc1NC(=O)Cn1nnn(-c2ccccc2)c1=O,2.030542460445332,10,15,0.12223551422357559,0.07515797019004822,0.14314229786396027,0.06502693891525269,0.3405357822775841,0.08919835835695267,0.15268383920192719,0.009553104639053345,0.20408163265306123
C1CN(CCN1C2=NC=CN=C2)C(=O)CN3C4=CC=CC=C4OC3=O,O=C(Cn1c(=O)oc2ccccc21)N1CCN(c2cnccn2)CC1,2.282087484859467,10,15,0.020605020225048065,0.006563864648342133,0.31322208046913147,0.09076717495918274,0.34039096534252167,0.025601308792829514,0.14626967906951904,0.09345690906047821,0.18895348837209303
CC(=O)NC1=CC=C(C=C1)[C@H]2[C@]3([C@@]2(C(N=C3N)(OC)OC)C#N)C#N,COC1(OC)N=C(N)[C@@]2(C#N)[C@H](c3ccc(NC(C)=O)cc3)[C@@]12C#N,3.9068329436262186,7,14,0.0027760490775108337,-0.06727516651153564,0.4048452079296112,0.01949986442923546,0.3403460904955864,-0.08885328471660614,0.18053197860717773,0.08333269506692886,0.1536231884057971
CC(C1=CC=C(C=C1)N2C=NC=N2)NC(=O)CNC(=O)C3=CC=CO3,CC(NC(=O)CNC(=O)c1ccco1)c1ccc(-n2cncn2)cc1,2.633048537865232,12,15,0.08765918016433716,0.11625620722770691,0.13639196753501892,0.12209995090961456,0.340307354927063,0.10066540539264679,0.14980652928352356,0.09820738434791565,0.13313609467455623
CCNC(=O)C1=NN=C(C=C1)OCC2=C(ON=C2C3=CC=NC=C3)C,CCNC(=O)c1ccc(OCc2c(-c3ccncc3)noc2C)nn1,2.522435851561257,9,15,0.3332756757736206,0.09911954402923584,-0.09243433177471161,0.16167835891246796,0.33996088802814484,0.17002496123313904,0.21409395337104797,0.05954603850841522,0.19518716577540107
CN1C2=NC(=NC=C2N(C1=O)C(=O)N3CCC3)C4=CC(=CC=C4)OC,COc1cccc(-c2ncc3c(n2)n(C)c(=O)n3C(=O)N2CCC2)c1,2.4743204669458745,9,16,0.0077550578862428665,-0.08609835058450699,0.41778379678726196,0.08110756427049637,0.33944050408899784,0.006031007971614599,0.1391107738018036,0.08723053336143494,0.4078014184397163
CC(=O)C1=CC(=CC=C1)NC(=O)CCC2=NN=C3N2N=C(C=C3)OC,COc1ccc2nnc(CCC(=O)Nc3cccc(C(C)=O)c3)n2n1,2.267684172254649,11,17,0.11545953154563904,0.1857951432466507,0.037344079464673996,0.09457649290561676,0.33859875425696373,0.12308283150196075,0.11434956640005112,0.07979008555412292,0.2467948717948718
CCC1=CC=CC2=C1N=C(C=C2)C(=O)NCC3=NC(=NN3)CC(=O)O,CCc1cccc2ccc(C(=O)NCc3nc(CC(=O)O)n[nH]3)nc12,2.566172146252482,12,17,0.10042828321456909,0.2831692695617676,-0.045046739280223846,0.1503775715827942,0.3385508134961128,0.18731632828712463,0.06248047947883606,0.16693392395973206,0.17252396166134185
CC1=NN(C(=C1)C(=O)NC2COC3=C2C=CC(=C3)C4=NOC(=N4)C)C,Cc1cc(C(=O)NC2COc3cc(-c4noc(C)n4)ccc32)n(C)n1,3.063842497778557,10,17,0.0425804927945137,0.0932835191488266,0.20251789689064026,0.03483869135379791,0.33838190883398056,-0.01561041921377182,0.11605469137430191,0.11742398142814636,0.25745257452574527
CCN1C(=NC=N1)C2=CC3=C(C=C2)C(=O)N(C3)C4CCC(=O)NC4=O,CCn1ncnc1-c1ccc2c(c1)CN(C1CCC(=O)NC1=O)C2=O,3.1824182290895004,11,17,-0.07478473335504532,0.4001166820526123,0.013023833744227886,0.1070718914270401,0.3383557824417949,0.17982885241508484,-0.04634509235620499,0.19652244448661804,0.22023809523809523
CC(=O)NC1=CC=C(C=C1)[C@@H]2[C@]3([C@@]2(C(N=C3N)(OC)OC)C#N)C#N,COC1(OC)N=C(N)[C@@]2(C#N)[C@@H](c3ccc(NC(C)=O)cc3)[C@@]12C#N,3.9068329436262186,7,14,0.006647214293479919,-0.07076644152402878,0.4023863673210144,0.01915060728788376,0.33826714009046555,-0.08477570861577988,0.18125146627426147,0.07539837807416916,0.1536231884057971
CC1=CC=C(O1)C2=NC(=NC=C2C3=CC(=NO3)C)N4CCNC(=O)C4,Cc1cc(-c2cnc(N3CCNC(=O)C3)nc2-c2ccc(C)o2)on1,2.8521973900227966,10,17,0.16509351134300232,0.0908527821302414,0.08231902122497559,0.15293985605239868,0.3382653146982193,0.1018102616071701,0.20980671048164368,0.09589628875255585,0.27696793002915454
COC1=CC(=CC=C1)OCC(=O)NCC2=CN(N=N2)C3=CC=NC=C3,COc1cccc(OCC(=O)NCc2cn(-c3ccncc3)nn2)c1,2.1973148821197395,11,15,0.2027914971113205,0.05230412259697914,0.08311042189598083,0.07109951227903366,0.33820604160428047,0.07774874567985535,0.1631295531988144,0.05008726567029953,0.22847682119205298
C1CCC(C1)OC2=NC=C(C=C2)CNC3=NC=CC(=C3[N+](=O)[O-])C#N,N#Cc1ccnc(NCc2ccc(OC3CCCC3)nc2)c1[N+](=O)[O-],2.669147390022797,10,15,0.22093966603279114,-0.24103638529777527,0.3579810857772827,0.06263720989227295,0.3378843665122986,-0.03344098851084709,0.276188462972641,0.0069991592317819595,0.22054380664652568
C1CC1C2=CC(=NN2)NC(=O)CC3=CC=C(C=C3)N4C(=O)CNC4=O,O=C(Cc1ccc(N2C(=O)CNC2=O)cc1)Nc1cc(C2CC2)[nH]n1,2.5459353098494493,10,14,0.20659345388412476,0.07280945777893066,0.057890571653842926,0.161329984664917,0.33729348331689835,0.13509279489517212,0.18310672044754028,0.09925717860460281,0.168141592920354
COC1=CC(=C(C=C1)C2=CC(=NN2)NC3=NC=C(C=C3)C(=O)N)OC,COc1ccc(-c2cc(Nc3ccc(C(N)=O)cn3)n[nH]2)c(OC)c1,2.3523192751798927,12,17,0.2115301787853241,0.16145522892475128,-0.0358053557574749,0.10432837903499603,0.3371800519526005,0.15553581714630127,0.11199702322483063,0.08030057698488235,0.3129251700680272
CC(C1=NN=C(O1)C2=CC=CC=C2)OC(=O)CN(C)C3=NC=CC=N3,CC(OC(=O)CN(C)c1ncccn1)c1nnc(-c2ccccc2)o1,2.903606230172924,9,14,0.10370119661092758,0.11849767714738846,0.11495885252952576,0.15260475873947144,0.3371577262878418,0.11223983019590378,0.14479553699493408,0.14310526847839355,0.28173374613003094
CC1=CC2=NC(=CC(=O)N2C=C1)COC(=O)CN(C)C3=NC=CC=N3,Cc1ccn2c(=O)cc(COC(=O)CN(C)c3ncccn3)nc2c1,2.6335112578451163,10,16,0.09770816564559937,0.18295738101005554,0.056224703788757324,0.1015394926071167,0.33689025044441223,0.12380889803171158,0.08002139627933502,0.12252245843410492,0.34782608695652173
CCOC1=NC=CC(=C1)C2=CNN(C2=O)C3=NC=C(C=C3)C(=O)NC,CCOc1cc(-c2c[nH]n(-c3ccc(C(=O)NC)cn3)c2=O)ccn1,2.6296499360683008,12,17,0.069075807929039,0.3415406346321106,-0.07429508864879608,0.11107493937015533,0.3363213539123535,0.1490163654088974,0.03382861614227295,0.184067964553833,0.22841225626740946
CN1C2=C(C=N1)C(=O)N(C=N2)CC(COC3=CC=C(C=C3)CC#N)O,Cn1ncc2c(=O)n(CC(O)COc3ccc(CC#N)cc3)cnc21,2.9079114035207034,10,15,0.0088000213727355,-0.0948900356888771,0.42223113775253296,-0.003941313363611698,0.33614112343639135,-0.08073718845844269,0.11952637135982513,0.06951221823692322,0.3494809688581315
COC1=NC=C(C=C1)NC(=O)C2=NN([C@@H](C2)C(=O)N)C3=CC=CC=C3,COc1ccc(NC(=O)C2=NN(c3ccccc3)[C@H](C(N)=O)C2)cn1,2.747910320097084,11,15,0.21476218104362488,0.08574051409959793,0.03532039374113083,0.16017019748687744,0.33582308888435364,0.14609459042549133,0.19012081623077393,0.08531557023525238,0.1887905604719764
CN1C=CC=C(C1=O)C(=O)N2CCC[C@H](C2)OC3=NC=CN=C3C#N,Cn1cccc(C(=O)N2CCC[C@@H](Oc3nccnc3C#N)C2)c1=O,3.127794177085166,11,17,0.07778836041688919,0.06581278145313263,0.19218012690544128,0.07016724348068237,0.3357812687754631,0.0906023383140564,0.1136612519621849,0.037920333445072174,0.2077562326869806
CCOC(=O)C1=CC=C(C=C1)NC2=CC(=NC=N2)NC3=NOC(=C3)C,CCOC(=O)c1ccc(Nc2cc(Nc3cc(C)on3)ncn2)cc1,2.30066854386895,10,15,0.2977740168571472,0.12121719121932983,-0.08337709307670593,0.1495896279811859,0.3356141149997711,0.20033439993858337,0.1524990350008011,0.0598452091217041,0.17197452229299362
[2H]C([2H])([2H])C1=NOC(=N1)C2=CC3=C(C=C2)[C@@H](CO3)NC(=O)C4=C(N(N=C4)C)C,[2H]C([2H])([2H])c1noc(-c2ccc3c(c2)OC[C@H]3NC(=O)c2cnn(C)c2C)n1,3.9920839883630856,10,17,0.08291252702474594,-0.09016337245702744,0.3426084518432617,0.008024977520108223,0.3353576064109802,-0.05610138922929764,0.17064881324768066,0.046358373016119,0.22942643391521197
CC1=C(C=NN1)C(=O)N2CCN3C(C2)C(=O)N(C3=O)C4=CC=CC=C4,Cc1[nH]ncc1C(=O)N1CCN2C(=O)N(c3ccccc3)C(=O)C2C1,2.864325271343022,10,15,0.03313366696238518,0.004127707798033953,0.2979586124420166,0.12397544831037521,0.33521998720243573,0.07100840657949448,0.12764060497283936,0.11971543729305267,0.1457142857142857
CC1=C(C2=C(O1)N=CNC2=O)C(=O)NCC3=C(C(=CC=C3)NC)C=N,CNc1cccc(CNC(=O)c2c(C)oc3nc[nH]c(=O)c23)c1C=N,3.0691868405722467,12,17,0.5126261115074158,-0.06792943179607391,-0.10963477194309235,0.16217346489429474,0.3350619077682495,0.21335500478744507,0.3115449547767639,-0.08579745143651962,0.21764705882352942
CN1C2=C(C(=O)N(C1=O)C)N(C=N2)C[C@@H]3CC(=NO3)C4=CC=CC=C4,Cn1c(=O)c2c(ncn2C[C@@H]2CC(c3ccccc3)=NO2)n(C)c1=O,2.99151877080131,9,15,0.005553532391786575,0.004574716091156006,0.32415100932121277,0.08802974224090576,0.33427925780415535,0.011310528963804245,0.15001745522022247,0.11231454461812973,0.21637426900584794
CCOC1=CC=CC(=C1O)C=NNC(=O)CN2C3=CC=CC=C3N=N2,CCOc1cccc(C=NNC(=O)Cn2nnc3ccccc32)c1O,2.2876743130997195,13,17,0.22241823375225067,0.02626979351043701,0.08554454147815704,0.15203189849853516,0.3342325687408447,0.13172966241836548,0.22555135190486908,0.041077643632888794,0.20388349514563106
CC1(C(=O)NC2=C(O1)C=CC(=C2)NC3=NC4=C(C(=N3)NC)OC=C4)C,CNc1nc(Nc2ccc3c(c2)NC(=O)C(C)(C)O3)nc2ccoc12,2.904373229676102,10,16,0.1699729710817337,-0.015084374696016312,0.17893731594085693,0.08357499539852142,0.3338259123265743,0.02842683531343937,0.16795268654823303,0.09408767521381378,0.309375
COCCNC1=NC(=NC2=CC=CC=C21)NC3=CC(=CC=C3)[N+](=O)[O-],COCCNc1nc(Nc2cccc([N+](=O)[O-])c2)nc2ccccc12,2.1278127746381816,13,17,0.3194190561771393,-0.06606628000736237,0.0804148018360138,0.15070924162864685,0.3337675780057907,0.1396031379699707,0.25514042377471924,-0.002344852313399315,0.25925925925925924
COC1=NN2C(=NN=C2CNC(=O)/C=C\C3=CC(=CC=C3)OC)C=C1,COc1cccc(/C=C\C(=O)NCc2nnc3ccc(OC)nn23)c1,2.4256627746381803,12,17,0.2047645002603531,0.08448874950408936,0.04421289265155792,0.07084701955318451,0.33346614241600037,0.1068091168999672,0.12186034768819809,0.06387411057949066,0.26101694915254237
C[C@H](C(=O)N/N=C\C1=C(C(=CC=C1)OC)O)N2C3=CC=CC=C3N=N2,COc1cccc(/C=N\NC(=O)[C@@H](C)n2nnc3ccccc32)c1O,2.8150758672260103,13,17,0.2710718512535095,0.1337350457906723,-0.07167250663042068,0.1569313406944275,0.33313439041376114,0.20775790512561798,0.18508359789848328,0.02675364911556244,0.18461538461538463
CC(C(=O)NC1=CC2=C(C=C1)NC(=O)N2)N3C(=O)C=C4CCCC4=N3,CC(C(=O)Nc1ccc2[nH]c(=O)[nH]c2c1)n1nc2c(cc1=O)CCC2,3.030426463109003,12,17,0.17149275541305542,0.16454513370990753,-0.003210967406630516,0.11469534039497375,0.33282692171633244,0.13655433058738708,0.1154419481754303,0.09941168129444122,0.20498614958448755
C1CN([C@@H](C2=CC=CN21)C3=CN=CC=C3)C(=O)CN4C(=O)CNC4=O,O=C1CNC(=O)N1CC(=O)N1CCn2cccc2[C@H]1c1cccnc1,3.1156523840190777,13,17,-0.04491107910871506,0.24562931060791016,0.13191325962543488,0.08094213157892227,0.33263149112463,0.07445533573627472,0.01938055083155632,0.18739743530750275,0.12759643916913946
C1CCN(C1)C2=NC(=NC=C2)CNC(=O)C3=NOC(=C3)C4=CC=CO4,O=C(NCc1nccc(N2CCCC2)n1)c1cc(-c2ccco2)on1,2.5472185958440026,10,15,0.13885262608528137,0.05931258201599121,0.1343793421983719,0.09767766296863556,0.33254455029964447,0.06160483881831169,0.17311659455299377,0.0808822438120842,0.2111111111111111
CN1C2=C([C@H](C(=C(N2)N)C#N)C3=CC=C(C=C3)OC)C(=O)N(C1=O)C,COc1ccc([C@H]2C(C#N)=C(N)Nc3c2c(=O)n(C)c(=O)n3C)cc1,3.0796893749693046,8,15,0.1394907534122467,-0.08601535111665726,0.27903497219085693,0.07152968645095825,0.3325103744864464,0.00041397009044885635,0.19152262806892395,0.060529932379722595,0.2719546742209632
COC1=C(C=C(C=C1)N2C=NC(=NC2=O)N(C3=CC=CC=C3)N)OC,COc1ccc(-n2cnc(N(N)c3ccccc3)nc2=O)cc1OC,2.5124042155915927,10,15,0.19956591725349426,0.0853453129529953,0.04748886078596115,0.13015130162239075,0.3324000909924507,0.14188873767852783,0.15653598308563232,0.0705326497554779,0.23161764705882354
CN1C=CC=C(C1=O)C(=O)N2CCC[C@@H](C2)OC3=NC=CN=C3C#N,Cn1cccc(C(=O)N2CCC[C@H](Oc3nccnc3C#N)C2)c1=O,3.127794177085166,11,17,0.07709285616874695,0.06333491951227188,0.19178634881973267,0.0694517195224762,0.3322141245007515,0.08906489610671997,0.11294609308242798,0.03735857456922531,0.2077562326869806
CCOC(=O)CN1C=C(C2=CC(=NC=C21)NC3=CN=CN=C3)C(=O)C,CCOC(=O)Cn1cc(C(C)=O)c2cc(Nc3cncnc3)ncc21,2.6837240422438153,10,16,-0.09932713955640793,0.24493376910686493,0.18657419085502625,0.10748758167028427,0.33218082040548325,0.0872725248336792,0.03545254468917847,0.18729433417320251,0.18575851393188855
CCOC1=CC=C(C=C1)NC(=O)C2=CC(=C(C=C2)N3C=NN=N3)OC,CCOc1ccc(NC(=O)c2ccc(-n3cnnn3)c(OC)c2)cc1,1.997924313099718,10,15,0.04140937328338623,0.1289050281047821,0.16172218322753906,0.1003275215625763,0.3320365846157074,0.057545196264982224,0.10789601504802704,0.15094414353370667,0.20132013201320131
CCN(C1=CC=CC=C1)C(=O)COC(=O)C2=NN3C(=CC=NC3=N2)C,CCN(C(=O)COC(=O)c1nc2nccc(C)n2n1)c1ccccc1,2.4143929479859594,9,15,0.12419085204601288,0.09989999234676361,0.10794167220592499,0.12244385480880737,0.3320325165987015,0.09361882507801056,0.13367120921611786,0.128190815448761,0.221875
CC1=NOC(=C1)C(=O)N2CCOCC2C3=NC=NN3C4=CC=CC=C4,Cc1cc(C(=O)N2CCOCC2c2ncnn2-c2ccccc2)on1,3.1776697970854633,10,15,-0.021090291440486908,0.15647485852241516,0.19663451611995697,0.06910602003335953,0.3320190832018852,0.025769034400582314,0.1094522476196289,0.12659762799739838,0.12437810945273632
CC1=NC(=CC(=O)N1)[C@H]2CN(CCO2)C(=O)C3=CC4=C(C=C3)N=CN4,Cc1nc([C@H]2CN(C(=O)c3ccc4nc[nH]c4c3)CCO2)cc(=O)[nH]1,3.321229307096001,12,17,0.13602985441684723,0.0565495640039444,0.13917414844036102,0.06628888845443726,0.33175356686115265,0.08217454701662064,0.14160075783729553,0.031083988025784492,0.21646341463414634
CN1C2=C([C@H](C(=C(N2)N)C#N)C3=CC(=CC=C3)OC)C(=O)N(C1=O)C,COc1cccc([C@H]2C(C#N)=C(N)Nc3c2c(=O)n(C)c(=O)n3C)c1,3.1235389224806163,10,17,0.15385915338993073,-0.07822435349225998,0.255606085062027,0.04776087775826454,0.3312408849596977,0.008323977701365948,0.16698038578033447,0.038853719830513,0.2711864406779661
CC1=NC=NC=C1C2=NN=C(O2)[C@@H]3CCCN(C3)C(=O)C4=CC=CO4,Cc1ncncc1-c1nnc([C@@H]2CCCN(C(=O)c3ccco3)C2)o1,3.097561261785147,11,17,-0.08650919795036316,0.30656740069389343,0.11067214608192444,0.13324499130249023,0.3307303488254547,0.13475751876831055,0.007668024860322475,0.21093246340751648,0.15228426395939088
CCN1C=C(C(=N1)C(=O)NC)NC(=O)C2=NOC(=C2)C3=CC=CC=C3,CCn1cc(NC(=O)c2cc(-c3ccccc3)on2)c(C(=O)NC)n1,2.3124852556782667,10,15,0.40628260374069214,-0.02423230931162834,-0.051740579307079315,0.15290649235248566,0.3303097151219845,0.15701070427894592,0.24534541368484497,0.014475636184215546,0.14324324324324325
CC1=CC=CC=C1NC(=O)C2=CC(=C(C=C2N3C=NN=N3)OC)OC,COc1cc(C(=O)Nc2ccccc2C)c(-n2cnnn2)cc1OC,2.087773879730271,11,17,0.15262192487716675,-0.042161449790000916,0.2197972685098648,0.08977567404508591,0.33025774359703064,0.06084297597408295,0.19317004084587097,0.026865482330322266,0.16981132075471697
CCNC(=O)C1=CN=C(C=C1)OCC2=C(ON=C2C3=NC=NC=C3)C,CCNC(=O)c1ccc(OCc2c(-c3ccncn3)noc2C)nc1,2.541868543868951,11,17,0.4343549609184265,0.04160790145397186,-0.14608140289783478,0.1990792155265808,0.3298814594745636,0.21871671080589294,0.26825523376464844,0.016375450417399406,0.225
C1CN(CC2=CC(=NN2C1)CO)C(=O)C3=CN=C4C=CC=CN4C3=O,O=C(c1cnc2ccccn2c1=O)N1CCCn2nc(CO)cc2C1,2.7161339284843358,12,17,0.145472452044487,0.025767754763364792,0.15862086415290833,0.07769244909286499,0.3298610709607601,0.08690299093723297,0.13661843538284302,0.04390949010848999,0.21971830985915494
C1CN2C(CN1C(=O)C3=CC=CC(=C3)C4=CNN=C4)C(=O)NCC2=O,O=C1NCC(=O)N2CCN(C(=O)c3cccc(-c4cn[nH]c4)c3)CC12,3.0376562301729244,13,17,-0.002703968435525894,0.26820021867752075,0.06436473876237869,0.12349522858858109,0.32986098900437355,0.1368604600429535,0.04213825613260269,0.17289474606513977,0.1736111111111111
CC1=C(N2C3=C(N=C2N1C4=CC=C(C=C4)O)N(C(=O)N(C3=O)C)C)C,Cc1c(C)n2c3c(=O)n(C)c(=O)n(C)c3nc2n1-c1ccc(O)cc1,2.558376801787503,7,15,0.057823359966278076,0.006388976704329252,0.2656240463256836,0.09962158650159836,0.3298363829962909,-0.0012763626873493195,0.17454972863197327,0.13036735355854034,0.23492063492063492
CCOC(=O)C1=CN=C(N=C1NC2=CC=C(C=C2)O)N3C=C(C=N3)C,CCOC(=O)c1cnc(-n2cc(C)cn2)nc1Nc1ccc(O)cc1,2.4363439772383977,10,15,0.049952127039432526,0.25763118267059326,0.021991904824972153,0.11269834637641907,0.32957521453499794,0.1407625675201416,0.043984562158584595,0.1533324420452118,0.18674698795180722
CC1=NOC(=C1)C(=O)N2CCC(CC2)C3=NOC(=N3)C4=CC=CC=N4,Cc1cc(C(=O)N2CCC(c3noc(-c4ccccn4)n3)CC2)on1,2.510046388969055,9,15,-0.07540255039930344,0.35799694061279297,0.04688166081905365,0.07307913154363632,0.3294760510325432,0.10204208642244339,-0.04711832478642464,0.23830130696296692,0.17091836734693877
CC1=CC(=NN1)C(=O)N2CCOC[C@@H]2C3=NOC(=N3)C4=CC=CC=C4,Cc1cc(C(=O)N2CCOC[C@@H]2c2noc(-c3ccccc3)n2)n[nH]1,3.0590291226913635,10,15,0.001752590760588646,0.17290905117988586,0.15432533621788025,0.05893803387880325,0.32898697815835476,0.05451270937919617,0.07872851192951202,0.10646768659353256,0.19047619047619047
CC1=CC(=C(C=C1)OC)NC(=O)CNC(=O)C2=CC3=NNN=C3C=C2,COc1ccc(C)cc1NC(=O)CNC(=O)c1ccc2n[nH]nc2c1,2.1022811386685163,12,17,0.00329473614692688,0.18998180329799652,0.13531765341758728,0.03704582899808884,0.3285941928625107,0.07881779968738556,0.03560972586274147,0.09548477083444595,0.22448979591836735
C1=CC(=NC=C1C(=O)O)CCCCOC2=CN=C(C=C2)N3C=NC=N3,O=C(O)c1ccc(CCCCOc2ccc(-n3cncn3)nc2)nc1,2.3984748399701097,13,17,-0.010093402117490768,0.2980578541755676,0.0405755341053009,0.09899088740348816,0.32853998616337776,0.12696519494056702,0.010311395861208439,0.1844882220029831,0.20414201183431951
CC1=NOC(=N1)[C@@]2(CCN(C2)C(=O)C3=CC(=CC=C3)N4C=CN=C4)O,Cc1noc([C@]2(O)CCN(C(=O)c3cccc(-n4ccnc4)c3)C2)n1,3.2165331532498476,12,17,0.11281786859035492,0.2101723551750183,0.005418156273663044,0.09906227141618729,0.3284083800390363,0.13156549632549286,0.11210836470127106,0.0857190266251564,0.12315270935960591
CC1=NN=C(O1)COC2CN(C2)C(=O)C3=C(NN=C3)C4=CC=CC=C4,Cc1nnc(COC2CN(C(=O)c3cn[nH]c3-c3ccccc3)C2)o1,2.5692050823304893,9,14,0.02080518752336502,0.03924562782049179,0.2683286964893341,0.06716419011354446,0.3283795118331909,0.03674646466970444,0.11541592329740524,0.08101684600114822,0.18181818181818182
CC1=C(C=CO1)C2=NOC(=N2)C3=CC4=C(C=C3)N(N=N4)CC(C)(C)O,Cc1occc1-c1noc(-c2ccc3c(c2)nnn3CC(C)(C)O)n1,2.7886115828722,9,16,-0.1214698925614357,0.1902155578136444,0.259433388710022,0.034201644361019135,0.3281790539622307,-0.04543803632259369,0.059730105102062225,0.1910821497440338,0.19166666666666668
COC1=CC=CC=C1C2=NNC(=C2)C(=O)NCCN3C=NC=CC3=O,COc1ccccc1-c1cc(C(=O)NCCn2cnccc2=O)[nH]n1,2.3553108515612564,13,17,0.2967870533466339,0.05935228243470192,-0.028099562972784042,0.1194557249546051,0.3280397728085518,0.16626983880996704,0.16357575356960297,0.03849413990974426,0.3713355048859935
CCOC(=O)CCN(C1=CC=CC=N1)C(=O)C2=NC3=C(C=C2)NC=N3,CCOC(=O)CCN(C(=O)c1ccc2[nH]cnc2n1)c1ccccn1,2.6198589284843337,12,17,0.09308220446109772,0.26902151107788086,-0.03407964110374451,0.11608941107988358,0.32802407443523407,0.15846359729766846,0.04687429964542389,0.15145619213581085,0.25835866261398177
CC1=CN=C(N=C1C2=CC(=C(C=C2)C(=O)O)OC)NC3=CN(N=C3)C,COc1cc(-c2nc(Nc3cnn(C)c3)ncc2C)ccc1C(=O)O,2.3933560713414774,11,17,-0.011669626459479332,0.10939239710569382,0.23027749359607697,0.08515719324350357,0.32800026424229145,0.03666698560118675,0.08749011158943176,0.15702581405639648,0.2993421052631579
CC(=O)N1CCN(CC1)C2=NC=CC(=C2)C3=NOC(=N3)C4=COC=C4,CC(=O)N1CCN(c2cc(-c3noc(-c4ccoc4)n3)ccn2)CC1,2.497444492235651,9,15,-0.09729667007923126,0.15714284777641296,0.26770544052124023,0.07898339629173279,0.32755161821842194,0.00509186927229166,0.07372145354747772,0.18267270922660828,0.28888888888888886
CC1=CC(=CC(=O)N1C)OC2CN(C2)C(=O)C3=CC4=NNN=C4C=C3,Cc1cc(OC2CN(C(=O)c3ccc4n[nH]nc4c3)C2)cc(=O)n1C,2.6908644229898293,10,16,0.00641329400241375,0.15136298537254333,0.1696881651878357,0.06636913120746613,0.3274644445627928,0.07846317440271378,0.06856261193752289,0.09564345329999924,0.2610062893081761
CCC1=NC(=NO1)CNC2=NC3=C(CC4=CC=CC=C4OC3)C(=O)N2,CCc1nc(CNc2nc3c(c(=O)[nH]2)Cc2ccccc2OC3)no1,2.942135535439025,11,17,0.16533483564853668,0.1954769790172577,-0.03350137919187546,0.13416573405265808,0.3273104354739189,0.16418759524822235,0.056765682995319366,0.16467350721359253,0.2890855457227139
CC1=CC(=C(N1C2=CC=CC=C2)C)C(=O)COC(=O)CN3C=NN=N3,Cc1cc(C(=O)COC(=O)Cn2cnnn2)c(C)n1-c1ccccc1,2.32542263379311,9,15,0.07893456518650055,0.08299322426319122,0.16528739035129547,0.07509887218475342,0.32721517980098724,0.06624369323253632,0.144400954246521,0.048278361558914185,0.13186813186813187
COC1=C(C=C(C=C1)C2=NN(N=N2)CC(=O)NC3=CC=CC=C3)OC,COc1ccc(-c2nnn(CC(=O)Nc3ccccc3)n2)cc1OC,1.9155646977151033,10,15,0.009412283077836037,0.2336181104183197,0.0840817540884018,0.1418168842792511,0.32711214758455753,0.12363176047801971,0.08131726831197739,0.17465123534202576,0.3074074074074074
C[C@@]1(C(=O)N(C(=O)N1)CC(=O)N(C)CCC#N)C2=CC=CC(=C2)C#N,CN(CCC#N)C(=O)CN1C(=O)N[C@@](C)(c2cccc(C#N)c2)C1=O,2.9805855288154586,10,17,0.08699340373277664,0.031542763113975525,0.2084605097770691,0.09214690327644348,0.32699667662382126,0.030856603756546974,0.16320303082466125,0.10214225947856903,0.11146496815286625
CC(C)(C(=O)O)N1C=C(C=N1)NC(=O)C2=NN(C=C2)C3=CC=CC=C3,CC(C)(C(=O)O)n1cc(NC(=O)c2ccn(-c3ccccc3)n2)cn1,2.476069038374444,10,14,0.009711740538477898,0.08966556191444397,0.22758828103542328,0.08205442130565643,0.32696558348834515,0.012279031798243523,0.11735638976097107,0.14901363849639893,0.14092140921409213
COC1=C(C=CC=N1)NC(=O)C2=NN(C(C2)C(=O)N)C3=CC=CC=C3,COc1ncccc1NC(=O)C1=NN(c2ccccc2)C(C(N)=O)C1,2.7652628661425886,11,15,0.11198034882545471,0.09408728778362274,0.12081529200077057,0.1422966867685318,0.326882928609848,0.09439940750598907,0.17099013924598694,0.11488303542137146,0.1867816091954023
COC1=C(C=C(C=C1)C(=O)NC2=NN(C(=N2)N)C3=CC=CC=C3)OC,COc1ccc(C(=O)Nc2nc(N)n(-c3ccccc3)n2)cc1OC,2.025624150586177,10,15,0.13669568300247192,0.2592780888080597,-0.06915801018476486,0.1433926820755005,0.32681576162576675,0.17208577692508698,0.11211124062538147,0.11820978671312332,0.2560553633217993
CC1=CC=C(C=C1)N(C(=O)N)NC(=O)C2CC(=NO2)C3=CN=CC=C3,Cc1ccc(N(NC(=O)C2CC(c3cccnc3)=NO2)C(N)=O)cc1,3.119913570367941,11,15,0.24558769166469574,0.0650055855512619,0.016033994033932686,0.11234802007675171,0.3266272712498903,0.11907874047756195,0.1757139414548874,0.05594008415937424,0.15702479338842976
CC1=NC(=NO1)C2=CC=C(C=C2)C(=O)NCCCN3C(=O)C=CC=N3,Cc1nc(-c2ccc(C(=O)NCCCn3ncccc3=O)cc2)no1,2.1971512361766425,10,15,0.23359805345535278,0.21807889640331268,-0.12543296813964844,0.11429297924041748,0.32624398171901703,0.18743517994880676,0.12035837024450302,0.0658106803894043,0.23460410557184752
C1C(CN1C2=CN=CC(=N2)OCCO)C3=NC(=NO3)C4=CC=CC=C4,OCCOc1cncc(N2CC(c3nc(-c4ccccc4)no3)C2)n1,2.5152206776940282,10,14,-0.028012635186314583,0.25506681203842163,0.0986136645078659,0.11441121995449066,0.32566784135997295,0.12005102634429932,0.04739806428551674,0.15900789201259613,0.2909090909090909
CC1=C(N2C=CC=CC2=N1)C3=NC(=NC=C3)NC(=O)CCC(=O)OC,COC(=O)CCC(=O)Nc1nccc(-c2c(C)nc3ccccn23)n1,2.442171062828862,11,17,0.3032907247543335,0.027280617505311966,-0.0054949019104242325,0.1411745548248291,0.32507644034922123,0.15053731203079224,0.22650617361068726,0.014545504003763199,0.38848920863309355
CC1=CC(=CC=C1)NC(=O)COC(=O)C2=NN3C(=CC(=NC3=N2)C)C,Cc1cccc(NC(=O)COC(=O)c2nc3nc(C)cc(C)n3n2)c1,2.229809258154665,10,17,0.26137012243270874,-0.020435677841305733,0.08385191857814789,0.12571346759796143,0.3247863631695509,0.11723325401544571,0.22426848113536835,0.016877245157957077,0.22727272727272727
CC1=CC=CC=C1NC(=O)C(C)OC(=O)C2=NN3C(=CC=NC3=N2)C,Cc1ccccc1NC(=O)C(C)OC(=O)c1nc2nccc(C)n2n1,2.7086705708322665,11,17,0.3383302688598633,-0.2716894745826721,0.25803011655807495,0.12617862224578857,0.3246709108352661,0.05455157905817032,0.33448880910873413,-0.04694409295916557,0.22153846153846155
CC1=NC(=CC(=O)N1)[C@@H]2CN(CCO2)C(=O)C3=CC4=C(C=C3)N=CN4,Cc1nc([C@@H]2CN(C(=O)c3ccc4nc[nH]c4c3)CCO2)cc(=O)[nH]1,3.321229307096001,12,17,0.12143023312091827,0.06092991679906845,0.14189329743385315,0.06372035294771194,0.3242534473538399,0.07657359540462494,0.13375096023082733,0.03672759234905243,0.21646341463414634
CC1=CC(=NO1)NC(=O)CN(CC=C)C(=O)NC2=CC=C(C=C2)C#N,C=CCN(CC(=O)Nc1cc(C)on1)C(=O)Nc1ccc(C#N)cc1,2.394762444967851,10,15,0.3487044870853424,-0.06980805844068527,0.045184176415205,0.11607001721858978,0.32408060505986214,0.1132279708981514,0.2839445471763611,-0.052251823246479034,0.16615384615384615
CC1C(=O)N(NC(=N1)C(=O)NC2=CN=C(C=C2)OC)C3=CC=CC=C3,COc1ccc(NC(=O)C2=NC(C)C(=O)N(c3ccccc3)N2)cn1,2.904769691711385,11,15,0.31998080015182495,-0.08442946523427963,0.08851539343595505,0.14812970161437988,0.32406672835350037,0.11138524115085602,0.26790207624435425,0.005633816123008728,0.20474777448071216
CC1=C(C=C(C=C1)NC(=O)C2=C3C(=NN(C3=NC(=C2)C)C)C)[N+](=O)[O-],Cc1cc(C(=O)Nc2ccc(C)c([N+](=O)[O-])c2)c2c(C)nn(C)c2n1,2.225775896810127,9,17,0.2353147566318512,-0.09804783761501312,0.1867946982383728,0.12539812922477722,0.3240616172552109,0.06730183213949203,0.25445905327796936,0.021345488727092743,0.18991097922848665
CC1=NOC(=N1)C2CN(C2)C(=O)C3=CC(=NN3)C4=CC(=CC=C4)OC,COc1cccc(-c2cc(C(=O)N3CC(c4nc(C)no4)C3)[nH]n2)c1,2.45942610074869,10,16,0.09930573403835297,0.04136362671852112,0.18336012959480286,0.03376056253910065,0.32402949035167694,0.048837609589099884,0.0853409469127655,0.06868289411067963,0.2231404958677686
CCC1=CC(=CC(=O)N1)C2=NC(=NO2)C3=CC4=C(CCNC4)NC3=O,CCc1cc(-c2nc(-c3cc4c([nH]c3=O)CCNC4)no2)cc(=O)[nH]1,3.1459031592535656,11,17,0.38603582978248596,0.2813884913921356,-0.34341809153556824,0.19305557012557983,0.32400622963905334,0.31669917702674866,0.12564806640148163,0.05161473527550697,0.2552552552552553
CC1=CC=C(O1)C(C2=CC=CC(=N2)CO)C3=CC(=NC(=N3)N)C(=O)N,Cc1ccc(C(c2cccc(CO)n2)c2cc(C(N)=O)nc(N)n2)o1,3.4585723290740225,12,17,0.24816253781318665,0.09120004624128342,-0.015389755368232727,0.17000938951969147,0.32397282868623734,0.17346793413162231,0.19832105934619904,0.06024977192282677,0.18688524590163935
COC1=CC(=C(C=C1)OC)/C=N\NC(=O)CN2C3=CC=CC=C3N=N2,COc1ccc(OC)c(/C=N\NC(=O)Cn2nnc3ccccc32)c1,2.1444896977151036,12,17,0.20454734563827515,0.12364119291305542,-0.004792317748069763,0.09274954348802567,0.3233962208032608,0.13591717183589935,0.15116867423057556,0.0258787851780653,0.18241042345276873
C[C@H]1C(=O)N(NC(=N1)C(=O)NC2=CN=C(C=C2)OC)C3=CC=CC=C3,COc1ccc(NC(=O)C2=N[C@@H](C)C(=O)N(c3ccccc3)N2)cn1,2.904769691711385,11,15,0.32803264260292053,-0.09214439988136292,0.08734484016895294,0.15779978036880493,0.32323308289051056,0.10893792659044266,0.27681952714920044,0.013535846024751663,0.20474777448071216
CC1=CN=C(N=C1)NC(=O)CN2C(=O)C3=C(C(=N2)C)OC(=C3)C4CC4,Cc1cnc(NC(=O)Cn2nc(C)c3oc(C4CC4)cc3c2=O)nc1,2.825172115297521,8,15,0.3931334614753723,-0.021135926246643066,-0.04962430149316788,0.1926051378250122,0.32237323373556137,0.20921941101551056,0.2765410542488098,-0.020394342020154,0.28285714285714286
CC1=NN=C(C=C1)OC2=C(C=CC(=C2)NC3=NC=CN(C3=O)C)OC,COc1ccc(Nc2nccn(C)c2=O)cc1Oc1ccc(C)nn1,2.458714291431246,11,17,0.10751285403966904,-0.00737670436501503,0.22192460298538208,0.037582214921712875,0.3220607526600361,0.03197780251502991,0.14253652095794678,0.023129358887672424,0.2125
CN1C(=O)C=CC(=N1)C(=O)N[C@@H]2C[C@H]3C(=O)NC4=CC=CC=C4N3C2,Cn1nc(C(=O)N[C@@H]2C[C@H]3C(=O)Nc4ccccc4N3C2)ccc1=O,3.227320319092925,13,17,0.1766122579574585,0.0683906227350235,0.07682090252637863,0.13319070637226105,0.3218237832188606,0.13057447969913483,0.15454161167144775,0.07385410368442535,0.16338028169014085
CN1C2=C(C(=N1)C(=O)N3CC[C@H](C3)OC4=CC=CC=C4)N=CNC2=O,Cn1nc(C(=O)N2CC[C@@H](Oc3ccccc3)C2)c2nc[nH]c(=O)c21,3.057363922480617,10,15,0.22133708000183105,-0.23906829953193665,0.33929696679115295,0.09706554561853409,0.32156574726104736,0.05216509476304054,0.24532437324523926,-0.03208566829562187,0.282798833819242
CN1C=CC(=N1)NC(=O)C2=NN(C(=O)C=C2)CCOC3=CC=CC=C3,Cn1ccc(NC(=O)c2ccc(=O)n(CCOc3ccccc3)n2)n1,2.2044512361766415,11,15,0.23636865615844727,-0.11126043647527695,0.19639787077903748,0.06699297577142715,0.3215060904622078,0.031233929097652435,0.2063571810722351,0.023234274238348007,0.25
CCC1=NN=C(O1)C2=CN(C(=O)C=C2)CC(=O)NCC3=CN=CC=C3,CCc1nnc(-c2ccc(=O)n(CC(=O)NCc3cccnc3)c2)o1,2.356951236176643,12,17,0.09885667264461517,0.3340282738208771,-0.11156462877988815,0.13904762268066406,0.3213203176856041,0.1777220070362091,0.04540250822901726,0.18895432353019714,0.2159090909090909
C1C[C@@H]([C@H](OC1)C2=CC=NC=C2)NC(=O)C3=CC4=C(NC(=O)N4)N=C3,O=C(N[C@H]1CCCO[C@@H]1c1ccncc1)c1cnc2[nH]c(=O)[nH]c2c1,3.457076872321676,12,15,0.21343198418617249,0.11764983087778091,-0.009846998378634453,0.1356530785560608,0.32123481668531895,0.173224538564682,0.1431342363357544,0.05429338291287422,0.20241691842900303
CN1C(=O)C=CC(=N1)C(=O)N[C@H]2C[C@H]3C(=O)NC4=CC=CC=C4N3C2,Cn1nc(C(=O)N[C@H]2C[C@H]3C(=O)Nc4ccccc4N3C2)ccc1=O,3.227320319092925,13,17,0.22432923316955566,0.018323563039302826,0.0783003717660904,0.13118670880794525,0.3209531679749489,0.1194518581032753,0.196641743183136,0.04083474725484848,0.16338028169014085
CC1=NN=C2N1C=CC=C2NC(=O)NC(C3=CC=CC=C3)C(=O)OC,COC(=O)C(NC(=O)Nc1cccn2c(C)nnc12)c1ccccc1,2.78815777405158,11,15,0.41170790791511536,-0.09692677855491638,0.00575157068669796,0.14041313529014587,0.32053270004689693,0.14815296232700348,0.28962743282318115,-0.07298982888460159,0.1977077363896848
COC1=C(C=C2C(=C1)C(=NC=N2)NC(=O)NC3=CC=CC=C3N)OC,COc1cc2ncnc(NC(=O)Nc3ccccc3N)c2cc1OC,2.106807465862449,12,17,0.1788540780544281,0.12054402381181717,0.020491987466812134,0.13685688376426697,0.3198900893330574,0.14610129594802856,0.1255573034286499,0.10544100403785706,0.3305785123966942
CN(C)C1=NOC(=N1)CNC(=O)C2=C(C=CC=N2)OC3=CC=CC=C3,CN(C)c1noc(CNC(=O)c2ncccc2Oc2ccccc2)n1,2.4234281592535662,9,14,0.05130964517593384,0.12044915556907654,0.1481291800737381,0.14596018195152283,0.3198879808187485,0.08171121031045914,0.08798974752426147,0.2130385935306549,0.225
CC1=CC(=CC=C1)C2=C(N=CO2)C(=O)N3CC(C3)N4C=C(N=N4)CO,Cc1cccc(-c2ocnc2C(=O)N2CC(n3cc(CO)nn3)C2)c1,2.7615823304344964,11,16,0.14089177548885345,0.031306877732276917,0.14757147431373596,0.07839550077915192,0.31977012753486633,0.12034048140048981,0.14414167404174805,-0.010477535426616669,0.14713216957605985
COC1=C(C=C(C=C1)C(=O)N)NC(=O)CCC2=NC3=C(N2)C=CC=N3,COc1ccc(C(N)=O)cc1NC(=O)CCc1nc2ncccc2[nH]1,2.202316674963207,12,17,0.26872149109840393,0.20491503179073334,-0.15407989919185638,0.11743997037410736,0.3195566236972809,0.19531342387199402,0.12031958997249603,0.05034723877906799,0.289198606271777
COCC1=NC2=C(O1)CCN(C2)C(=O)C3=CC(=NN3)C4=CC=CC=N4,COCc1nc2c(o1)CCN(C(=O)c1cc(-c3ccccn3)n[nH]1)C2,2.8497684121513522,11,17,-0.053713858127593994,0.12418447434902191,0.24908286333084106,0.01734554022550583,0.319553479552269,0.011776839382946491,-0.010675296187400818,0.14993588626384735,0.16458852867830423
C1COCCN1C(=O)NC2=CC=C(C=C2)C3=C4C(=NC=C3)NC(=O)N4,O=C(Nc1ccc(-c2ccnc3[nH]c(=O)[nH]c23)cc1)N1CCOCC1,2.412059244606569,9,13,0.23347079753875732,-0.04078296571969986,0.12628459930419922,0.12596076726913452,0.3189724311232567,0.09664657711982727,0.24805861711502075,-0.009975864551961422,0.29537366548042704
C1CCN(C1)C2=C(C=C(C=C2)/C=N\NC(=O)C3=CC=NC=C3)[N+](=O)[O-],O=C(N/N=C\c1ccc(N2CCCC2)c([N+](=O)[O-])c1)c1ccncc1,2.2117012361766424,9,13,0.07335390150547028,0.005087133496999741,0.24038779735565186,0.10607585310935974,0.31882883235812187,0.07021620124578476,0.16437408328056335,0.05870453268289566,0.14873417721518986
C1COCCC1C2=CC(=NN2)NC(=O)C3=NOC(=C3)C4=CC=NC=C4,O=C(Nc1cc(C2CCOCC2)[nH]n1)c1cc(-c2ccncc2)on1,2.643058304783711,9,13,0.23003298044204712,0.03657325357198715,0.05218413844704628,0.09252810478210449,0.31879037246108055,0.10064870119094849,0.14499342441558838,0.0705191045999527,0.18059299191374664
COC1=C(C=CC2=C1CNC2=O)NC3=CC(=NC=N3)NC(=O)C4CC4,COc1c(Nc2cc(NC(=O)C3CC3)ncn2)ccc2c1CNC2=O,2.667319275179894,11,16,0.2761304974555969,-0.01818741485476494,0.06058557704091072,0.1416049301624298,0.3185286596417427,0.11227989196777344,0.23100173473358154,0.04543336480855942,0.29936305732484075
COC1=CC(=C(C=C1)OC)CC(=O)NC2=NNC(=N2)C3=CC=CC=N3,COc1ccc(OC)c(CC(=O)Nc2n[nH]c(-c3ccccn3)n2)c1,2.2671820054074114,12,17,0.06846373528242111,0.1160505935549736,0.13374948501586914,0.05595087260007858,0.31826381385326385,0.07307414710521698,0.06197977438569069,0.0993562564253807,0.44150943396226416
CCC1=NOC(=C1)CN(C)C2=NC=CC(=N2)C3=NC=CC(=C3)C(=O)O,CCc1cc(CN(C)c2nccc(-c3cc(C(=O)O)ccn3)n2)on1,2.692618733468084,11,17,0.22701579332351685,0.1951621174812317,-0.10417945683002472,0.15545903146266937,0.3179984539747238,0.18919332325458527,0.10650895535945892,0.13187776505947113,0.2553191489361702
C/C(=C(/C(=O)NC1=CC=CC(=C1)N)\N=NC2=CC=CC(=C2)C(=O)N)/O,C/C(O)=C(\N=Nc1cccc(C(N)=O)c1)C(=O)Nc1cccc(N)c1,2.74930608567497,13,17,0.05576080456376076,0.17451532185077667,0.08770954608917236,0.1333182454109192,0.3179856725037098,0.11082097142934799,0.12634411454200745,0.12118086218833923,0.15161290322580645
CC1=NN=C(O1)C2=CC=CC=C2C(=O)OCC3=NN=C(N3C)C4CC4,Cc1nnc(-c2ccccc2C(=O)OCc2nnc(C3CC3)n2C)o1,2.4668094160249616,9,16,-0.0022989101707935333,0.34715908765792847,-0.026881355792284012,0.140010803937912,0.3179788216948509,0.14667725563049316,0.04772496968507767,0.19065406918525696,0.1620879120879121
CN1C(=C(C(=O)N(C1=O)C)C#N)N2CC3=CC=CC=C3C[C@@H]2C(=O)N,Cn1c(N2Cc3ccccc3C[C@@H]2C(N)=O)c(C#N)c(=O)n(C)c1=O,3.1322396012136497,10,17,-0.022622963413596153,0.11682755500078201,0.2236645519733429,0.09195209294557571,0.31786914356052876,0.05484995245933533,0.020961789414286613,0.20726482570171356,0.24331550802139038
CC1=NC=C(C=C1)OCC2=CC(=NO2)C(=O)NCC3=NC=C(N=C3)C,Cc1ccc(OCc2cc(C(=O)NCc3cnc(C)cn3)no2)cn1,2.504951236176641,11,17,0.11324195563793182,0.2470836490392685,-0.042535100132226944,0.09225833415985107,0.3177905045449734,0.13341379165649414,0.07516415417194366,0.11174974590539932,0.17378048780487804
CC1=NC=NC=C1C2=NN=C(O2)[C@H]3CCCN(C3)C(=O)C4=CC=CO4,Cc1ncncc1-c1nnc([C@H]2CCCN(C(=O)c3ccco3)C2)o1,3.097561261785147,11,17,-0.09172617644071579,0.29846101999282837,0.11072072386741638,0.1275719702243805,0.31745556741952896,0.12786293029785156,0.004425939172506332,0.2052433043718338,0.15228426395939088
CN(C)C(=O)C1=NC(=C2C(=C1)C(=O)N(C=N2)CCO)C3=CN=CC=C3,CN(C)C(=O)c1cc2c(=O)n(CCO)cnc2c(-c2cccnc2)n1,2.587154752660158,10,16,-0.023872988298535347,0.1577204018831253,0.18355298042297363,0.09652368724346161,0.3174003940075636,0.0549846850335598,0.05791892856359482,0.1770617514848709,0.3050314465408805
CC1=CC=C(C=C1)NC(=O)CCC(=O)NC2=NC3=C(C=C2)NC(=O)N3,Cc1ccc(NC(=O)CCC(=O)Nc2ccc3[nH]c(=O)[nH]c3n2)cc1,2.2149693293510744,11,15,0.2884373664855957,0.10502933710813522,-0.0764346718788147,0.15865403413772583,0.31703203171491623,0.1708957850933075,0.19608303904533386,0.05074310302734375,0.3333333333333333
C1CCC2=C(C1)C(=NO2)C(=O)NCCN3C(=O)C4=CC=CC=C4N=N3,O=C(NCCn1nnc2ccccc2c1=O)c1noc2c1CCCC2,2.455386325744609,11,17,0.11627630889415741,0.25724440813064575,-0.05655980855226517,0.12655888497829437,0.316960908472538,0.19468998908996582,0.047358982264995575,0.12218458205461502,0.1485148514851485
CC1=NC(=NO1)C2=CC=CC=C2OC3CN(C3)C(=O)C4=CC=NN4C,Cc1nc(-c2ccccc2OC2CN(C(=O)c3ccnn3C)C2)no1,2.5492973900227973,10,16,0.1384560614824295,-0.21991834044456482,0.39832788705825806,0.03396926820278168,0.31686560809612274,-0.06648989021778107,0.23095962405204773,0.004756483249366283,0.2976878612716763
CCOC1=CC2=C(C=C1)OCC(C2)C(=O)NC3=NN4C=CC=NC4=N3,CCOc1ccc2c(c1)CC(C(=O)Nc1nc3ncccn3n1)CO2,3.0160036221644937,12,17,0.1379917412996292,0.12729397416114807,0.051563575863838196,0.0477871336042881,0.3168492913246155,0.0810021385550499,0.0630321204662323,0.09837286174297333,0.39925373134328357
CC1=C(C(=O)N2C(=N1)N=CN2)CCC(=O)NC3=CC=C(C=C3)C(=O)C,CC(=O)c1ccc(NC(=O)CCc2c(C)nc3nc[nH]n3c2=O)cc1,2.424033214198621,9,15,0.0670849084854126,0.2170303761959076,0.03196021169424057,0.12094438076019287,0.31607549637556076,0.1512673944234848,0.07023033499717712,0.12179167568683624,0.2692307692307692
C1CN(CCC1N2C3=CC=CC=C3NC2=O)C(=O)C4=NNC(=O)C=C4,O=C(c1ccc(=O)[nH]n1)N1CCC(n2c(=O)[nH]c3ccccc32)CC1,2.391524313099719,11,15,0.10297814011573792,0.14715668559074402,0.0656193345785141,0.10092009603977203,0.31575416028499603,0.13148640096187592,0.0904594287276268,0.08187514543533325,0.17732558139534885
COC1=C(C=C(C=C1)CC(=O)NC2=NNC(=N2)C3=CC=NC=C3)OC,COc1ccc(CC(=O)Nc2n[nH]c(-c3ccncc3)n2)cc1OC,2.2030916207920264,10,15,0.10245873034000397,0.07442203164100647,0.13864409923553467,0.07002002000808716,0.3155248612165451,0.07549858093261719,0.09785768389701843,0.08257695287466049,0.483739837398374
CCN(CC1=CC=CC=N1)C(=O)C2=NC3=C(C(=C2)C)C(=O)NC(=O)N3,CCN(Cc1ccccn1)C(=O)c1cc(C)c2c(=O)[nH]c(=O)[nH]c2n1,2.6388958515612586,11,17,0.20928096771240234,-0.04786007106304169,0.15384012460708618,0.13793455064296722,0.31526102125644684,0.10276684165000916,0.20287291705608368,0.04817288741469383,0.2909090909090909
CC1=CC(=C(C=C1)OC)NC(=O)CN2C(=O)C=CC(=N2)N3C=CC=N3,COc1ccc(C)cc1NC(=O)Cn1nc(-n2cccn2)ccc1=O,2.2419420270758827,12,17,0.09659821540117264,0.19307737052440643,0.025487655773758888,0.06146632879972458,0.31516324169933796,0.12173644453287125,0.08490504324436188,0.042738452553749084,0.2206703910614525
CC1=NC(=NO1)[C@H]2CCCN(C2)C(=O)C(=O)NC3=CC=CC(=C3)C#N,Cc1nc([C@H]2CCCN(C(=O)C(=O)Nc3cccc(C#N)c3)C2)no1,2.950930038406943,11,17,-0.009164417162537575,0.12633240222930908,0.19798529148101807,0.09610763192176819,0.3151532765477896,0.07235022634267807,0.06769220530986786,0.13606172800064087,0.13793103448275862
CC1=C2C=C(C=CC2=NC(=N1)NC3=NC=C(C(=N3)C)C(=O)OC)OC,COC(=O)c1cnc(Nc2nc(C)c3cc(OC)ccc3n2)nc1C,2.3353011262865326,9,17,0.14936628937721252,0.07870972901582718,0.08675800263881683,0.1002112329006195,0.31483402103185654,0.11455772817134857,0.10835713148117065,0.0874633640050888,0.2669172932330827
CC1=CN2C(=NC(=CC2=O)COC(=O)CN(C)C3=NC=CC=N3)C=C1,Cc1ccc2nc(COC(=O)CN(C)c3ncccn3)cc(=O)n2c1,2.5885619620704663,10,16,0.058616992086172104,0.15014231204986572,0.10468702018260956,0.10629822313785553,0.3134463243186474,0.08162560313940048,0.09092888981103897,0.14946256577968597,0.3392226148409894
CC1=C(C(=CC=C1)C(=O)NC2=CN=C3C(=C2)C=NN3C(C)C)[N+](=O)[O-],Cc1cccc(C(=O)Nc2cnc3c(cnn3C(C)C)c2)c1[N+](=O)[O-],2.397057925139853,10,16,0.1435142159461975,-0.03410902991890907,0.20399926602840424,0.0773625522851944,0.3134044520556927,0.053877368569374084,0.20041245222091675,0.0028927046805620193,0.19653179190751446
CC1=NC(=NO1)[C@@H]2CCCN(C2)C(=O)C(=O)NC3=CC=CC(=C3)C#N,Cc1nc([C@@H]2CCCN(C(=O)C(=O)Nc3cccc(C#N)c3)C2)no1,2.950930038406943,11,17,-0.012293163686990738,0.12520727515220642,0.20024004578590393,0.09564884006977081,0.3131541572511196,0.06981286406517029,0.06543993949890137,0.1387174427509308,0.13793103448275862
CC1=NOC2=NC=NC(=C12)NC3CC(=O)N(C3)C4=CC=C(C=C4)OC,COc1ccc(N2CC(Nc3ncnc4onc(C)c34)CC2=O)cc1,2.916660076326771,9,15,0.058613501489162445,0.060724567621946335,0.1936422735452652,0.12648126482963562,0.312980342656374,0.05203283578157425,0.14031779766082764,0.1524527370929718,0.28700906344410876
CN1C(=O)C=CC(=N1)C(=O)N[C@H]2C[C@@H]3C(=O)NC4=CC=CC=C4N3C2,Cn1nc(C(=O)N[C@H]2C[C@@H]3C(=O)Nc4ccccc4N3C2)ccc1=O,3.227320319092925,13,17,0.21685834228992462,0.026837075129151344,0.06899718195199966,0.12870436906814575,0.31269259937107563,0.12157617509365082,0.18624696135520935,0.04127946496009827,0.16338028169014085
CC(C)OC1=CC(=NC=C1C#N)NC(=O)N(C)C2=CC=CC(=N2)C=O,CC(C)Oc1cc(NC(=O)N(C)c2cccc(C=O)n2)ncc1C#N,2.948578326477646,10,16,0.3289492130279541,-0.12970702350139618,0.11305958777666092,0.11986692994832993,0.31230177730321884,0.0956692099571228,0.2678792476654053,-0.021634161472320557,0.25333333333333335
CC(C)N1C(=CC=N1)C2=NN=C(O2)NC(=O)C3=CC=C(C=C3)C(=O)C,CC(=O)c1ccc(C(=O)Nc2nnc(-c3ccnn3C(C)C)o2)cc1,2.379901565846973,8,14,0.16752682626247406,0.0997152179479599,0.0449085608124733,0.09063396602869034,0.31215060502290726,0.13822224736213684,0.12309098243713379,0.027758192270994186,0.16802168021680217
CC1=CC(=C2C=C(C=CC2=N1)[N+](=O)[O-])NC(=O)C3=CC=NN3C(C)C,Cc1cc(NC(=O)c2ccnn2C(C)C)c2cc([N+](=O)[O-])ccc2n1,2.43233752380206,10,16,0.25077393651008606,-0.039182234555482864,0.10055498033761978,0.08990408480167389,0.312146682292223,0.10745474696159363,0.20279058814048767,-0.022108502686023712,0.1529745042492918
CC1=C(C(=NN1C)C)CC(=O)NC2=NC3=C(C=C2)C=C(C=C3)[N+](=O)[O-],Cc1nn(C)c(C)c1CC(=O)Nc1ccc2cc([N+](=O)[O-])ccc2n1,2.2994846809926948,10,17,0.10389544069766998,-0.06431889533996582,0.2725319266319275,0.05801500007510185,0.31210847198963165,-0.003619731403887272,0.16713279485702515,0.06706435978412628,0.2127659574468085
CC1=CC(=NN1)C(=O)N2CCOC[C@H]2C3=NOC(=N3)C4=CC=CC=C4,Cc1cc(C(=O)N2CCOC[C@H]2c2noc(-c3ccccc3)n2)n[nH]1,3.0590291226913635,10,15,-0.0007511232979595661,0.16053487360477448,0.15208014845848083,0.05480758100748062,0.31186389876529574,0.05056425929069519,0.07759664952754974,0.0952410027384758,0.19047619047619047
C1C(CC1NC(=O)CC2=NOC3=CC=CC=C32)C4=CC(=O)NC(=N4)N,Nc1nc(C2CC(NC(=O)Cc3noc4ccccc34)C2)cc(=O)[nH]1,2.8041114745298383,12,16,0.39973554015159607,0.11103115975856781,-0.19891203939914703,0.19514548778533936,0.31185466051101685,0.2408110648393631,0.23516055941581726,0.009395229630172253,0.2807570977917981
CC(CC1=NC(=NO1)C2=CC=C(C=C2)N3CCOC3=O)N4C=CC=N4,CC(Cc1nc(-c2ccc(N3CCOC3=O)cc2)no1)n1cccn1,3.1011688487187623,10,15,-0.04808695614337921,0.298667848110199,0.06123330444097519,0.09375821799039841,0.31181419640779495,0.10992991924285889,-0.007662270218133926,0.1961495727300644,0.21428571428571427
CC1=CC(=NC2=NC(=NN12)C(=O)NC3=CC=CC(=C3C)C(=O)OC)C,COC(=O)c1cccc(NC(=O)c2nc3nc(C)cc(C)n3n2)c1C,2.2846873565779795,9,17,0.35526061058044434,-0.028637778013944626,-0.015145722776651382,0.13766148686408997,0.3114771097898483,0.1850365698337555,0.23843850195407867,-0.04787515103816986,0.1782477341389728
CC1=CC=C(C=C1)NC(=O)NNC(=O)C2CC(=NO2)C3=CN=CC=C3,Cc1ccc(NC(=O)NNC(=O)C2CC(c3cccnc3)=NO2)cc1,2.779658153249848,12,15,0.2563665509223938,0.014610109850764275,0.04036015272140503,0.10950294882059097,0.3113368134945631,0.09835787117481232,0.18992267549037933,0.041083768010139465,0.15988372093023256
COC1=CC(=C(C=C1)C(=O)NCC2=CN(N=N2)C3=CC=NC=C3)OC,COc1ccc(C(=O)NCc2cn(-c3ccncc3)nn2)c(OC)c1,2.2050685438689506,10,15,0.06570224463939667,0.06700314581394196,0.17862339317798615,0.051497071981430054,0.31132878363132477,0.014675179496407509,0.10209851711988449,0.11075054854154587,0.17665615141955837
CCOC(=O)C1=C2CN3C(=C(N=N3)C)C4=C(N2C=N1)C=CC(=C4)CO,CCOC(=O)c1ncn2c1Cn1nnc(C)c1-c1cc(CO)ccc1-2,3.022570629459416,10,17,0.3079187870025635,-0.052449584007263184,0.05559029430150986,0.0765431746840477,0.31105949729681015,0.09885357320308685,0.2054714560508728,-0.03389204293489456,0.1630695443645084
CN1C=C(C(=O)NC1=O)C(=O)NC(CN2C=CC=N2)C3=CC=CC=C3,Cn1cc(C(=O)NC(Cn2cccn2)c2ccccc2)c(=O)[nH]c1=O,2.8821770589919904,12,15,0.18675242364406586,-0.014534411951899529,0.13869255781173706,0.13350501656532288,0.3109105695039034,0.10731002688407898,0.1737915575504303,0.06804321706295013,0.20958083832335328
C[C@H](C1=NN=C(O1)C2=CC=CC=C2)OC(=O)CN(C)C3=NC=CC=N3,C[C@@H](OC(=O)CN(C)c1ncccn1)c1nnc(-c2ccccc2)o1,2.903606230172924,9,14,0.09226281195878983,0.11964835971593857,0.09850526601076126,0.15023091435432434,0.31041643768548965,0.11309850215911865,0.13327616453170776,0.1370026171207428,0.28173374613003094
CCOC1=NC=C(C=N1)C#CC2=CC(=NO2)CN3C=CN=C3[C@H](C)O,CCOc1ncc(C#Cc2cc(Cn3ccnc3[C@H](C)O)no2)cn1,3.649531230172924,10,16,0.18958130478858948,0.0360286682844162,0.08451566845178604,0.10711528360843658,0.3101256415247917,0.07776050269603729,0.1722785383462906,0.07764844596385956,0.12742382271468145
COC1=NC=C(C=C1)CNC(=O)NNC(=O)C2=CNC3=CC=CC=C32,COc1ccc(CNC(=O)NNC(=O)c2c[nH]c3ccccc23)cn1,2.2076320054074117,14,17,0.372556209564209,0.058028340339660645,-0.12052296847105026,0.1802540123462677,0.31006158143281937,0.2224201261997223,0.2143671214580536,0.019592581316828728,0.19649122807017544
CCOC1=CC=C(C=C1)NC(=O)COC2=CC=C(C=C2)N3C=NN=N3,CCOc1ccc(NC(=O)COc2ccc(-n3cnnn3)cc2)cc1,1.9252038178415525,9,13,0.14125283062458038,0.005000339820981026,0.16373756527900696,0.11501484364271164,0.30999073572456837,0.04589593783020973,0.17615418136119843,0.10470219701528549,0.24175824175824176
CCCC1=NC(=NO1)C(C2=CC=CC=C2)NC3=C(C=CC=N3)[N+](=O)[O-],CCCc1nc(C(Nc2ncccc2[N+](=O)[O-])c2ccccc2)no1,2.9374139224806157,11,15,0.10905498266220093,0.28668391704559326,-0.08575879037380219,0.1615365743637085,0.309980109333992,0.19753029942512512,0.09472409635782242,0.12818299233913422,0.15803814713896458
CC1=C(N=NN1C2=CC=CC3=C2N=CC=C3)C(=O)OCC(=O)N(C)C,Cc1c(C(=O)OCC(=O)N(C)C)nnn1-c1cccc2cccnc12,2.388280466945874,9,16,0.006072791293263435,0.2141396701335907,0.0897611528635025,0.10177402198314667,0.30997361429035664,0.06366477906703949,0.05837610736489296,0.198038712143898,0.15126050420168066
CC1=CN=C(N=C1C2=C(C=C(C=C2)C(=O)O)OC)NC3=CN(N=C3)C,COc1cc(C(=O)O)ccc1-c1nc(Nc2cnn(C)c2)ncc1C,2.391771675737081,11,17,-0.0564500167965889,0.14222386479377747,0.2241692841053009,0.07319102436304092,0.30994313210248947,0.019487278535962105,0.06328866630792618,0.17509528994560242,0.3458904109589041
CCOC1=NC=CN2C1=NN=C2CNC(=O)C3=CC=C(C=C3)C(=O)C,CCOc1nccn2c(CNC(=O)c3ccc(C(C)=O)cc3)nnc12,2.3025725796219305,9,15,0.0021149409003555775,0.1865287721157074,0.12117371708154678,0.025439847260713577,0.30981743009760976,0.049517177045345306,0.035535700619220734,0.0995447188615799,0.1955128205128205
CC1=CC2=C(C=C1)N3C=NC(=C3CN(C2=O)C)C4=NC(=NO4)COC,COCc1noc(-c2ncn3c2CN(C)C(=O)c2cc(C)ccc2-3)n1,2.80663303465985,9,17,-0.14977072179317474,0.18882222473621368,0.2706616222858429,0.04327935725450516,0.30971312522888184,-0.02948623336851597,0.00954585149884224,0.21668247878551483,0.14457831325301204
COC1=CC=CC=C1OCC(=O)NCC2=NC(=NN2)C3=CC=NC=C3,COc1ccccc1OCC(=O)NCc1nc(-c2ccncc2)n[nH]1,2.1716520791692666,11,15,-0.02558581903576851,0.22863230109214783,0.10660600662231445,0.0412316769361496,0.30965248867869377,0.05319469794631004,-0.0002456884831190109,0.1645060032606125,0.39763779527559057
CCOC(=O)C1=CC=C(C=C1)NC(=O)C2=NN3C(=CC(=NC3=N2)C)C,CCOC(=O)c1ccc(NC(=O)c2nc3nc(C)cc(C)n3n2)cc1,2.1550518955173015,8,15,0.16435842216014862,0.11067318916320801,0.03414925932884216,0.09777674078941345,0.3091808706521988,0.12765663862228394,0.10872706025838852,0.07509584724903107,0.196875
CC(=O)NC1=NC=CC(=C1)C#CC2=C(C(=NC=N2)O[C@H]3CCOC3)N,CC(=O)Nc1cc(C#Cc2ncnc(O[C@H]3CCOC3)c2N)ccn1,3.461275460942156,11,17,0.01491350494325161,0.05864713713526726,0.23559020459651947,0.04715682938694954,0.30915084667503834,-0.002697337418794632,0.14054736495018005,0.07135041803121567,0.29652996845425866
C1CN(CC12OCCO2)C3=NC4=C(C=NN4C5=CC=CC=C5)C(=O)N3,O=c1[nH]c(N2CCC3(C2)OCCO3)nc2c1cnn2-c1ccccc1,3.3103983819400753,9,14,0.23105503618717194,-0.18212930858135223,0.26020681858062744,0.05708751082420349,0.30913254618644714,0.014000721275806427,0.2527458369731903,-0.05406197905540466,0.329153605015674
C1CCN(CC1)C2=CC3=C(C=C2)N=C(NC3=O)N4C=C(C=N4)C(=O)O,O=C(O)c1cnn(-c2nc3ccc(N4CCCCC4)cc3c(=O)[nH]2)c1,2.5131743130997197,10,15,0.14211365580558777,-0.08752578496932983,0.2533687949180603,0.10314404964447021,0.30795666575431824,0.027944054454565048,0.22946591675281525,0.03365353122353554,0.24458204334365324
CC1=CC(=CC=C1)NC(=O)CCC(=O)NC2=NC3=C(C=C2)NC(=O)N3,Cc1cccc(NC(=O)CCC(=O)Nc2ccc3[nH]c(=O)[nH]c3n2)c1,2.261502157086719,13,17,0.351767361164093,0.04293980076909065,-0.08679348975419998,0.14321056008338928,0.3079136721789837,0.17610888183116913,0.2314833551645279,-0.016535062342882156,0.33203125
CC(C)(C(=O)O)N1C=C(C=N1)NC(=O)C2=CC=C(C=C2)N3C=CC=N3,CC(C)(C(=O)O)n1cc(NC(=O)c2ccc(-n3cccn3)cc2)cn1,2.4566310163964236,10,14,-0.005666213110089302,0.18905913829803467,0.12432882934808731,0.059648722410202026,0.3077217545360327,0.030327437445521355,0.07215949147939682,0.14168503880500793,0.14857142857142858
CC1=C(C(=NN1)C)NC(=O)COC(=O)C2=CC=C(C=C2)N3C=CC=N3,Cc1n[nH]c(C)c1NC(=O)COC(=O)c1ccc(-n2cccn2)cc1,2.252488505949124,10,15,0.03311101347208023,0.21002592146396637,0.0640975832939148,0.02982243150472641,0.3072345182299614,0.04952549934387207,0.05280882865190506,0.09915894269943237,0.1687116564417178
CC1=C(C=CC=C1OC)C2=C(C=C(N2)C3=NC(=NC=C3)N)OC(=O)N,COc1cccc(-c2[nH]c(-c3ccnc(N)n3)cc2OC(N)=O)c1C,2.833206840572247,11,17,0.30156052112579346,-0.030774151906371117,0.036260589957237244,0.12383417785167694,0.3070469591766596,0.13828164339065552,0.21999263763427734,-0.01390884630382061,0.40077821011673154
CC(C)C1=NOC(=N1)C2=CC(=NC=C2)NCC3=CC=CC=C3[N+](=O)[O-],CC(C)c1noc(-c2ccnc(NCc3ccccc3[N+](=O)[O-])c2)n1,2.4181548114745848,11,16,0.14050231873989105,0.16363835334777832,0.002130732871592045,0.15021321177482605,0.3062714049592614,0.15274249017238617,0.12381748110055923,0.11524653434753418,0.2289156626506024
CN1C(=O)C=CC(=N1)C(=O)N[C@@H]2C[C@@H]3C(=O)NC4=CC=CC=C4N3C2,Cn1nc(C(=O)N[C@@H]2C[C@@H]3C(=O)Nc4ccccc4N3C2)ccc1=O,3.227320319092925,13,17,0.16575902700424194,0.07303903996944427,0.06744855642318726,0.12773862481117249,0.3062466233968735,0.1275337040424347,0.14412406086921692,0.07210700213909149,0.16338028169014085
CN1C2=CC=CC=C2C(=N1)C(=O)N3CC(CN4C=CN=C4C3)C(=O)O,Cn1nc(C(=O)N2Cc3nccn3CC(C(=O)O)C2)c2ccccc21,3.103834480443779,12,17,0.15494711697101593,-0.12817607820034027,0.27941614389419556,0.07811988890171051,0.3061871826648712,0.039193712174892426,0.19540664553642273,0.005279397591948509,0.17403314917127072
COC1=CC=C(C=C1)N2C3=C(C=N2)C(=NC=N3)N4CCCC4C(=O)O,COc1ccc(-n2ncc3c(N4CCCC4C(=O)O)ncnc32)cc1,2.7158908455575403,10,15,-0.09282150864601135,0.13445577025413513,0.2644575238227844,0.09165839850902557,0.3060917854309082,0.03401613235473633,0.0480659157037735,0.1804066151380539,0.2904191616766467
CC1=NC=CN1C2=NC=NC(=C2)NC(=O)C3=C(C=C(C=C3)OC)OC,COc1ccc(C(=O)Nc2cc(-n3ccnc3C)ncn2)c(OC)c1,2.284311257845115,11,17,-0.008080173283815384,0.1472468078136444,0.16676126420497894,0.0933508351445198,0.30592789873480797,0.03483472764492035,0.09499160945415497,0.1625787317752838,0.2413793103448276
CC1=CC(=NO1)NC(=O)C(=O)N2CCC(C2)N3C=C4C=CC=CC4=N3,Cc1cc(NC(=O)C(=O)N2CCC(n3cc4ccccc4n3)C2)no1,3.0867446917113854,12,17,0.20096918940544128,0.06934341788291931,0.03528430312871933,0.13069701194763184,0.3055969104170799,0.1460035741329193,0.16956862807273865,0.03563917428255081,0.16939890710382513
CC1=CC(=C(C=C1)OC)NC(=O)COC2=CC=C(C=C2)N3C=NN=N3,COc1ccc(C)cc1NC(=O)COc1ccc(-n2cnnn2)cc1,1.9899050823304911,10,15,-0.01370377279818058,0.1639382541179657,0.15530234575271606,0.0063441745005548,0.3055368270725012,0.01631050929427147,0.06925394386053085,0.07364572584629059,0.23448275862068965
C1CC(CN(C1)C2=CC(=O)N(C2=O)C3=CC=CC=C3)C4=NN=C(O4)N,Nc1nnc(C2CCCN(C3=CC(=O)N(c4ccccc4)C3=O)C2)o1,3.258229307096001,10,15,-0.04437283053994179,0.40574488043785095,-0.05602431297302246,0.1678154021501541,0.3053477369248867,0.2187638282775879,-0.006577738560736179,0.19705356657505035,0.11891891891891893
CC1=CC=C(C=C1)NC(=O)NNC(=O)[C@@H]2CC(=NO2)C3=CN=CC=C3,Cc1ccc(NC(=O)NNC(=O)[C@@H]2CC(c3cccnc3)=NO2)cc1,2.779658153249848,12,15,0.21668697893619537,0.044597327709198,0.043868981301784515,0.09953004121780396,0.3051532879471779,0.08972541242837906,0.1668860763311386,0.05348615348339081,0.15988372093023256
CCN(CC)C1=C(C(=NC=N1)OC2=CC=CC3=C2N=CC=C3)[N+](=O)[O-],CCN(CC)c1ncnc(Oc2cccc3cccnc23)c1[N+](=O)[O-],2.5038196002069792,9,15,0.1402636617422104,0.10325956344604492,0.060980603098869324,0.17242585122585297,0.30450382828712463,0.14985567331314087,0.16048260033130646,0.10687520354986191,0.2532051282051282
CN1C2=C(C(=O)N(C1=O)C)N(C=N2)C3CCC4=CC=CC=C4NC3=O,Cn1c(=O)c2c(ncn2C2CCc3ccccc3NC2=O)n(C)c1=O,3.0261371642388593,11,17,-0.06357394903898239,0.23158590495586395,0.13649050891399384,0.1162218451499939,0.3045024648308754,0.11779537051916122,0.025537146255373955,0.17294707894325256,0.257396449704142
CC1=C(OC=C1)C(=O)N[C@@H](C)C2=NN3C=NC4=C(C3=N2)C(=C(O4)C)C,Cc1ccoc1C(=O)N[C@@H](C)c1nc2c3c(C)c(C)oc3ncn2n1,3.47092507632677,9,17,0.16948965191841125,-0.002562977373600006,0.13756054639816284,0.1172151118516922,0.3044872209429741,0.06629766523838043,0.21965281665325165,0.04178551211953163,0.18406593406593408
CCOC1=NC(=NC2=NC=C(N=C21)C3=CC=C(C=C3)C(=O)OCC)N,CCOC(=O)c1ccc(-c2cnc3nc(N)nc(OCC)c3n2)cc1,2.3229654290260466,8,15,0.10671399533748627,0.3315887749195099,-0.13443361222743988,0.11081473529338837,0.3038691580295563,0.19004735350608826,0.012677332386374474,0.14646649360656738,0.34965034965034963
COC1=CC2=C(C=C1)N=C3N2[C@H](COC3)CNC(=O)C4=NC=CN=C4,COc1ccc2nc3n(c2c1)[C@@H](CNC(=O)c1cnccn1)COC3,3.1438453502993733,12,17,0.10927772521972656,0.007673640735447407,0.18676775693893433,-0.0016721030697226524,0.3037191228941083,-0.0037698051892220974,0.09904249757528305,0.04738181084394455,0.21068249258160238
CC1=CC=C(C=C1)C2=NNC(=C2)C(=O)N3CCOCC3C4=NOC=N4,Cc1ccc(-c2cc(C(=O)N3CCOCC3c3ncon3)[nH]n2)cc1,3.265304570531195,10,15,-0.08699354529380798,0.21701893210411072,0.17367875576019287,0.024283509701490402,0.3037041425704956,0.04573971778154373,-0.02853444404900074,0.15205562114715576,0.1853932584269663
C1COCCN1C2=NC3=C(C=NN3CC4=CC=NC=C4)C(=C2)C(=O)O,O=C(O)c1cc(N2CCOCC2)nc2c1cnn2Cc1ccncc1,2.387684323637128,8,13,0.04331335425376892,0.07520128041505814,0.1849672794342041,0.1038823202252388,0.30348191410303116,0.06834404170513153,0.11808544397354126,0.10473236441612244,0.22522522522522523
CC1=NOC(=N1)[C@]2(CCN(C2)C(=O)C3=CC(=CC=C3)N4C=CN=C4)O,Cc1noc([C@@]2(O)CCN(C(=O)c3cccc(-n4ccnc4)c3)C2)n1,3.2165331532498476,12,17,0.10708516091108322,0.20232021808624268,-0.006159880664199591,0.08819691836833954,0.3032454983331263,0.12250380963087082,0.10449755191802979,0.07341201603412628,0.12315270935960591
C1=CC(=NC=C1OCCCCC2=CN=C(N=C2)C(=O)O)C3=CC=NN3,O=C(O)c1ncc(CCCCOc2ccc(-c3ccn[nH]3)nc2)cn1,2.690264513310467,12,16,-0.022709449753165245,0.2637115716934204,0.061892978847026825,0.0686098113656044,0.302895100787282,0.10468512773513794,-0.010183155536651611,0.16149447858333588,0.3181818181818182
CN(C)C(=O)C1=CC(=CC=C1)NC(=O)CN2C(=O)N3C=CC=CC3=N2,CN(C)C(=O)c1cccc(NC(=O)Cn2nc3ccccn3c2=O)c1,2.1584264010118073,11,16,0.2765668034553528,0.08367118239402771,-0.057544052600860596,0.14575253427028656,0.3026939332485199,0.15685737133026123,0.17259328067302704,0.06621305644512177,0.2088235294117647
CC1=C2C(=NC=C1)N=C(N2)CN3C(=O)[C@](NC3=O)(C)C4=CC=C(O4)C,Cc1ccc([C@]2(C)NC(=O)N(Cc3nc4nccc(C)c4[nH]3)C2=O)o1,3.3044389224806165,10,17,0.25501248240470886,-0.06382571160793304,0.11125846952199936,0.08693335950374603,0.3024452403187752,0.08804398775100708,0.19633552432060242,-0.006108183413743973,0.16445623342175067
CCCC1=NOC(=C1)CNC2=NC=CC(=N2)C3=NC=CC(=C3)C(=O)O,CCCc1cc(CNc2nccc(-c3cc(C(=O)O)ccn3)n2)on1,2.5679531592535643,12,17,0.22911719977855682,0.3381120264530182,-0.26481667160987854,0.17784765362739563,0.30241255462169647,0.25308677554130554,0.0638926774263382,0.16975253820419312,0.2639751552795031
COC1=CC=C(N2C1=NC(=N2)C3(CC3)CO)C(=O)CC4=NC=CN=C4,COc1ccc(C(=O)Cc2cnccn2)n2nc(C3(CO)CC3)nc12,3.111788614291486,10,16,0.18547677993774414,-0.1161358654499054,0.23279568552970886,0.06384211778640747,0.3021366000175476,0.043887726962566376,0.18608981370925903,-0.004150670021772385,0.2222222222222222
CC(C)C1=CN=C(C=C1)C2=NC(=NO2)C3=CN(C(=O)NC3=O)C4CC4,CC(C)c1ccc(-c2nc(-c3cn(C4CC4)c(=O)[nH]c3=O)no2)nc1,2.6789171702425776,9,15,0.2108669877052307,0.1766793429851532,-0.08559562265872955,0.1326492428779602,0.30195070803165436,0.199114590883255,0.08975435793399811,0.0895363986492157,0.26988636363636365
CC1=CC(=O)N(N=C1C)CC(=O)NCC2=NN=C(O2)C3=CC=CC=C3,Cc1cc(=O)n(CC(=O)NCc2nnc(-c3ccccc3)o2)nc1C,2.299852102915537,9,15,0.042534053325653076,0.10502724349498749,0.1542847901582718,0.1154320240020752,0.30184608697891235,0.0568532757461071,0.15473812818527222,0.10589348524808884,0.19559228650137742
CNC(=O)NC1=CN=C2C=CC(=NC2=N1)C3=CC(=C(C=C3)OC)OC,CNC(=O)Nc1cnc2ccc(-c3ccc(OC)c(OC)c3)nc2n1,2.3252451690043774,11,17,0.18858058750629425,0.15059441328048706,-0.03740150108933449,0.10424932092428207,0.3017734996974468,0.14163672924041748,0.1301087737083435,0.05000266432762146,0.43137254901960786
CN1C(=C(C(=O)N(C1=O)C)C#N)NC2=CC=C(C=C2)N3CCCC3=O,Cn1c(Nc2ccc(N3CCCC3=O)cc2)c(C#N)c(=O)n(C)c1=O,2.4494224736348365,8,15,-0.029473934322595596,-0.0329115204513073,0.36402517557144165,0.08705545216798782,0.30163972079753876,-0.008694607764482498,0.11013999581336975,0.15052273869514465,0.2619047619047619
COC1=CC(=C(C=C1)OC)CNC(=O)C2=CC(=CC=C2)N3C=NN=N3,COc1ccc(OC)c(CNC(=O)c2cccc(-n3cnnn3)c2)c1,2.058597390022795,12,17,0.09432294964790344,0.20973831415176392,-0.0027355030179023743,0.059451766312122345,0.301325760781765,0.11630859971046448,0.06700673699378967,0.0651351809501648,0.16494845360824742
CC1=CC(=C(C=C1)OC)NC(=O)COC2=CC=CC(=C2)N3C=NN=N3,COc1ccc(C)cc1NC(=O)COc1cccc(-n2cnnn2)c1,2.0530396977151053,12,17,0.08786675333976746,0.07633188366889954,0.1370251476764679,-0.015718527138233185,0.3012237846851349,0.018474310636520386,0.09035474061965942,0.011575063690543175,0.2328767123287671
CC1=C(C=C2C(=N1)N(C(=N2)C)CC3=CC=C(C=C3)[N+](=O)[O-])NC(=O)C,CC(=O)Nc1cc2nc(C)n(Cc3ccc([N+](=O)[O-])cc3)c2nc1C,2.3327475572468757,8,15,0.15825200080871582,-0.059336960315704346,0.202235147356987,0.08446472883224487,0.3011501878499985,0.02067301794886589,0.2236766666173935,0.01792008802294731,0.21630094043887146
CC(C)(C)C1=CC=[N+](C=C1)C2=C(C(=O)N(C2=O)NC3=NC=CC=N3)[O-],CC(C)(C)c1cc[n+](C2=C([O-])C(=O)N(Nc3ncccn3)C2=O)cc1,3.473947557246877,6,12,0.06578680872917175,0.16425514221191406,0.07091649621725082,0.09209578484296799,0.30095844715833664,0.1252187192440033,-0.00810229405760765,0.1699364185333252,0.1903409090909091
CN1C=C(C(=O)N(C1=O)C)C2=C3COCC(N3N=N2)C4=CC=CC=C4,Cn1cc(-c2nnn3c2COCC3c2ccccc2)c(=O)n(C)c1=O,3.341017145665882,9,15,0.004808064550161362,-0.08937417715787888,0.38543248176574707,0.03011414036154747,0.30086636915802956,-0.019925860688090324,0.10374146699905396,0.058988168835639954,0.21079691516709512
CC1=CC=C(C=C1)CNC(=O)C2=C(NN=C2)NC(=O)C3=CC(=NO3)C,Cc1ccc(CNC(=O)c2cn[nH]c2NC(=O)c2cc(C)no2)cc1,2.4454902394269133,10,15,0.3017503023147583,-0.07497511804103851,0.07384680211544037,0.08156411349773407,0.30062198638916016,0.08650945127010345,0.18575143814086914,0.0016108304262161255,0.11898016997167139
CC(C)OC1=CC=C(C=C1)C(=O)NNC(=O)C2=CC3=NNN=C3C=C2,CC(C)Oc1ccc(C(=O)NNC(=O)c2ccc3n[nH]nc3c2)cc1,2.165021767054217,10,14,0.30277183651924133,0.11827561259269714,-0.12047916650772095,0.11198820173740387,0.30056828260421753,0.20759977400302887,0.12398842722177505,0.0036553358659148216,0.22568093385214008
CCN1C2=CC=CC=C2N=C1CNC(=O)NC3=CC(=CC=C3)[N+](=O)[O-],CCn1c(CNC(=O)Nc2cccc([N+](=O)[O-])c2)nc2ccccc21,2.033894789806112,13,17,0.3112678825855255,-0.10032574832439423,0.08929451555013657,0.11839068681001663,0.30023664981126785,0.1081213727593422,0.24046233296394348,-0.018606556579470634,0.16346153846153846
C[C@@H](C(=O)N/N=C\C1=C(C(=CC=C1)OC)O)N2C3=CC=CC=C3N=N2,COc1cccc(/C=N\NC(=O)[C@H](C)n2nnc3ccccc32)c1O,2.8150758672260103,13,17,0.27379554510116577,0.10126356780529022,-0.0749666690826416,0.15012440085411072,0.3000924438238144,0.19790393114089966,0.18577733635902405,0.00890851765871048,0.18461538461538463
CCOC1=CC=C(C=C1)OCC(=O)NC2=CN=C(C=C2)N3C=NN=C3,CCOc1ccc(OCC(=O)Nc2ccc(-n3cnnc3)nc2)cc1,2.202062405828908,10,14,0.19857582449913025,0.0026256139390170574,0.0986797958612442,0.11310410499572754,0.2998812342993915,0.0723041296005249,0.19400545954704285,0.05360563471913338,0.2775800711743772
CC(=O)NC1=CC=C(C=C1)[C@H]2[C@@]3([C@@]2(C(N=C3N)(OC)OC)C#N)C#N,COC1(OC)N=C(N)[C@]2(C#N)[C@H](c3ccc(NC(C)=O)cc3)[C@@]12C#N,3.9068329436262186,7,14,-0.018811501562595367,-0.09350588172674179,0.4120955765247345,0.014932317659258842,0.29977819323539734,-0.09875303506851196,0.17377302050590515,0.07076668739318848,0.1536231884057971
CC1=C2C(=NC=C1)N=C(N2)C(=O)N/N=C/C3=CC(=C(C=C3)OC)OC,COc1ccc(/C=N/NC(=O)c2nc3nccc(C)c3[nH]2)cc1OC,2.482972362937206,11,17,0.1334950029850006,-0.043424125760793686,0.20963822305202484,0.09207980334758759,0.29970910027623177,0.0467798225581646,0.1823539137840271,0.04869465157389641,0.24468085106382978
CC1=NON=C1CNC2=NC=CN(C2=O)C(C3=CC=CC=C3)C(=O)C,CC(=O)C(c1ccccc1)n1ccnc(NCc2nonc2C)c1=O,3.1773673081794254,10,15,0.050486933439970016,0.07521956413984299,0.17395538091659546,0.07687157392501831,0.29966187849640846,0.04472553730010986,0.14163218438625336,0.06885753571987152,0.16483516483516483
COC1=CC=CC(=C1)CNC(=O)CN2C(=O)N(N=N2)C3=CC=CC=C3,COc1cccc(CNC(=O)Cn2nnn(-c3ccccc3)c2=O)c1,2.026535851561256,11,15,0.19125522673130035,0.047626808285713196,0.06071750447154045,0.0880662128329277,0.299599539488554,0.12011206150054932,0.13848431408405304,0.02318880334496498,0.1863905325443787
CC(=O)NC1=CC=C(C=C1)[C@H]2[C@@]3([C@]2(C(N=C3N)(OC)OC)C#N)C#N,COC1(OC)N=C(N)[C@]2(C#N)[C@H](c3ccc(NC(C)=O)cc3)[C@]12C#N,3.9068329436262186,7,14,-0.02013493701815605,-0.09500300884246826,0.4141366183757782,0.012410594150424004,0.2989986725151539,-0.10310401022434235,0.17444351315498352,0.0706118792295456,0.1536231884057971
C1C[C@@H](OC1)CN2C3=NC(=NC(=C3NC2=O)C(=O)N)C4=CC=CC=C4,NC(=O)c1nc(-c2ccccc2)nc2c1[nH]c(=O)n2C[C@H]1CCCO1,2.8579619994036936,10,15,0.17256243526935577,0.0622006356716156,0.06384345889091492,0.09007394313812256,0.2986065298318863,0.10197925567626953,0.19343113899230957,-0.011874248273670673,0.30745341614906835
C1=CC(=NC2=C1C=CN2)CNC(=O)NC3=CC=C(C=C3)OCC(=O)N,NC(=O)COc1ccc(NC(=O)NCc2ccc3cc[nH]c3n2)cc1,2.2913993130997206,12,15,0.08285713195800781,0.10433045029640198,0.11138667166233063,0.08419820666313171,0.2985742539167404,0.053725264966487885,0.11695657670497894,0.11543025076389313,0.32342007434944237
CC1=NC2=C(C=CC=C2OC3=NC=NC(=C3[N+](=O)[O-])NC(C)C)C=C1,Cc1ccc2cccc(Oc3ncnc(NC(C)C)c3[N+](=O)[O-])c2n1,2.506487060352466,10,16,0.2577759027481079,-0.010723678395152092,0.05139072984457016,0.15585312247276306,0.298442954197526,0.1444000005722046,0.2564270794391632,-0.013070809654891491,0.2555205047318612
CCN1C(=C(C=N1)NC(=O)C2=CC(=NN2)C3=CC4=C(C=C3)OCO4)C,CCn1ncc(NC(=O)c2cc(-c3ccc4c(c3)OCO4)n[nH]2)c1C,2.479997390022797,11,17,0.16623607277870178,-0.08844080567359924,0.22053487598896027,0.021410532295703888,0.2983301430940628,0.024759333580732346,0.13204127550125122,0.014837183058261871,0.24107142857142858
CC(C1=CC=NC=C1)NC(=O)NC2=CNC3=C(C2=O)N=C(C=C3)OC,COc1ccc2[nH]cc(NC(=O)NC(C)c3ccncc3)c(=O)c2n1,2.9767852930114937,11,15,0.37376779317855835,-0.11155304312705994,0.03603193908929825,0.10937680304050446,0.29824668914079666,0.1475885510444641,0.19587409496307373,-0.04177752882242203,0.209375
C[C@@H](C1=NN=C(O1)C2=CC=CC=C2)OC(=O)CN(C)C3=NC=CC=N3,C[C@H](OC(=O)CN(C)c1ncccn1)c1nnc(-c2ccccc2)o1,2.903606230172924,9,14,0.09164220094680786,0.10760008543729782,0.09891605377197266,0.14528918266296387,0.29815834015607834,0.1051405519247055,0.13387858867645264,0.13068917393684387,0.28173374613003094
CC(=O)NC1=CC=C(C=C1)[C@@H]2[C@@]3([C@]2(C(N=C3N)(OC)OC)C#N)C#N,COC1(OC)N=C(N)[C@]2(C#N)[C@@H](c3ccc(NC(C)=O)cc3)[C@]12C#N,3.9068329436262186,7,14,-0.011925045400857925,-0.10344596952199936,0.41346657276153564,0.01209009438753128,0.29809555783867836,-0.09939047694206238,0.1790153682231903,0.059456463903188705,0.1536231884057971
C1C[C@H](OC1)CNC(=O)C2=C3C(=O)NC(=CN3N=N2)C4=CC=CC=C4,O=C(NC[C@@H]1CCCO1)c1nnn2cc(-c3ccccc3)[nH]c(=O)c12,3.1144327054100165,11,15,0.19806303083896637,0.009726075455546379,0.09003040194511414,0.10414453595876694,0.2978195082396269,0.1094130277633667,0.17693956196308136,0.016854146495461464,0.25787965616045844
CC1=CC(=C(C=C1)C)N2C(=O)CN3C2=NC4=C3C(=O)N(C(=O)N4C)C,Cc1ccc(C)c(N2C(=O)Cn3c2nc2c3c(=O)n(C)c(=O)n2C)c1,2.647360738439085,8,17,0.016081133857369423,0.12514516711235046,0.15658622980117798,0.0864713191986084,0.29781253077089787,0.05494769662618637,0.0753142386674881,0.14534729719161987,0.3333333333333333
COCCNC1=C(C(=NC=N1)NC2=CC=CC3=CC=CC=C32)[N+](=O)[O-],COCCNc1ncnc(Nc2cccc3ccccc23)c1[N+](=O)[O-],2.2147877746381806,13,17,0.24758845567703247,-0.048853080719709396,0.09889821708202362,0.14238546788692474,0.2976335920393467,0.09959707409143448,0.25401100516319275,0.014374218881130219,0.23741007194244604
C[C@H]1CN(C2=C(N1C(=O)C)C=CC(=C2)C3=CN(N=C3)CC#N)C(=O)O,CC(=O)N1c2ccc(-c3cnn(CC#N)c3)cc2N(C(=O)O)C[C@@H]1C,3.3959349091026896,11,17,0.07514648139476776,-0.046572450548410416,0.26898854970932007,0.05719132721424103,0.2975625805556774,-0.000698610208928585,0.1750146746635437,0.038815416395664215,0.20625
CCC1=NOC(=N1)C2=C3CN(C(=O)C4=C(N3C=N2)C=CC=C4OC)C,CCc1noc(-c2ncn3c2CN(C)C(=O)c2c(OC)cccc2-3)n1,2.8376269674875854,9,17,0.04164806753396988,0.19833889603614807,0.05750330537557602,0.072130486369133,0.29749026894569397,0.08648984879255295,0.013057459145784378,0.16424047946929932,0.18615751789976134
COC1=C(C=C(C=C1)/C=N/NC(=O)CN2C3=CC=CC=C3N=N2)OC,COc1ccc(/C=N/NC(=O)Cn2nnc3ccccc32)cc1OC,2.0849243130997177,12,17,0.1466401070356369,0.16415990889072418,-0.013411248102784157,0.10288231074810028,0.2973887678235769,0.12828239798545837,0.1344049721956253,0.049090947955846786,0.18874172185430463
CC1=C(NC(=C1CCC(=O)O)C)C=C2C(=NNC2=O)C3=CN=CN=C3,Cc1[nH]c(C=C2C(=O)NN=C2c2cncnc2)c(C)c1CCC(=O)O,3.06128266474807,10,16,0.10914622992277145,0.155847430229187,0.03208301216363907,0.11186781525611877,0.29707667231559753,0.1132214218378067,0.09397207945585251,0.12255383282899857,0.16761363636363635
C1=CC=C2C(=C1)C(=O)N(C=N2)CCC(=O)NCCN3C=NC=CC3=O,O=C(CCn1cnc2ccccc2c1=O)NCCn1cnccc1=O,2.271597390022796,13,17,0.2491942048072815,0.15381120145320892,-0.10593463480472565,0.14792810380458832,0.29707077145576477,0.17827296257019043,0.16376397013664246,0.07847235351800919,0.2868217054263566
COC1=NC=C(C=C1)NC(=O)C2=NN(C(C2)C(=O)N)C3=CC=CC=C3,COc1ccc(NC(=O)C2=NN(c3ccccc3)C(C(N)=O)C2)cn1,2.747910320097084,11,15,0.22843118011951447,0.0479162260890007,0.02043253555893898,0.13833355903625488,0.29677994176745415,0.12574492394924164,0.19144277274608612,0.05538883060216904,0.1887905604719764
C1C[C@@H](OC1)CNC(=O)C2=C3C(=O)NC(=CN3N=N2)C4=CC=CC=C4,O=C(NC[C@H]1CCCO1)c1nnn2cc(-c3ccccc3)[nH]c(=O)c12,3.1144327054100165,11,15,0.19384996592998505,0.013904798775911331,0.08889994025230408,0.10151231288909912,0.29665470495820045,0.10790960490703583,0.17300860583782196,0.017799535766243935,0.25787965616045844
C/C(=C(/C(=O)NC1=CC=C(C=C1)N)\N=NC2=CC=CC(=C2)C(=O)N)/O,C/C(O)=C(\N=Nc1cccc(C(N)=O)c1)C(=O)Nc1ccc(N)cc1,2.7005696308254716,11,15,-0.008053572848439217,0.22500881552696228,0.07957068830728531,0.13094715774059296,0.2965259309858084,0.10955464094877243,0.07843539118766785,0.15721802413463593,0.1525974025974026
COC1=CC=C(C=C1)C2(CCN(C2)C3=CN=CC4=NC=NN34)C(=O)O,COc1ccc(C2(C(=O)O)CCN(c3cncc4ncnn34)C2)cc1,3.3557158455575395,10,15,0.17463397979736328,-0.09959305822849274,0.22139786183834076,0.07216496020555496,0.2964387834072113,0.03281071409583092,0.18702375888824463,0.014360293745994568,0.26176470588235295
COC1=CC(=NC(=N1)OC2=C(N=CC=C2)CNC3=CC=CC=N3)OC,COc1cc(OC)nc(Oc2cccnc2CNc2ccccn2)n1,2.5856767367035136,11,15,0.2738977372646332,-0.04250738397240639,0.06492644548416138,0.12008509039878845,0.29631679877638817,0.11593730747699738,0.21575266122817993,0.006026790477335453,0.23809523809523808
COC1=CC=CC=C1NCC(=O)NNC(=O)C2=NNC3=CC=CC=C32,COc1ccccc1NCC(=O)NNC(=O)c1n[nH]c2ccccc12,2.1033146977151045,14,17,0.1556602269411087,0.2350042462348938,-0.09509836882352829,0.133233442902565,0.2955661043524742,0.20040485262870789,0.07080434262752533,0.09062021225690842,0.2161290322580645
CC(=O)NC1=CC=C(C=C1)[C@@H]2[C@@]3([C@@]2(C(N=C3N)(OC)OC)C#N)C#N,COC1(OC)N=C(N)[C@]2(C#N)[C@@H](c3ccc(NC(C)=O)cc3)[C@@]12C#N,3.9068329436262186,7,14,-0.010382689535617828,-0.10561057180166245,0.4112955331802368,0.013161145150661469,0.29530227184295654,-0.09640021622180939,0.17836663126945496,0.056860193610191345,0.1536231884057971
CCOC1=NC(=NC2=NC=C(N=C21)C3=CC(=CC=C3)C(=O)OCC)N,CCOC(=O)c1cccc(-c2cnc3nc(N)nc(OCC)c3n2)c1,2.3796039989068696,10,17,0.13183870911598206,0.31551408767700195,-0.15259793400764465,0.11177393049001694,0.29475486278533936,0.19176746904850006,0.03399801626801491,0.12412069737911224,0.3472222222222222
COC1=CC(=C(C=C1)C(=O)NCC2=CN(N=N2)C3=CN=CC=C3)OC,COc1ccc(C(=O)NCc2cn(-c3cccnc3)nn2)c(OC)c1,2.2164377746381803,12,17,-0.028207097202539444,0.17783291637897491,0.1451111137866974,0.02556554228067398,0.29473693296313286,0.003177586942911148,0.024914316833019257,0.15582887828350067,0.17846153846153845
C[C@@H]1CN(C[C@@H](O1)C2=NC(=NO2)C)C(=O)C3=NC4=CC=CC=C4N=C3,Cc1noc([C@H]2CN(C(=O)c3cnc4ccccc4n3)C[C@@H](C)O2)n1,3.3263768196346373,11,17,0.2236911952495575,0.006087667308747768,0.06480433791875839,0.09451648592948914,0.29458320047706366,0.11365491151809692,0.20139452815055847,-0.023193756118416786,0.13054830287206268
COC1=C(C=CC=N1)NC(=O)C2=NN([C@H](C2)C(=O)N)C3=CC=CC=C3,COc1ncccc1NC(=O)C1=NN(c2ccccc2)[C@@H](C(N)=O)C1,2.7652628661425886,11,15,0.13441383838653564,0.021921800449490547,0.13776075839996338,0.13201215863227844,0.29409639723598957,0.07680834829807281,0.18377938866615295,0.08709583431482315,0.1867816091954023
COC1=CC=C(C=C1)OCCNC(=O)C2=CC(=CC=C2)N3C=NN=N3,COc1ccc(OCCNC(=O)c2cccc(-n3cnnn3)c2)cc1,1.9909920159448191,11,15,0.16514569520950317,0.15057584643363953,-0.021779170259833336,0.07392456382513046,0.29394237138330936,0.10095594823360443,0.10531892627477646,0.07307446002960205,0.19310344827586207
C1C[C@H](OC1)CN2C3=NC(=NC(=C3NC2=O)C(=O)N)C4=CC=CC=C4,NC(=O)c1nc(-c2ccccc2)nc2c1[nH]c(=O)n2C[C@@H]1CCCO1,2.8579619994036936,10,15,0.17032331228256226,0.060458704829216,0.06301194429397583,0.0883541852235794,0.2937939614057541,0.1003061980009079,0.1917102336883545,-0.013681480661034584,0.30745341614906835
CC1=CN=C(N=C1)C2=CC3=C(C(=C2)OC)N=CN=C3N(C)CC(=O)O,COc1cc(-c2ncc(C)cn2)cc2c(N(C)CC(=O)O)ncnc12,2.6718773900227966,9,16,0.08625480532646179,0.032831814140081406,0.17436328530311584,0.11231812089681625,0.29344990476965904,0.07350817322731018,0.11004336178302765,0.12085218727588654,0.4356060606060606
CC1=CC=C(C=C1)NC(=O)NNC(=O)[C@H]2CC(=NO2)C3=CN=CC=C3,Cc1ccc(NC(=O)NNC(=O)[C@H]2CC(c3cccnc3)=NO2)cc1,2.779658153249848,12,15,0.22525152564048767,0.02361311949789524,0.04313318431377411,0.09927791357040405,0.291997829452157,0.08680696785449982,0.1739605963230133,0.04172413423657417,0.15988372093023256
CC1=CC(=C(C(=C1)OC)O)C(=O)NCC2=CC=C(C=C2)C3=NNN=N3,COc1cc(C)cc(C(=O)NCc2ccc(-c3nn[nH]n3)cc2)c1O,2.1887454940314637,10,15,0.09156045317649841,0.17740663886070251,0.022128276526927948,0.06558124721050262,0.2910953685641289,0.1327417939901352,0.08104795217514038,0.02149013802409172,0.2713178294573643
CN1C2=CC=CC=C2C=C1C(=O)N3CCC(C3)N4C=C(N=N4)C(=O)O,Cn1c(C(=O)N2CCC(n3cc(C(=O)O)nn3)C2)cc2ccccc21,2.9100975356983856,12,17,-0.12140113115310669,0.07374760508537292,0.33860287070274353,0.04579952359199524,0.29094934463500977,-0.0024007856845855713,0.047421470284461975,0.11850280314683914,0.13648293963254593
CC1=CC(=C(C(=C1)C)NC(=O)C2=CC3=NN(N=C3C=C2)NC(=O)O)C,Cc1cc(C)c(NC(=O)c2ccc3nn(NC(=O)O)nc3c2)c(C)c1,2.6234305003906897,9,14,0.07013283669948578,0.07641828805208206,0.14396727085113525,0.10622872412204742,0.2905183956027031,0.07860884070396423,0.13191181421279907,0.08549037575721741,0.125
CC(=NC1=CC=NN1)C2=C(NN(C2=O)C3=CC=CC=C3)CC(=O)OC,COC(=O)Cc1[nH]n(-c2ccccc2)c(=O)c1C(C)=Nc1ccn[nH]1,3.0725708461441403,10,15,0.050989292562007904,-0.009378604590892792,0.24862214922904968,0.0854562520980835,0.2902328372001648,0.029415719211101532,0.1280226707458496,0.10364782810211182,0.14175257731958762
CC(C)NC1=C2C(=CC(=N1)NC3=NC=CC(=C3)C(=O)O)C=CNC2=O,CC(C)Nc1nc(Nc2cc(C(=O)O)ccn2)cc2cc[nH]c(=O)c12,2.6602149724403787,12,16,0.26898109912872314,0.12868329882621765,-0.107628732919693,0.15871074795722961,0.2900356650352478,0.19853684306144714,0.16037996113300323,0.05067331716418266,0.2878228782287823
CC1=CC(=CC=C1)C(=O)C2=C(NC(=C2C)C3=NN(N=N3)CCO)C=O,Cc1cccc(C(=O)c2c(C=O)[nH]c(-c3nnn(CCO)n3)c2C)c1,2.9514925548579622,11,17,-0.015791909769177437,0.09701032936573029,0.2084805816411972,0.022833261638879776,0.28969900123775005,0.03572431579232216,0.04972819983959198,0.07270509749650955,0.18654434250764526
CC1=CC=C(C=C1)NC(=O)COC(=O)C2=NN3C(=CC(=NC3=N2)C)C,Cc1ccc(NC(=O)COC(=O)c2nc3nc(C)cc(C)n3n2)cc1,2.182611675737082,8,15,0.16174963116645813,-0.002617436461150646,0.13034725189208984,0.09424909949302673,0.2894794465973973,0.04915563017129898,0.17412254214286804,0.06854204088449478,0.2280130293159609
CC1=C(C=CC(=N1)N2CCOCC2)NC3=C(C=C(C=C3)C#N)[N+](=O)[O-],Cc1nc(N2CCOCC2)ccc1Nc1ccc(C#N)cc1[N+](=O)[O-],2.442890672796361,9,15,0.0881589725613594,-0.17087328433990479,0.3720531463623047,0.012509448453783989,0.2893388345837593,-0.06758271902799606,0.20745620131492615,-0.008859513327479362,0.1755485893416928
C1CCN(C1)C(=O)C2=NON=C2NC(=O)CC3=CNC4=CC=CC=C43,O=C(Cc1c[nH]c2ccccc12)Nc1nonc1C(=O)N1CCCC1,2.3928624058289074,10,15,-0.047778088599443436,0.07262064516544342,0.26440373063087463,0.10996019840240479,0.2892462871968746,0.036901429295539856,0.0709671825170517,0.1834568977355957,0.1853932584269663
CCC1=NN(C(=C1C)NC(=O)C2=CC(=O)NC(=O)N2)C3=CC=CC=C3,CCc1nn(-c2ccccc2)c(NC(=O)c2cc(=O)[nH]c(=O)[nH]2)c1C,2.5360387087041136,10,15,0.2196323126554489,-0.023546386510133743,0.09308011829853058,0.08457313477993011,0.28916604444384575,0.09396538138389587,0.16043798625469208,0.009911052882671356,0.21293800539083557
CN1C=CC(=N1)CC2=NC=C(C(=N2)CC3=CC=C(C=C3)OC)[N+](=O)[O-],COc1ccc(Cc2nc(Cc3ccn(C)n3)ncc2[N+](=O)[O-])cc1,2.64932317550492,9,15,0.08660761266946793,-0.15106943249702454,0.3530043959617615,0.05768677592277527,0.28854257613420486,-0.03804785758256912,0.17299357056617737,0.055851083248853683,0.20454545454545456
CCC1=C(C=NC2=NC=NN12)C(=O)OCC(=O)NC3=CC=CC=C3C,CCc1c(C(=O)OCC(=O)Nc2ccccc2C)cnc2ncnn12,2.321963045494085,11,17,0.15688347816467285,0.01329902932047844,0.118345707654953,0.053828731179237366,0.2885282151401043,0.02786145731806755,0.13773061335086823,0.05668940767645836,0.20771513353115728
COC1=CC(=C(C=C1)OC)/C=N/NC(=O)CN2C3=CC=CC=C3N=N2,COc1ccc(OC)c(/C=N/NC(=O)Cn2nnc3ccccc32)c1,2.1444896977151036,12,17,0.2097049057483673,0.09233465045690536,-0.013624664396047592,0.08397576957941055,0.2884148918092251,0.125576451420784,0.15153630077838898,0.005681153386831284,0.18241042345276873
COC1=C(C=CC=N1)CNC(=O)CCC2=NC(=NO2)C3=CC=CC=N3,COc1ncccc1CNC(=O)CCc1nc(-c2ccccn2)no1,2.2700925428152097,12,17,0.060847166925668716,0.3711569905281067,-0.143632709980011,0.10289547592401505,0.2883714474737644,0.16688668727874756,-0.013365869410336018,0.1887764036655426,0.258160237388724
CC1=C(NC(=C1CCC(=O)O)C)C=C2C(=NNC2=O)C3=NC=NC=C3,Cc1[nH]c(C=C2C(=O)NN=C2c2ccncn2)c(C)c1CCC(=O)O,3.0488606867260923,11,17,0.1742895096540451,0.04983390122652054,0.06399553269147873,0.12365148961544037,0.2881189435720444,0.11220436543226242,0.14962762594223022,0.07884219288825989,0.1554959785522788
CN1CCOC2=C(C=C(C=C21)OC)C(=O)NC3=C4C=NNC4=NC=C3,COc1cc(C(=O)Nc2ccnc3[nH]ncc23)c2c(c1)N(C)CCO2,2.674843543868949,11,17,0.0663299635052681,0.02094040811061859,0.2004769742488861,0.041651178151369095,0.2877473458647728,0.01707540638744831,0.0910753533244133,0.0864521786570549,0.28104575163398693
C1COCC1C2=NC3=C(O2)CCN(C3)C(=O)C4=CC=CC5=NC=NN54,O=C(c1cccc2ncnn12)N1CCc2oc(C3CCOC3)nc2C1,3.5676168850585794,11,17,0.1841781884431839,0.14807045459747314,-0.04475218057632446,0.08602485060691833,0.2874964624643326,0.1682821661233902,0.09486600756645203,0.017699789255857468,0.15853658536585366
COC1=CC=CC=C1OC2=CC=C(C=C2)CNC(=O)CN3C=NN=N3,COc1ccccc1Oc1ccc(CNC(=O)Cn2cnnn2)cc1,2.0443945449226906,11,15,0.08428076654672623,0.12251327931880951,0.08057794719934464,0.07413386553525925,0.28737199306488037,0.11248643696308136,0.06519695371389389,0.0682079941034317,0.20279720279720279
CC1=C(C=C(C=C1)NC(=O)C2=C(C=CC=C2OC)OC)N3C=NN=N3,COc1cccc(OC)c1C(=O)Nc1ccc(C)c(-n2cnnn2)c1,2.1559769133164046,9,14,0.28384774923324585,-0.14447246491909027,0.14742407202720642,0.07997016608715057,0.286799356341362,0.061377473175525665,0.22549672424793243,-0.03407712280750275,0.16613418530351437
C[C@@H]1C(=O)N(NC(=N1)C(=O)NC2=CN=C(C=C2)OC)C3=CC=CC=C3,COc1ccc(NC(=O)C2=N[C@H](C)C(=O)N(c3ccccc3)N2)cn1,2.904769691711385,11,15,0.3093210458755493,-0.10784724354743958,0.0850791484117508,0.1469753384590149,0.28655295073986053,0.09602029621601105,0.2634923756122589,0.00463971309363842,0.20474777448071216
CC1=NOC2=NC=NC(=C12)NC(C)C3=CC(=CC=C3)N4CCOC4=O,Cc1noc2ncnc(NC(C)c3cccc(N4CCOC4=O)c3)c12,3.088048537865232,11,17,-0.03939216211438179,-0.04214099794626236,0.36775654554367065,0.051529932767152786,0.2862233854830265,-0.03539775684475899,0.09139779210090637,0.1304384171962738,0.20923913043478262
C1CN(CCN1C2=CC=CC3=C2OCC(=O)N3)C(=O)C4=NC=CN=C4,O=C1COc2c(cccc2N2CCN(C(=O)c3cnccn3)CC2)N1,2.478670625006991,10,15,-0.02205628529191017,0.11073485016822815,0.19704529643058777,0.059539373964071274,0.28572386130690575,0.04038684070110321,0.04409165680408478,0.12356330454349518,0.24104234527687296
CN1CC(=O)N2C[C@H](C[C@H]2C1=O)NC(=O)C3=CC4=NC=CN=C4C=C3,CN1CC(=O)N2C[C@@H](NC(=O)c3ccc4nccnc4c3)C[C@H]2C1=O,3.2498017925490457,12,17,-0.017719626426696777,0.2592621445655823,0.04393051564693451,0.09306218475103378,0.28547303378582,0.11609606444835663,0.02805475704371929,0.13688351213932037,0.13986013986013987
CC1=C(C(=CC=C1)C)NC(=O)CN(C)C2=NC(=C(C=C2)[N+](=O)[O-])C#N,Cc1cccc(C)c1NC(=O)CN(C)c1ccc([N+](=O)[O-])c(C#N)n1,2.5297987474888597,8,14,0.2892535924911499,-0.40463459491729736,0.400573194026947,0.0901326984167099,0.28519219160079956,-0.04853035509586334,0.35175377130508423,-0.03799714893102646,0.19936708860759494
C1CCC2=C(C1)C(=NO2)C(=O)NCCC3=NC(=NO3)C4=CC=CC=N4,O=C(NCCc1nc(-c2ccccn2)no1)c1noc2c1CCCC2,2.5622566415820494,11,17,-0.014346293173730373,0.3549213111400604,-0.056163184344768524,0.09422124922275543,0.2844118336215615,0.15207599103450775,-0.05732375755906105,0.21651265025138855,0.18227848101265823
CC1=NOC(=N1)C2CN(C2)CC3=CN(C=N3)C4=CC=CC=C4C(=O)O,Cc1noc(C2CN(Cc3cn(-c4ccccc4C(=O)O)cn3)C2)n1,2.6094326012904023,11,16,0.08773969113826752,0.21920843422412872,-0.02324596233665943,0.13397353887557983,0.2837021630257368,0.14208769798278809,0.11193583160638809,0.10633252561092377,0.12144702842377261
CC(C1=CC=NC=C1)NC(=O)C2=NN(C(=C2)NC(=O)C3=CC=CO3)C,CC(NC(=O)c1cc(NC(=O)c2ccco2)n(C)n1)c1ccncc1,2.7977954771935103,11,15,0.4027867317199707,-0.21655583381652832,0.09711837023496628,0.12780149281024933,0.28334926813840866,0.08538228273391724,0.3167666792869568,-0.06993599236011505,0.15053763440860216
COC1=CC=C(C=C1)OCC(=O)NCC2=CN(N=N2)C3=CN=CC=C3,COc1ccc(OCC(=O)NCc2cn(-c3cccnc3)nn2)cc1,2.150035008568633,11,15,0.001837889663875103,0.15207968652248383,0.12924732267856598,0.03270833194255829,0.2831648988649249,0.01637331396341324,0.054204393178224564,0.11806348711252213,0.22402597402597402
C1=CC=C2C(=C1)C(=O)N(C=N2)CC(=O)NCCCN3C(=O)C=CC=N3,O=C(Cn1cnc2ccccc2c1=O)NCCCn1ncccc1=O,2.175120466945872,13,17,0.28531938791275024,0.21883925795555115,-0.22102266550064087,0.18193140625953674,0.2831359803676605,0.24964605271816254,0.15434491634368896,0.06550419330596924,0.2627986348122867
CC1=C(OC=C1)C(=O)N[C@H](C)C2=NN3C=NC4=C(C3=N2)C(=C(O4)C)C,Cc1ccoc1C(=O)N[C@H](C)c1nc2c3c(C)c(C)oc3ncn2n1,3.47092507632677,9,17,0.16835495829582214,-0.015368318185210228,0.13005690276622772,0.10926179587841034,0.28304354287683964,0.060320012271404266,0.21431376039981842,0.030682500451803207,0.18406593406593408
CN1C2=C(C(=N1)C(=O)N3CCCC4=C3C=CC(=C4)OC)N=CNC2=O,COc1ccc2c(c1)CCCN2C(=O)c1nn(C)c2c(=O)[nH]cnc12,2.6978958732297293,10,17,0.1008610799908638,0.024852000176906586,0.15705791115760803,0.05089336633682251,0.2827709913253784,0.06532271206378937,0.07831768691539764,0.05685105174779892,0.26273458445040215
CC1=NC(=C(C=C1)[N+](=O)[O-])N/N=C\C2=CN(C3=C2C=C(C=C3)OC)C,COc1ccc2c(c1)c(/C=N\Nc1nc(C)ccc1[N+](=O)[O-])cn2C,2.5499540933194993,11,17,0.029157085344195366,0.034104932099580765,0.21935242414474487,0.013197861611843109,0.282614441588521,0.004887233022600412,0.07260219752788544,0.0696667954325676,0.18429003021148035
C1[C@H]2CN([C@H]1CN2C(=O)C3=CC=CC=C3)C4=NC=C(C=N4)C(=O)NO,O=C(NO)c1cnc(N2C[C@@H]3C[C@@H]2CN3C(=O)c2ccccc2)nc1,3.864115864631092,11,14,0.08375053852796555,0.10338827222585678,0.09523461759090424,0.1356125771999359,0.28237342834472656,0.11864999681711197,0.15477856993675232,0.06316845864057541,0.24041811846689895
C1COCCN1C(=O)CN2C=NC3=C(C2=O)C=NN3C4=CC=CC=C4,O=C(Cn1cnc2c(cnn2-c2ccccc2)c1=O)N1CCOCC1,2.195761457462206,8,13,-0.00380056444555521,0.09545557200908661,0.19070234894752502,0.1105690449476242,0.2823573565110564,0.0542752668261528,0.13151155412197113,0.1012750193476677,0.2631578947368421
CN1C(=NN=N1)C2=CC(=CC=C2)NC(=O)C3=CC(=CC(=C3)OC)OC,COc1cc(OC)cc(C(=O)Nc2cccc(-c3nnnn3C)c2)c1,2.074992514616513,9,14,0.10259756445884705,0.04474466294050217,0.13493916392326355,0.05119136720895767,0.28228139132261276,0.03840266168117523,0.11879068613052368,0.05938076972961426,0.2673611111111111
CN1C=C(C=N1)NC(=O)CN2C(=O)C=CC(=N2)C3=CC=C(C=C3)OC,COc1ccc(-c2ccc(=O)n(CC(=O)Nc3cnn(C)c3)n2)cc1,2.1229099577367716,10,15,0.008471563458442688,0.021483322605490685,0.2517024278640747,0.07417208701372147,0.2816573139280081,0.010332188569009304,0.10390738397836685,0.11526662111282349,0.3435374149659864
CC1=C(C(=O)NC(=O)N1)CCC(=O)N/N=C/C2=CNC3=CC=CC=C32,Cc1[nH]c(=O)[nH]c(=O)c1CCC(=O)N/N=C/c1c[nH]c2ccccc12,2.57633834343558,13,17,0.3066405653953552,0.00338871031999588,-0.02854081802070141,0.1179809421300888,0.2814884576946497,0.1255921870470047,0.1961238980293274,0.0006309179589152336,0.2550335570469799
CCCCC1=NC2=NC=CN=C2C(=O)N1C3=CC=C(C=C3)NC(=O)O,CCCCc1nc2nccnc2c(=O)n1-c1ccc(NC(=O)O)cc1,2.415722958820197,10,15,0.06747715920209885,0.2872219979763031,-0.07321398705244064,0.183694526553154,0.2814851701259613,0.20033305883407593,0.06219957768917084,0.1811961978673935,0.26031746031746034
C1CN(C2=CC=CC=C21)C(=O)CN3C=NC4=C(C3=O)C=NN4CCO,O=C(Cn1cnc2c(cnn2CCO)c1=O)N1CCc2ccccc21,2.412939697715103,12,17,0.049372896552085876,0.03542723506689072,0.19614368677139282,0.058296121656894684,0.2809438183903694,0.07968881726264954,0.05429143086075783,0.0614842064678669,0.27988338192419826
C1C(CN2C1C(=O)NC3=CC=CC=C32)NC(=O)CN4C(=O)C=CC=N4,O=C(Cn1ncccc1=O)NC1CC2C(=O)Nc3ccccc3N2C1,3.2158556657884834,14,17,0.1610727608203888,0.14655175805091858,-0.02671029604971409,0.12434516102075577,0.2809142228215933,0.16159605979919434,0.09210970997810364,0.08268804103136063,0.1661721068249258
COC1=CC=C(C=C1)CNC(=O)COC2=CC=CC(=C2)N3C=NN=N3,COc1ccc(CNC(=O)COc2cccc(-n3cnnn3)c2)cc1,2.0024217314348096,11,15,0.07431866228580475,0.09911873936653137,0.10737299174070358,0.04446978121995926,0.2808103933930397,0.03803486377000809,0.08292535692453384,0.0898323655128479,0.21403508771929824
C[C@H](C1=CC=NC=C1)NC(=O)NC2=CNC3=C(C2=O)N=C(C=C3)OC,COc1ccc2[nH]cc(NC(=O)N[C@H](C)c3ccncc3)c(=O)c2n1,2.9767852930114937,11,15,0.3528338372707367,-0.06875729560852051,-0.003526456654071808,0.10794118046760559,0.2805500850081444,0.15822376310825348,0.166974276304245,-0.025773707777261734,0.209375
COC1=CC=CC(=C1)NC(=O)N2CCC3=C(C2)C(=O)N4C(=N3)C=CN4,COc1cccc(NC(=O)N2CCc3nc4cc[nH]n4c(=O)c3C2)c1,2.6441358515612574,12,17,0.16102012991905212,-0.03812439739704132,0.15757407248020172,0.03913673013448715,0.2804698050022125,0.05728215351700783,0.09515192359685898,0.035178542137145996,0.28530259365994237
CC1=C(NC(=C1CCC(=O)O)C)C=C2C(=NNC2=O)C3=CN=NC=C3,Cc1[nH]c(C=C2C(=O)NN=C2c2ccnnc2)c(C)c1CCC(=O)O,3.1455147526601586,11,17,0.11749885976314545,0.10125484317541122,0.061265282332897186,0.08841459453105927,0.28001898527145386,0.08614309877157211,0.1095731109380722,0.08607755601406097,0.13972602739726028
CC1=NN2C=CC=NC2=C1C(=O)NC3=CC=C(C=C3)OCCC(=O)N,Cc1nn2cccnc2c1C(=O)Nc1ccc(OCCC(N)=O)cc1,2.2574087659707907,10,15,0.15729600191116333,-0.03105093166232109,0.15335558354854584,0.08389410376548767,0.2796006537973881,0.02239101007580757,0.16997182369232178,0.07557317614555359,0.3110367892976589
CC1=NOC(=C1)C2=CN=C(N=C2C3=C(OC=C3)C)N4CCNC(=O)C4,Cc1cc(-c2cnc(N3CCNC(=O)C3)nc2-c2ccoc2C)on1,2.914951236176641,10,17,0.10436542332172394,0.08573348075151443,0.08944409340620041,0.13445629179477692,0.2795429974794388,0.07518336176872253,0.18490386009216309,0.08649484813213348,0.282798833819242
COC1=CC(=C2CN(C(=O)C2=C1)C3=CC=CC(=N3)C(=NC=N)N)CO,COc1cc(CO)c2c(c1)C(=O)N(c1cccc(C(N)=NC=N)n1)C2,3.2179103570557643,12,17,-0.059306513518095016,0.24845723807811737,0.09030888229608536,0.07702857255935669,0.2794596068561077,0.07828977704048157,0.0005461601540446281,0.17242877185344696,0.218562874251497
C1COCCN1C2=NC=CC(=N2)NC3=CC(=NO3)C4=CC=C(C=C4)O,Oc1ccc(-c2cc(Nc3ccnc(N4CCOCC4)n3)on2)cc1,2.559023377548783,9,13,0.264981210231781,-0.015681177377700806,0.030123170465230942,0.11496658623218536,0.27942320331931114,0.10383208841085434,0.18756011128425598,0.04092111811041832,0.3222591362126246
CC1=CC=C(C=C1)C2=NN=C(O2)CCC(=O)NNC(=O)C3=CC=CN3,Cc1ccc(-c2nnc(CCC(=O)NNC(=O)c3ccc[nH]3)o2)cc1,2.3429396977151047,11,15,0.2006637454032898,0.24759206175804138,-0.16884218156337738,0.11919356137514114,0.2794136255979538,0.19120091199874878,0.09069512784481049,0.07362296432256699,0.19469026548672566
C1CN(CCN1C2=NC=CC=N2)C(=O)C3C(=O)NC4=CC=CC=C4O3,O=C1Nc2ccccc2OC1C(=O)N1CCN(c2ncccn2)CC1,2.9367410299621763,10,14,0.1354338526725769,0.07729369401931763,0.0666755810379982,0.10115225613117218,0.27940312772989273,0.09675226360559464,0.1173616349697113,0.08341142535209656,0.3613138686131387
CCCN1C=C(C(=O)C2=CN=C(N=C21)C3=CC(=NC=C3)CC)[N+](=O)[O-],CCCn1cc([N+](=O)[O-])c(=O)c2cnc(-c3ccnc(CC)c3)nc21,2.7440118955173016,10,17,0.14591141045093536,0.21115705370903015,-0.0780288428068161,0.14546969532966614,0.2790396213531494,0.17854757606983185,0.08281436562538147,0.12604579329490662,0.3081967213114754
COC1=C(C=C(C=C1)C(=O)NCC2=CN(N=N2)C3=CN=CC=C3)OC,COc1ccc(C(=O)NCc2cn(-c3cccnc3)nn2)cc1OC,2.15449931309972,12,17,-0.006585843861103058,0.2189893275499344,0.0664186179637909,0.031548455357551575,0.2788221016526222,0.04336395114660263,0.02974696084856987,0.11307844519615173,0.18808777429467086
C1CC(N(C1)C(=O)C2=CC3=C(C=C2)NC(=O)N3)C4=NOC(=N4)C5CC5,O=C(c1ccc2[nH]c(=O)[nH]c2c1)N1CCCC1c1noc(C2CC2)n1,3.045673537865232,11,16,-0.10570785403251648,0.30865129828453064,0.0757775530219078,0.08918984234333038,0.27872099727392197,0.08719787001609802,-0.01836545579135418,0.19761353731155396,0.15702479338842976
CC1=C(NC(=C1CCC(=O)O)C)/C=C/2\C(=NNC2=O)C3=NC=NC=C3,Cc1[nH]c(/C=C2/C(=O)NN=C2c2ccncn2)c(C)c1CCC(=O)O,3.0488606867260923,11,17,0.149000883102417,0.07918526232242584,0.05051109567284584,0.11021338403224945,0.2786972410976887,0.1060619056224823,0.12483875453472137,0.08453576266765594,0.1554959785522788
CC(C)N1C2=NC3=C(C(=C2C(=O)N1)C4=CC(=CC=C4)O)N(C(=O)N3)C,CC(C)n1[nH]c(=O)c2c(-c3cccc(O)c3)c3c(nc21)[nH]c(=O)n3C,3.1566017378488826,10,16,0.17891713976860046,-0.1917327642440796,0.29133421182632446,0.10526644438505173,0.27851858735084534,0.021163467317819595,0.2435341477394104,0.011434746906161308,0.3096774193548387
C1=CC=C(C=C1)OCCOCC(=O)NC2=NNC(=N2)C3=CC=CC=N3,O=C(COCCOc1ccccc1)Nc1n[nH]c(-c2ccccn2)n1,2.250276600002005,12,15,-0.055811118334531784,0.07026349008083344,0.2639677822589874,0.05664101615548134,0.2784201540052891,0.0061906371265649796,0.046255841851234436,0.15425489842891693,0.4899598393574297
C1CN(CCC1N2C(=O)C3=CC=CC=C3NC2=O)C(=O)C4=CC=NN4,O=C(c1ccn[nH]1)N1CCC(n2c(=O)[nH]c3ccccc3c2=O)CC1,2.422558928484335,11,15,0.1358869969844818,0.09792330861091614,0.044585973024368286,0.12859681248664856,0.27839627861976624,0.1752663254737854,0.09621085226535797,0.04506944864988327,0.21364985163204747
CCOC1=NOC(=C1)C(=O)N2CCC3=C(C2C4=CN=CC=C4)N=CN3,CCOc1cc(C(=O)N2CCc3[nH]cnc3C2c2cccnc2)on1,3.258768427222451,12,17,-0.04434456676244736,0.27714014053344727,0.04551342502236366,0.058506473898887634,0.27830899879336357,0.07048529386520386,-0.016848089173436165,0.18966928124427795,0.1834625322997416
CC1=CC2=C(N1)N=C(N=C2NCC(=O)NCC(=O)O)C3=CC=CC=C3,Cc1cc2c(NCC(=O)NCC(=O)O)nc(-c3ccccc3)nc2[nH]1,2.385764562287152,11,15,0.1918264627456665,0.04129176214337349,0.045160941779613495,0.13440266251564026,0.2782791666686535,0.09161905944347382,0.21970000863075256,0.030478443950414658,0.41603053435114506
CCOC1=C(C=C(C=C1)OC)NC(=O)C2=CC(=CC=C2)N3C=NN=N3,CCOc1ccc(OC)cc1NC(=O)c1cccc(-n2cnnn2)c1,2.0422743130997194,12,17,0.02909255027770996,0.23065489530563354,0.01809505745768547,0.05387846380472183,0.277842503041029,0.06151587516069412,0.040805548429489136,0.1299869269132614,0.19933554817275748
CC1=NC=C(C=N1)C2=NN=C(O2)C3CCN(CC3)C(=O)C4=CC=CO4,Cc1ncc(-c2nnc(C3CCN(C(=O)c4ccco4)CC3)o2)cn1,2.5694520791692668,8,14,0.033814605325460434,0.29275771975517273,-0.048779770731925964,0.12973269820213318,0.2777925543487072,0.17154145240783691,0.02520185336470604,0.1545698046684265,0.15775401069518716
COC1=CC=CC(=C1)CNC(=O)COC2=CC=CC(=C2)N3C=NN=N3,COc1cccc(CNC(=O)COc2cccc(-n3cnnn3)c2)c1,2.044978738810995,13,17,0.09750483930110931,0.07782957702875137,0.10238854587078094,0.025546753779053688,0.27772296220064163,0.05294067785143852,0.07238764315843582,0.05030875280499458,0.21678321678321677
CCOC(=O)C1=NN(C(=N1)C2=NC=C(C=C2)C)C3=CN=C(C=C3)OC,CCOC(=O)c1nc(-c2ccc(C)cn2)n(-c2ccc(OC)nc2)n1,2.4891894810303796,10,17,0.12741701304912567,0.011542070657014847,0.1385960876941681,0.09238799661397934,0.2775551714003086,0.07322784513235092,0.1296423375606537,0.06970854848623276,0.23268698060941828
CC1=NN(C(=C1)NC(=O)CCN2C=CC(=O)NC2=O)C3=CC=CC=C3,Cc1cc(NC(=O)CCn2ccc(=O)[nH]c2=O)n(-c2ccccc2)n1,2.2557004236089284,11,15,0.1568816602230072,0.10079682618379593,0.019851896911859512,0.09456425160169601,0.27753038331866264,0.10605532675981522,0.1365729570388794,0.04053616523742676,0.2536443148688047
COCC1=CC=C(O1)C(=O)NC2=CC(=NN2C3=NC=CC=N3)C4CC4,COCc1ccc(C(=O)Nc2cc(C3CC3)nn2-c2ncccn2)o1,2.5754358515612576,10,15,0.14906176924705505,-0.008273711428046227,0.13651207089424133,0.09284000843763351,0.27730012871325016,0.04070359095931053,0.15327444672584534,0.09021416306495667,0.15577889447236182
C1[C@@H]2[C@@H](C2NC(=O)C3=CC=CC=C3)CN1C4=NC=C(C=N4)C(=O)NO,O=C(NO)c1cnc(N2C[C@@H]3C(NC(=O)c4ccccc4)[C@@H]3C2)nc1,3.3555727626307448,12,14,0.20329856872558594,0.11826033890247345,-0.04434819892048836,0.18077369034290314,0.27721070870757103,0.19345611333847046,0.19324743747711182,0.031220383942127228,0.2616487455197133
COC1=CC=C(C=C1)CNC(=O)COC2=CC=C(C=C2)N3C=NN=N3,COc1ccc(CNC(=O)COc2ccc(-n3cnnn3)cc2)cc1,1.9401519737951887,9,13,0.07981829345226288,0.10595206171274185,0.09131790697574615,0.07056593149900436,0.2770882621407509,0.06219837814569473,0.0965305045247078,0.08836254477500916,0.21554770318021202
COC1=CC(=C(C=C1)C=NNC(=O)CN2C3=CC=CC=C3N=N2)OC,COc1ccc(C=NNC(=O)Cn2nnc3ccccc32)c(OC)c1,2.1523050823304875,12,17,0.09400814771652222,0.149638831615448,0.03336963802576065,0.07223135977983475,0.27701661735773087,0.07657481729984283,0.09945046901702881,0.08380191028118134,0.1830065359477124
CC(C1=NC=C(O1)C2=CC=CC=C2)NC(=O)NC3=NC=CN(C3=O)C,CC(NC(=O)Nc1nccn(C)c1=O)c1ncc(-c2ccccc2)o1,2.9052845346149603,11,15,0.12810757756233215,0.006479580886662006,0.1423422247171402,0.16199061274528503,0.27692938316613436,0.0822901725769043,0.20480835437774658,0.09249474108219147,0.21351351351351353
CN(C1=CC=NC=C1)C(=O)[C@@H]2[C@H](C(=O)N2C(=O)N)CC3=CC=NC=C3,CN(C(=O)[C@@H]1[C@@H](Cc2ccncc2)C(=O)N1C(N)=O)c1ccncc1,3.5426953910632095,9,13,0.07215984910726547,0.2338678538799286,-0.029153544455766678,0.12263837456703186,0.2768741585314274,0.15127836167812347,0.03595775365829468,0.1491209864616394,0.16139240506329114
CC1=C(C=CO1)C(=O)NC[C@H]2CN3C(=C(N=N3)C4=CN=CC=C4)CO2,Cc1occc1C(=O)NC[C@H]1Cn2nnc(-c3cccnc3)c2CO1,3.3802807559895722,12,17,0.14020994305610657,0.021929804235696793,0.1144290491938591,0.06629087030887604,0.27656879648566246,0.037132225930690765,0.1997208297252655,0.0013596080243587494,0.16864608076009502
COC1=CC=CC=C1OCC(=O)NCC2=CN(N=N2)C3=CN=CC=C3,COc1ccccc1OCC(=O)NCc1cn(-c2cccnc2)nn1,2.172006768315736,13,17,0.007904628291726112,0.21740204095840454,0.051152151077985764,0.024613402783870697,0.2764588203281164,0.044069983065128326,0.033099688589572906,0.10734213888645172,0.22508038585209003
CN1C(=O)C2=CC=CC=C2C(=N1)C3=NN=C4N3CCC(C4)C(=O)OC,COC(=O)C1CCn2c(nnc2-c2nn(C)c(=O)c3ccccc23)C1,3.0487930936615495,10,17,-0.031761154532432556,0.12245967984199524,0.1854235976934433,0.07703525573015213,0.276122123003006,0.06991581618785858,0.02905750647187233,0.12878888845443726,0.2507042253521127
COC1=C(C=CC=N1)NC(=O)C2=NN([C@@H](C2)C(=O)N)C3=CC=CC=C3,COc1ncccc1NC(=O)C1=NN(c2ccccc2)[C@H](C(N)=O)C1,2.7652628661425886,11,15,0.138255313038826,0.002176983281970024,0.1355338841676712,0.1285010427236557,0.2759661804884672,0.07199876755475998,0.18538424372673035,0.07524247467517853,0.1867816091954023
CC1=CC=C(C=C1)OCC(=O)NC2=CC(=C(C=C2)OC)N3C=NN=N3,COc1ccc(NC(=O)COc2ccc(C)cc2)cc1-n1cnnn1,2.022991620792027,10,15,-0.06422731280326843,0.0721091702580452,0.2677551209926605,0.02189083769917488,0.2756369784474373,-0.030406028032302856,0.08037912100553513,0.10581882297992706,0.2328767123287671
CC1=NC2=C(C=C1)C=C(C=C2)CN3CC4=NNC(=O)N4CC3C(=O)O,Cc1ccc2cc(CN3Cc4n[nH]c(=O)n4CC3C(=O)O)ccc2n1,3.2772351304979512,12,17,0.2054930031299591,0.02984667755663395,0.040235262364149094,0.1457577347755432,0.27557494305074215,0.16639328002929688,0.1735103875398636,0.012213622219860554,0.18895348837209303
C1CN(CCC12C(=O)NC(=O)N2)C(=O)C3=CC(=NN3)C4=CC=CC=C4,O=C1NC(=O)C2(CCN(C(=O)c3cc(-c4ccccc4)n[nH]3)CC2)N1,2.931786999403693,9,13,0.22657084465026855,0.020896412432193756,0.027973823249340057,0.12749548256397247,0.27544108033180237,0.15848049521446228,0.15864089131355286,0.0036719953641295433,0.1804733727810651
C1CC1NC(=O)C2=CC3=C(NC(C3)NC4=C(C=CC=N4)C(=O)O)N=C2,O=C(NC1CC1)c1cnc2c(c1)CC(Nc1ncccc1C(=O)O)N2,3.321334155416695,13,16,0.24601612985134125,0.3130234181880951,-0.283667653799057,0.1794453263282776,0.27537189424037933,0.28113728761672974,0.10404059290885925,0.06737099587917328,0.1728395061728395
CN1C[C@@]2(CCN(C2)C(=O)C3=CN=C(N=C3)C4=CN=CC=C4)OC1=O,CN1C[C@@]2(CCN(C(=O)c3cnc(-c4cccnc4)nc3)C2)OC1=O,3.5792996857076673,10,16,0.03421838954091072,0.09431849420070648,0.14654016494750977,0.12209805101156235,0.27507704868912697,0.08686397969722748,0.09592734277248383,0.126055508852005,0.262987012987013
C1CC(OC1)CN2C3=NC(=NC(=C3NC2=O)C(=O)N)C4=CC=CC=C4,NC(=O)c1nc(-c2ccccc2)nc2c1[nH]c(=O)n2CC1CCCO1,2.8579619994036936,10,15,0.15411725640296936,0.06534060835838318,0.05551224946975708,0.0812062919139862,0.2749701142311096,0.08498408645391464,0.18350030481815338,-0.007530296221375465,0.30745341614906835
CC(C1=CC=CC=C1N2C=CC=N2)NC(=O)CC3=CNC(=O)NC3=O,CC(NC(=O)Cc1c[nH]c(=O)[nH]c1=O)c1ccccc1-n1cccn1,2.935094718796975,14,17,0.28918322920799255,-0.11498738080263138,0.10052475333213806,0.12071477621793747,0.27472060173749924,0.08738084137439728,0.25056567788124084,-0.02543126791715622,0.2225609756097561
CC1=CC2=C(C=C1)N=C(N2)[C@@H]3CCCN3C(=O)C4=CC(=O)NC(=O)N4,Cc1ccc2nc([C@@H]3CCCN3C(=O)c3cc(=O)[nH]c(=O)[nH]3)[nH]c2c1,2.9654567989703224,12,17,-0.0375618152320385,0.1523267924785614,0.15939339995384216,0.03773545101284981,0.27415837720036507,0.08360453695058823,-0.01726766675710678,0.10033155232667923,0.22082018927444794
COC1=CN=C(C=C1)CNC(=O)NCC2=NOC(=C2)C3=CC=CC=N3,COc1ccc(CNC(=O)NCc2cc(-c3ccccn3)on2)nc1,2.4001344816982435,13,17,0.2767179608345032,0.08141513168811798,-0.08397608250379562,0.137014240026474,0.27415701001882553,0.14729174971580505,0.17077261209487915,0.0688028484582901,0.2532051282051282
COC1=CC=C(C=C1)NC(=O)NCCC2=NOC(=N2)C3=CN=CC=C3,COc1ccc(NC(=O)NCCc2noc(-c3cccnc3)n2)cc1,2.09701182627148,11,15,0.07334503531455994,0.24097086489200592,-0.0403330996632576,0.12230870872735977,0.27398280054330826,0.12284809350967407,0.062280770391225815,0.1656055450439453,0.28846153846153844
CC1=CC=C(O1)CNC(=O)C2=CN(C=N2)C3=NC=C(C=C3)NC(=O)C,CC(=O)Nc1ccc(-n2cnc(C(=O)NCc3ccc(C)o3)c2)nc1,2.450835634876535,12,17,-0.05311044305562973,0.17244061827659607,0.15442834794521332,0.04292069002985954,0.27375852316617966,-0.02061377465724945,0.09023967385292053,0.12785294651985168,0.1685082872928177
C[C@@]12CCN(C1)C3=C(N2C(=O)NC4=CC=CC=N4)N=C(C=C3)C(=O)O,C[C@@]12CCN(C1)c1ccc(C(=O)O)nc1N2C(=O)Nc1ccccn1,4.285550832128383,12,17,0.09353518486022949,-0.05146518722176552,0.23151490092277527,0.08300342410802841,0.27358489856123924,0.03884875401854515,0.15655604004859924,0.039388835430145264,0.19287833827893175
COC1=CC=C(C=C1)OCCNC(=O)C2=C(N=CC=C2)N3C=NC=N3,COc1ccc(OCCNC(=O)c2cccnc2-n2cncn2)cc1,2.114342279380013,11,15,0.09573011100292206,0.134257972240448,0.043525997549295425,0.07708121836185455,0.2735140807926655,0.0527368038892746,0.10334065556526184,0.11678089946508408,0.20972644376899696
CC1=CC(=C2C(=NOC2=N1)C)C(=O)N3CCOC(C3)C4=NC=CN=C4,Cc1cc(C(=O)N2CCOC(c3cnccn3)C2)c2c(C)noc2n1,3.2263504609421547,10,17,0.16731585562229156,0.06514061242341995,0.040984343737363815,0.1114886999130249,0.27344081178307533,0.11592799425125122,0.15242215991020203,0.04030861705541611,0.13903743315508021
C1=CC=C(C=C1)OCCOCC(=O)NC2=C(N=CC=C2)N3C=NC=N3,O=C(COCCOc1ccccc1)Nc1cccnc1-n1cncn1,2.1858321093575146,12,15,0.08545661717653275,-0.03759342059493065,0.22539755702018738,0.0781269371509552,0.2732607536017895,0.02068677917122841,0.1626698076725006,0.05018426105380058,0.25316455696202533
CC1=CC=C(C=C1)C2=NNC(=C2)C(=O)NC3=C(N(N=C3)C)C(=O)OC,COC(=O)c1c(NC(=O)c2cc(-c3ccc(C)cc3)n[nH]2)cnn1C,2.3282850823304884,9,15,0.19134719669818878,-0.2769070267677307,0.35829123854637146,0.03717268258333206,0.27273140847682953,-0.02146436646580696,0.22107164561748505,-0.02913094311952591,0.1839080459770115
COC1=CC2=C(C=C1)N=C3N2C(COC3)CNC(=O)C4=NC=CN=C4,COc1ccc2nc3n(c2c1)C(CNC(=O)c1cnccn1)COC3,3.1438453502993733,12,17,0.0976850688457489,0.016787011176347733,0.15818864107131958,0.012914109975099564,0.2726607210934162,0.002162683755159378,0.09457022696733475,0.05534552410244942,0.21068249258160238
COC1=NC=CC(=N1)C2=CC3=CN=C(C=C3N2)NC(=O)C4CC(C4)O,COc1nccc(-c2cc3cnc(NC(=O)C4CC(O)C4)cc3[nH]2)n1,2.807980596956707,12,16,0.25731366872787476,-0.1362990140914917,0.1515650600194931,0.037468455731868744,0.27257971465587616,0.044364769011735916,0.17997917532920837,-0.04046691581606865,0.3710247349823322
COC1=CC(=C(C=C1)OC)NC(=O)CN2N=C(N=N2)C3=CC=CC=C3,COc1ccc(OC)c(NC(=O)Cn2nnc(-c3ccccc3)n2)c1,1.9384262361766424,10,15,0.08936050534248352,0.22088363766670227,-0.037732236087322235,0.06682351231575012,0.27251190692186356,0.11527658253908157,0.06981699913740158,0.06702841073274612,0.3054545454545455
CC(CO)N1C=NN=C1C2=NC(=CC=C2)NC(=O)OC3=CC=CC=C3,CC(CO)n1cnnc1-c1cccc(NC(=O)Oc2ccccc2)n1,2.963638922480616,12,15,0.19399729371070862,-0.21741366386413574,0.29572972655296326,0.10190440714359283,0.27231335639953613,0.02124769426882267,0.22509750723838806,0.02084890939295292,0.35973597359735976
COC1=CC=C(C=C1)CNC(=O)CN2C(=O)N(N=N2)C3=CC=CC=C3,COc1ccc(CNC(=O)Cn2nnn(-c3ccccc3)c2=O)cc1,1.9833877746381798,9,13,0.1405787467956543,0.07125192880630493,0.06032654643058777,0.10965460538864136,0.272157222032547,0.09778984636068344,0.1334226429462433,0.07706161588430405,0.18397626112759644
C[C@@H](C1=CC=NC=C1)NC(=O)NC2=CNC3=C(C2=O)N=C(C=C3)OC,COc1ccc2[nH]cc(NC(=O)N[C@@H](C)c3ccncc3)c(=O)c2n1,2.9767852930114937,11,15,0.34022536873817444,-0.07159306108951569,0.003210209310054779,0.10458730161190033,0.27184251695871353,0.1511615365743637,0.1625531017780304,-0.024623584002256393,0.209375
CN1C(=O)C2=CC=CC=C2N=C1NC3COCC3N4C(=O)C=CC=N4,Cn1c(NC2COCC2n2ncccc2=O)nc2ccccc2c1=O,3.496674896557713,13,17,0.28060126304626465,-0.06400863826274872,0.05474118888378143,0.0890202671289444,0.27133381366729736,0.089034304022789,0.26641789078712463,-0.07246781140565872,0.2948328267477204
C#CCCC1(N=N1)CCNC(=O)CN2C(=O)C3=CC=CC=C3NC2=O,C#CCCC1(CCNC(=O)Cn2c(=O)[nH]c3ccccc3c2=O)N=N1,2.979671455956863,12,17,0.31743842363357544,-0.10513408482074738,0.05900061875581741,0.10621249675750732,0.2713049575686455,0.07945440709590912,0.2800775468349457,-0.053055327385663986,0.24749163879598662
CCCOC(=O)/C(=C/N/C(=C(/C#N)\N)/C#N)/NC(=O)C1=CC=CC=C1,CCCOC(=O)/C(=C/N/C(C#N)=C(\N)C#N)NC(=O)c1ccccc1,2.8829816709592517,10,15,0.3577890992164612,0.00958240870386362,-0.09621697664260864,0.09908809512853622,0.27115453127771616,0.13094565272331238,0.23145036399364471,-0.0379074290394783,0.13398692810457516
CC1=C(C(=NO1)C2=CC=CO2)C(=O)N3CCN(CC3)C4=NC=CC=N4,Cc1onc(-c2ccco2)c1C(=O)N1CCN(c2ncccn2)CC1,2.40834923406916,8,14,0.043483465909957886,-0.013451972976326942,0.2410358488559723,0.08825254440307617,0.27106734178960323,0.00822121649980545,0.14918768405914307,0.10219594091176987,0.226775956284153
C1CC(=O)N(C1)C2=CC=C(C=C2)CC(=O)NNC(=O)C3=NC=CN=C3,O=C(Cc1ccc(N2CCCC2=O)cc1)NNC(=O)c1cnccn1,2.2165262361766427,11,15,0.1727282702922821,-0.09241688251495361,0.19068467617034912,0.1081005185842514,0.2709960639476776,0.04218640923500061,0.203240305185318,0.0446297749876976,0.1656441717791411
CC1=NOC(=N1)COC2=CC=C(C=C2)NC(=O)CC3=NC=C(C=C3)N,Cc1noc(COc2ccc(NC(=O)Cc3ccc(N)cn3)cc2)n1,2.2478070054074113,10,15,0.04229159280657768,0.09748642146587372,0.13075919449329376,0.07017392665147781,0.27053720876574516,0.023200232535600662,0.11288224905729294,0.11193722486495972,0.228125
CC1=NN(C2=C1C=C(C=N2)C(=O)NC3=CC(=CC=C3)NC(=O)OC)C,COC(=O)Nc1cccc(NC(=O)c2cnc3c(c2)c(C)nn3C)c1,2.134609038374446,11,17,0.16673621535301208,-0.2118200659751892,0.3153640627861023,0.07572928816080093,0.27028021216392517,-0.007255541160702705,0.25335389375686646,-0.02782665565609932,0.19148936170212766
CN1C[C@]2(CCN(C2)C(=O)C3=CN=C(N=C3)C4=CN=CC=C4)OC1=O,CN1C[C@]2(CCN(C(=O)c3cnc(-c4cccnc4)nc3)C2)OC1=O,3.5792996857076673,10,16,0.020615246146917343,0.09595697373151779,0.15369762480258942,0.11899068206548691,0.27026984468102455,0.07952408492565155,0.09018618613481522,0.13122352957725525,0.262987012987013
C1=CC=C2C=C(C=CC2=C1)CC(=O)N[C@@H](CO)C(=O)NN3C=NN=C3,O=C(Cc1ccc2ccccc2c1)N[C@@H](CO)C(=O)Nn1cnnc1,2.885863922480617,14,16,0.05588855966925621,0.17656764388084412,0.03690730035305023,0.11245746910572052,0.26936350390315056,0.09946724772453308,0.08286415040493011,0.13598929345607758,0.1554054054054054
C1C2C(C2NC(=O)C3=CC=CC=C3)CN1C4=NC=C(C=N4)C(=O)NO,O=C(NO)c1cnc(N2CC3C(C2)C3NC(=O)c2ccccc2)nc1,3.1825806657884828,10,12,0.12926530838012695,0.1409836709499359,-0.000916704535484314,0.1560390740633011,0.26933227479457855,0.1473425030708313,0.166051983833313,0.05945666506886482,0.2616487455197133
C1CCC(=CC1)CCN2C(=O)C(=O)N(C2=O)CC3=NC=C(C=N3)C#N,N#Cc1cnc(CN2C(=O)C(=O)N(CCC3=CCCCC3)C2=O)nc1,2.8803979317346062,9,16,-0.04846346378326416,0.16563360393047333,0.15202951431274414,0.11805956065654755,0.2691996544599533,0.08563227951526642,0.0309490617364645,0.18419599533081055,0.1694915254237288
CC1=C(C=CO1)C(=O)NC[C@@H]2CN3C(=C(N=N3)C4=CN=CC=C4)CO2,Cc1occc1C(=O)NC[C@@H]1Cn2nnc(-c3cccnc3)c2CO1,3.3802807559895722,12,17,0.1328181028366089,0.026820870116353035,0.10911039263010025,0.06348338723182678,0.26874936558306217,0.03683111071586609,0.19221220910549164,0.0011100368574261665,0.16864608076009502
CC1=NC=NC=C1C2=NN=C(O2)C3CCCN(C3)C(=O)C4=CC=CO4,Cc1ncncc1-c1nnc(C2CCCN(C(=O)c3ccco3)C2)o1,3.097561261785147,11,17,-0.08527074009180069,0.25143834948539734,0.10241052508354187,0.11189289391040802,0.2685781344771385,0.11298638582229614,-0.007217946462333202,0.18269357085227966,0.15228426395939088
COC(=O)C1=CC=CC(=N1)C(=O)C(C#N)C2=NN=C3N2CCCCC3,COC(=O)c1cccc(C(=O)C(C#N)c2nnc3n2CCCCC3)n1,3.2105590741599235,10,17,0.04859676584601402,0.22218386828899384,-0.0027611590921878815,0.07346236705780029,0.26801947504282,0.16799011826515198,-0.015619197860360146,0.08641505241394043,0.1329639889196676
CC1=NN(C(=C1)NC(=O)CN2C=CC(=N2)C3=CC4=C(C=C3)OCO4)C,Cc1cc(NC(=O)Cn2ccc(-c3ccc4c(c3)OCO4)n2)n(C)n1,2.4381339284843335,11,17,0.2159525454044342,-0.07129482924938202,0.12329518795013428,-0.00034655164927244186,0.26795290410518646,0.01922350563108921,0.14143067598342896,-0.020826561376452446,0.30434782608695654
CN(C1=CC=C(C=C1)OC)C(=O)COC2=CC=CC(=C2)N3C=NN=N3,COc1ccc(N(C)C(=O)COc2cccc(-n3cnnn3)c2)cc1,2.190032005407412,10,15,0.018770288676023483,0.02869252674281597,0.22048494219779968,0.047173961997032166,0.26794775761663914,-0.02353561483323574,0.09818415343761444,0.11628516018390656,0.23367697594501718
C1COCCN1C2=NC(=NN3C2=CC(=C3)C(=O)O)C4=CC=C(C=C4)N,Nc1ccc(-c2nc(N3CCOCC3)c3cc(C(=O)O)cn3n2)cc1,2.498632005407412,8,13,-0.10511466860771179,0.087914377450943,0.285092294216156,0.03499933332204819,0.2678920030593872,-0.015556178987026215,0.045365214347839355,0.12236098200082779,0.26646706586826346
CCOC1=NC(=NC2=NC=C(N=C21)C3=CC4=C(C=C3)OCCCO4)N,CCOc1nc(N)nc2ncc(-c3ccc4c(c3)OCCCO4)nc12,2.5743930696856,10,17,-0.027749255299568176,0.027622807770967484,0.26781409978866577,0.00012078136205673218,0.2676876522600651,-0.035864852368831635,0.06727343797683716,0.08758565038442612,0.444
C1=CC=C2C(=C1)C(=O)N(C2=O)CCNC(=O)C3=CC=CC=C3N(N)N,NN(N)c1ccccc1C(=O)NCCN1C(=O)c2ccccc2C1=O,2.3226516757370828,10,13,0.10890863835811615,0.19764938950538635,-0.03914685547351837,0.09594202786684036,0.26741117238998413,0.10164856910705566,0.1025206446647644,0.11335743963718414,0.10175438596491228
CNC(=O)C1=NN(C(=O)C2=CC=CC=C21)CC3=NN=C(O3)C4CCC4,CNC(=O)c1nn(Cc2nnc(C3CCC3)o2)c(=O)c2ccccc12,2.4411023737714412,10,16,0.028855694457888603,0.37237951159477234,-0.13383372128009796,0.14301975071430206,0.267401484772563,0.20668262243270874,-0.012036692351102829,0.179842010140419,0.13774104683195593
C1CC2=C(NC1)N=CC(=C2)C(=O)NC3(CC3)C4=NC=CC(=N4)C(=O)O,O=C(NC1(c2nccc(C(=O)O)n2)CC1)c1cnc2c(c1)CCCN2,2.9865238255590913,11,16,0.04252610355615616,0.3822892904281616,-0.15744273364543915,0.12616798281669617,0.26737266033887863,0.2103736400604248,-0.026485897600650787,0.1692289113998413,0.19337016574585636
CC1=C(C=C(C=C1)C(=O)NC)NC(=O)CN2C(=O)N3C=CC=CC3=N2,CNC(=O)c1ccc(C)c(NC(=O)Cn2nc3ccccn3c2=O)c1,2.159057390022797,12,17,0.3789609670639038,0.08290396630764008,-0.19485211372375488,0.09969573467969894,0.267012819647789,0.19114667177200317,0.16056931018829346,-0.049856338649988174,0.20760233918128654
C1=CC(=NC(=C1)C(=O)O)CCCCOC2=CN=C(C=C2)N3C=NC=N3,O=C(O)c1cccc(CCCCOc2ccc(-n3cncn3)nc2)n1,2.4379287914980328,13,17,0.014445175416767597,0.2657903730869293,-0.01328999549150467,0.06936173141002655,0.26694555301219225,0.12065571546554565,-0.005730065517127514,0.13409072160720825,0.20658682634730538
CC1=C(NC(=C1C(=O)OC)C)C(=O)NC2=CN=C(C=C2)N3C=CC=N3,COC(=O)c1c(C)[nH]c(C(=O)Nc2ccc(-n3cccn3)nc2)c1C,2.377510137275543,11,17,0.1181086003780365,0.03569762036204338,0.11305151134729385,0.05558864772319794,0.26685773208737373,0.06599006801843643,0.129546657204628,0.008453836664557457,0.12987012987012986
C1CCN(C1)C2=C(C=C(C=C2)C=NNC(=O)C3=CC=NC=C3)[N+](=O)[O-],O=C(NN=Cc1ccc(N2CCCC2)c([N+](=O)[O-])c1)c1ccncc1,2.2117012361766424,9,13,0.10840333998203278,-0.08754517883062363,0.24592497944831848,0.08129347115755081,0.26678314059972763,0.045365314930677414,0.18050602078437805,-0.0005625104531645775,0.14873417721518986
COC1=CC=CC=C1OCCNC(=O)C2=NC(=CC=C2)N3C=NN=C3,COc1ccccc1OCCNC(=O)c1cccc(-n2cnnc2)n1,2.301620045449562,12,16,0.2148837447166443,0.12786875665187836,-0.07597696036100388,0.0758691132068634,0.26677554100751877,0.1326238065958023,0.12844368815422058,0.01233535073697567,0.2297734627831715
CC1=C(N=CC=C1)CNC(=O)C2=C(N=C(N=C2OC)C3=CC=CO3)N,COc1nc(-c2ccco2)nc(N)c1C(=O)NCc1ncccc1C,2.5957444106078444,11,17,0.21775636076927185,-0.11002518236637115,0.15874183177947998,0.10107821226119995,0.2664730101823807,0.057247959077358246,0.24271182715892792,-0.015352874994277954,0.2536443148688047
COC1=CC=C(C=C1)C(C2=NC(=NC3=C2C=C(C=C3)[N+](=O)[O-])CN)N,COc1ccc(C(N)c2nc(CN)nc3ccc([N+](=O)[O-])cc23)cc1,2.9250384829201774,10,15,0.08905331790447235,0.06797293573617935,0.10878454893827438,0.08300390094518661,0.2658108025789261,0.08002579212188721,0.1024186909198761,0.0696181058883667,0.23344947735191637
COC1=CC=C(C=C1)C2=C(N=CO2)C(=O)NCC3=NN=C4N3CCC4,COc1ccc(-c2ocnc2C(=O)NCc2nnc3n2CCC3)cc1,2.482809297293608,9,15,-0.1038065180182457,0.13659529387950897,0.2330196052789688,0.0617000013589859,0.2658083811402321,0.012218696065247059,0.023776957765221596,0.1733998954296112,0.1989247311827957
CCCN(C1=CC=CC(=C1)C2=CC=NC3=C(C=NN23)[N+](=O)[O-])C(=O)C,CCCN(C(C)=O)c1cccc(-c2ccnc3c([N+](=O)[O-])cnn23)c1,2.617911016396423,11,17,-0.06203699856996536,0.07544633746147156,0.2522926926612854,0.02496049553155899,0.2657020315527916,-0.04161190614104271,0.07981880009174347,0.11792775988578796,0.3234323432343234
CN1C2=C(C(=O)N(C1=O)C)N3CCC(=O)N(C3=N2)CC4=CC=CC=C4,Cn1c(=O)c2c(nc3n2CCC(=O)N3Cc2ccccc2)n(C)c1=O,2.4211987087041162,8,15,-0.11666734516620636,0.14410167932510376,0.2381066083908081,0.09198153018951416,0.2655409425497055,0.06258374452590942,0.006373528391122818,0.182163804769516,0.3490566037735849
COC1=C(C=C(C=C1)NC(=O)CC2=CC=CC=C2OC)N3C=NN=N3,COc1ccccc1CC(=O)Nc1ccc(OC)c(-n2cnnn2)c1,2.083051236176642,12,17,-0.11360284686088562,0.2095796763896942,0.16955092549324036,0.029136110097169876,0.26552775502204895,0.009994815103709698,-0.013792574405670166,0.17374783754348755,0.20261437908496732
CN1C=C(C(=N1)OC)C(=O)N2CC(C2)C3=NC(=NO3)C4=CC=CC=C4,COc1nn(C)cc1C(=O)N1CC(c2nc(-c3ccccc3)no2)C1,2.3907179750715493,8,14,-0.18299101293087006,0.22777974605560303,0.22073855996131897,0.05293531343340874,0.26552729308605194,0.015728022903203964,-0.033170174807310104,0.20163363218307495,0.21621621621621623
CC.C1=CC(=CN=C1)NC2=NC3=C(C=C2)OC(=C3)C4C(=O)NC(=O)N4,CC.O=C1NC(=O)C(c2cc3nc(Nc4cccnc4)ccc3o2)N1,3.221354087315781,12,16,0.3443848490715027,-0.12409751117229462,0.04499679058790207,0.135001078248024,0.26528412848711014,0.12273453176021576,0.25200706720352173,-0.034591641277074814,0.16066481994459833
C1CC1NC2=NC3=C(C=CC(=C3)C(=O)O)C4=CN=C(N=C42)NCCO,O=C(O)c1ccc2c(c1)nc(NC1CC1)c1nc(NCCO)ncc12,2.555666620792028,12,16,0.07178154587745667,0.31424394249916077,-0.12089093029499054,0.1316682994365692,0.2651345580816269,0.1752995401620865,0.02131287381052971,0.1609121859073639,0.27472527472527475
C1COCCN1CC2=NOC3=C2C=C(C=C3)NC(=O)C4=NC=CN=C4,O=C(Nc1ccc2onc(CN3CCOCC3)c2c1)c1cnccn1,2.420406537631944,10,15,0.03984173387289047,0.1466006189584732,0.07862712442874908,0.10195064544677734,0.26506947726011276,0.07442185282707214,0.08154012262821198,0.13537588715553284,0.16716417910447762
CC1=CC(=NN1CC2=CC=CC=C2)NC(=O)C3=C(N(N=C3)C)C(=O)O,Cc1cc(NC(=O)c2cnn(C)c2C(=O)O)nn1Cc1ccccc1,2.2689523350777403,10,15,0.36565303802490234,-0.25398093461990356,0.15321210026741028,0.11396489292383194,0.26488420367240906,0.0774584487080574,0.2879660129547119,-0.07626687735319138,0.13687150837988826
CC1=NC2=CC=CC=C2N1CCNC3=C(C=C(C=C3)C(=O)N)[N+](=O)[O-],Cc1nc2ccccc2n1CCNc1ccc(C(N)=O)cc1[N+](=O)[O-],2.173971675737082,12,17,0.021416643634438515,0.12266640365123749,0.1203952431678772,0.05487990006804466,0.2644782904535532,0.02535036951303482,0.0968671441078186,0.09431909769773483,0.16666666666666666
CN1C2=C(N=CC=C2)N=C1CC(=O)N/N=C\C3=CC(=C(C=C3)O)OC,COc1cc(/C=N\NC(=O)Cc2nc3ncccc3n2C)ccc1O,2.491865103998961,12,17,-0.06682442873716354,0.1621626317501068,0.16895678639411926,0.03195863962173462,0.26429498940706253,-0.00026834383606910706,0.04073312506079674,0.12876039743423462,0.25252525252525254
COC1=CC(=C(C=C1)C(=O)NCC2=NN=NN2C3=CC=CC=C3)OC,COc1ccc(C(=O)NCc2nnnn2-c2ccccc2)c(OC)c1,1.9733473900227967,10,15,0.1022583544254303,0.05834072828292847,0.10354785621166229,0.04329405725002289,0.26414693892002106,0.02377164363861084,0.11484269797801971,0.06714102625846863,0.15384615384615385
C1COCCN1C2=CC=CC3=NC(=NN32)NC4=CC=C(C=C4)C(=O)O,O=C(O)c1ccc(Nc2nc3cccc(N4CCOCC4)n3n2)cc1,2.3635521845433445,9,13,0.03558255732059479,0.12084634602069855,0.10739503800868988,0.05217340588569641,0.2638239413499832,0.052170783281326294,0.05978899449110031,0.09388154000043869,0.22884012539184953
CC1=NOC(=C1)C(=O)N2CCOC[C@H]2C3=NC=NN3C4=CC=CC=C4,Cc1cc(C(=O)N2CCOC[C@H]2c2ncnn2-c2ccccc2)on1,3.1776697970854633,10,15,-0.04260687530040741,0.13701188564300537,0.16932490468025208,0.046038128435611725,0.26372991502285004,0.006360754370689392,0.08992771804332733,0.0990288108587265,0.12437810945273632
CC1=CC(=NC(=N1)N2C(=O)C(=C(N2)C)CC3=CC=C(C=C3)[N+](=O)[O-])C,Cc1cc(C)nc(-n2[nH]c(C)c(Cc3ccc([N+](=O)[O-])cc3)c2=O)n1,2.528881336511091,7,13,0.15241560339927673,-0.052541594952344894,0.16363957524299622,0.09076569974422455,0.26351358368992805,0.057943977415561676,0.17479118704795837,0.023964298889040947,0.16379310344827586
C[C@H]1C(=O)N2CCC[C@@H]2C3=NN=C(N13)C4=CC=C(C=C4)C#N.C(=O)O,C[C@H]1C(=O)N2CCC[C@@H]2c2nnc(-c3ccc(C#N)cc3)n21.O=CO,3.5116605988988505,10,15,-0.055284157395362854,0.2666572332382202,0.05206810683012009,0.06565717607736588,0.26344118267297745,0.12777750194072723,-0.028355587273836136,0.09967342019081116,0.20949720670391062
CN1C(=CC(=N1)C2=CC=CC=C2)NC(=O)CN3C=CC(=N3)C(=O)OC,COC(=O)c1ccn(CC(=O)Nc2cc(-c3ccccc3)nn2C)n1,2.248100640293652,10,15,0.3648500442504883,-0.18545305728912354,0.08404101431369781,0.08965389430522919,0.26343800127506256,0.07086748629808426,0.2942677140235901,-0.08736202120780945,0.23410404624277456
CN1C=C(C=N1)NC(=O)CN2C(=O)C=CC(=N2)C3=CC(=CC=C3)OC,COc1cccc(-c2ccc(=O)n(CC(=O)Nc3cnn(C)c3)n2)c1,2.1747784301094697,12,17,0.06431706249713898,0.025241564959287643,0.1738789975643158,0.055232174694538116,0.2634376250207424,0.045761995017528534,0.08754874765872955,0.06761298328638077,0.34121621621621623
C1CN(CC2=CON=C21)C(=O)CCCC3=NC(=NO3)C4=CN=CC=C4,O=C(CCCc1nc(-c2cccnc2)no1)N1CCc2nocc2C1,2.834440217465625,11,17,-0.03449816629290581,0.43941736221313477,-0.14160920679569244,0.1027182787656784,0.2633099891245365,0.1773708164691925,-0.07740648090839386,0.2152635157108307,0.20215633423180593
COC1=CC(=C(C=C1)NC(=O)CN2N=C(N=N2)C3=CC=CC=C3)OC,COc1ccc(NC(=O)Cn2nnc(-c3ccccc3)n2)c(OC)c1,1.941330082330488,10,15,0.08000845462083817,0.1468466818332672,0.036128345876932144,0.05917184799909592,0.2629834823310375,0.06827044486999512,0.08986474573612213,0.07358724623918533,0.3054545454545455
C[C@@H](C1=CC=NC=C1)NC(=O)C2=NN(C(=C2)NC(=O)C3=CC=CO3)C,C[C@H](NC(=O)c1cc(NC(=O)c2ccco2)n(C)n1)c1ccncc1,2.7977954771935103,11,15,0.42609959840774536,-0.24581827223300934,0.08260554075241089,0.12655749917030334,0.2628868669271469,0.08492887765169144,0.3281480669975281,-0.09258410334587097,0.15053763440860216
CC1=NC(=NO1)C2COCCN2C(=O)C3=CC(=NN3)C4=CC=CC=C4,Cc1nc(C2COCCN2C(=O)c2cc(-c3ccccc3)n[nH]2)no1,3.0862150025649147,10,15,-0.018373269587755203,0.074960857629776,0.2051134556531906,0.027731256559491158,0.2617010436952114,0.010942431166768074,0.06132102385163307,0.07503920793533325,0.1780821917808219
CCN1C(=O)N2C=CC(=CC2=N1)N3CCCC4=C3N=CC(=C4)C(=O)O,CCn1nc2cc(N3CCCc4cc(C(=O)O)cnc43)ccn2c1=O,2.808413533034715,11,17,-0.067757248878479,0.22013263404369354,0.1084636002779007,0.05000007897615433,0.26083898544311523,0.06234702840447426,-0.022227078676223755,0.16010183095932007,0.21485411140583555
CN1C=C(C=CC1=O)NC(=O)C2=NN([C@H](C2)C(=O)N)C3=CC=CC=C3,Cn1cc(NC(=O)C2=NN(c3ccccc3)[C@@H](C(N)=O)C2)ccc1=O,2.846463537865233,11,15,0.08766339719295502,0.03593999892473221,0.13716262578964233,0.1123596727848053,0.26076602190732956,0.03818923979997635,0.13896512985229492,0.1301773488521576,0.18786127167630057
CC1=CC=C(C=C1)N2C(=CC(=C2C)C(=O)CN3C=NC(=N3)[N+](=O)[O-])C,Cc1ccc(-n2c(C)cc(C(=O)Cn3cnc([N+](=O)[O-])n3)c2C)cc1,2.4673341793204564,8,15,0.11660170555114746,-0.002165958285331726,0.14629420638084412,0.06884925067424774,0.26072995364665985,0.0463319756090641,0.1694904863834381,0.01046241819858551,0.14864864864864866
C1CCN(C1)C2=C(C=C(C=C2)/C=N/NC(=O)C3=CC=NC=C3)[N+](=O)[O-],O=C(N/N=C/c1ccc(N2CCCC2)c([N+](=O)[O-])c1)c1ccncc1,2.2117012361766424,9,13,0.0858164131641388,-0.04874461889266968,0.22337345778942108,0.07688826322555542,0.2604452520608902,0.04105040431022644,0.1619182527065277,0.021489320322871208,0.14873417721518986
C1CCC(CC1)OC2=NC=NC(=C2[N+](=O)[O-])N3C=NC4=CC=CC=C43,O=[N+]([O-])c1c(OC2CCCCC2)ncnc1-n1cnc2ccccc21,2.5441951771671594,10,15,-0.03284130245447159,-0.10296483337879181,0.39601224660873413,0.0540190227329731,0.26020611077547073,-0.04910990595817566,0.147347092628479,0.05801732838153839,0.1952662721893491
CC1=NC(=NO1)C2=CC=CC=C2OC3CN(C3)C(=O)C4=CN(N=C4)C,Cc1nc(-c2ccccc2OC2CN(C(=O)c3cnn(C)c3)C2)no1,2.4973606619621247,10,16,0.01223553717136383,-0.1437092125415802,0.3915945887565613,0.006547600030899048,0.2601209133863449,-0.09137381613254547,0.1524428129196167,0.03300359845161438,0.31097560975609756
[2H]C([2H])([2H])C1=NC(=NO1)C2=CC3=C(C=C2)[C@@H](CO3)NC(=O)C4=CC(=NN4C)C,[2H]C([2H])([2H])c1nc(-c2ccc3c(c2)OC[C@H]3NC(=O)c2cc(C)nn2C)no1,4.004107065286162,10,17,0.11013307422399521,-0.16506224870681763,0.31484049558639526,-0.014078794978559017,0.25991132110357285,-0.07654937356710434,0.173491433262825,-0.011911546811461449,0.24808184143222506
CCC1=NN(C2=C1C(=NCC(=N2)C(C(=O)O)N=O)C3=CC=CC=C3)C,CCc1nn(C)c2c1C(c1ccccc1)=NCC(C(N=O)C(=O)O)=N2,3.719568373030066,9,15,0.1009872630238533,-0.02665487304329872,0.18553876876831055,0.0989222452044487,0.2598711587488651,0.06375358998775482,0.14514249563217163,0.05745818838477135,0.11298076923076923
CN1C(=C2CNCCC2=N1)NC(=O)CN3C(=O)C4=CC=CC=C4C3=O,Cn1nc2c(c1NC(=O)CN1C(=O)c3ccccc3C1=O)CNCC2,2.5481838472275626,9,13,0.11195165663957596,0.13567538559436798,0.012159459292888641,0.08336392045021057,0.2597865015268326,0.09674832969903946,0.07761561870574951,0.09601780027151108,0.14986376021798364
C1CC(CCC1NC2=NC=C(N=C2)C(=O)O)OC3=C(C=CC=N3)C#N,N#Cc1cccnc1OC1CCC(Nc2cnc(C(=O)O)cn2)CC1,2.6743954669458727,11,15,-0.12223854660987854,0.016360873356461525,0.36505550146102905,0.03180159628391266,0.25917782820761204,-0.05409078672528267,0.05645737797021866,0.1351734697818756,0.24922118380062305
COC1=C(C=C(C=C1)C2=NC(=NC=C2C3=NN=C(C=C3)OC)N)OC,COc1ccc(-c2cnc(N)nc2-c2ccc(OC)c(OC)c2)nn1,2.3402204669458726,10,17,0.11232320964336395,0.0932496190071106,0.053584132343530655,0.09432873129844666,0.2591569609940052,0.09530256688594818,0.11065734922885895,0.06805596500635147,0.34765625
C1[C@@H]2CN([C@H]1CN2C(=O)C3=CC=CC=C3)C4=NC=C(C=N4)C(=O)NO,O=C(NO)c1cnc(N2C[C@H]3C[C@@H]2CN3C(=O)c2ccccc2)nc1,3.864115864631092,11,14,0.08452292531728745,0.077152319252491,0.09736157208681107,0.1262504905462265,0.2590368166565895,0.10296468436717987,0.15653075277805328,0.050176579505205154,0.24041811846689895
C1CCN(CC1)C2=CC3=C(C=C2)C(=O)NC(=N3)N4C=C(C=N4)C(=O)O,O=C(O)c1cnn(-c2nc3cc(N4CCCCC4)ccc3c(=O)[nH]2)c1,2.5668012361766426,10,15,0.12375997006893158,-0.08596813678741455,0.22123490273952484,0.08677954226732254,0.25902673602104187,0.02439291775226593,0.19502927362918854,0.025277502834796906,0.24307692307692308
CCOC(=O)C1=C2CN3C(=C(N=N3)C)C4=C(N2C=N1)C=CC(=C4)OC,CCOC(=O)c1ncn2c1Cn1nnc(C)c1-c1cc(OC)ccc1-2,2.9143366099577914,9,17,0.17886878550052643,-0.05209563300013542,0.13222703337669373,0.04101487994194031,0.25900018587708473,0.0408807173371315,0.1516437530517578,-0.00528140552341938,0.19559902200489
CC(C(=O)NC1=NN(C=C1)C)N2C(=O)C=CC(=N2)OC3=CC=CC=C3,CC(C(=O)Nc1ccn(C)n1)n1nc(Oc2ccccc2)ccc1=O,2.793575325514203,11,15,0.19718284904956818,-0.10666529834270477,0.1683613508939743,0.10163769870996475,0.2588789016008377,0.007230592891573906,0.2079748958349228,0.07695603370666504,0.24242424242424243
C1C[C@@H](OC1)C(=O)NC2=CC(=O)NC3=NC(=NN23)CC4=CC=CC=C4,O=C(Nc1cc(=O)[nH]c2nc(Cc3ccccc3)nn12)[C@H]1CCCO1,3.221520376642893,11,15,0.040741972625255585,0.06923864036798477,0.14886397123336792,0.07076206058263779,0.2588445842266083,0.05795316398143768,0.07671390473842621,0.08978509902954102,0.3136645962732919
CN1C=C(C=N1)N2CCCCOC3=C(C=CN=C3)C4=NC(=CO4)C2=O,Cn1cc(N2CCCCOc3cnccc3-c3nc(co3)C2=O)cn1,4.082093957993404,11,17,-0.0990847498178482,0.07595890760421753,0.28160616755485535,0.019012130796909332,0.25848032534122467,-0.014154072850942612,0.04562059044837952,0.09477397799491882,0.29521276595744683
COC1=NOC(=C1)C(=O)NC2=CC=CC(=C2)CNC3=C(N=CC=C3)N,COc1cc(C(=O)Nc2cccc(CNc3cccnc3N)c2)on1,2.3176512361766424,13,17,0.2890014350414276,0.011710185557603836,-0.042512260377407074,0.11687692999839783,0.2581993602216244,0.14271637797355652,0.2040768265724182,-0.018861744552850723,0.18541033434650456
C1CN(CCC1N2C(=O)CNC2=O)C(=O)C3=NC4=CC=CC=C4N=C3,O=C(c1cnc2ccccc2n1)N1CCC(N2C(=O)CNC2=O)CC1,2.483926236176643,10,15,-0.0951528400182724,0.27980682253837585,0.07320506870746613,0.09829754382371902,0.2578590512275696,0.10417039692401886,-0.0008016396313905716,0.16044020652770996,0.13725490196078433
CC1=C(C=C(C=C1)C(=O)O)NC2=NC=NN3C2=C(C(=C3)C(=O)NC)C,CNC(=O)c1cn2ncnc(Nc3cc(C(=O)O)ccc3C)c2c1C,2.48673083483885,11,17,0.13080134987831116,0.1064785048365593,0.020464077591896057,0.07716205716133118,0.2577439323067665,0.09456227719783783,0.11091698706150055,0.047801174223423004,0.14534883720930233
CC1(C(=O)N(C(=O)N1)CC(=O)N(C)CCC#N)C2=CC=C(C=C2)C#N,CN(CCC#N)C(=O)CN1C(=O)NC(C)(c2ccc(C#N)cc2)C1=O,2.9393199179557286,8,15,0.007297255098819733,-0.020726442337036133,0.27055224776268005,0.0587441548705101,0.25712306052446365,-0.01921151764690876,0.12148405611515045,0.09389258176088333,0.11217948717948718
CCC1=NC2=C(C=C1)C(=C(C(=O)N2C3=C(N=CC=C3)C)[N+](=O)[O-])NC,CCc1ccc2c(NC)c([N+](=O)[O-])c(=O)n(-c3cccnc3C)c2n1,2.845779664270287,10,17,0.32675740122795105,0.01719423569738865,-0.0872577354311943,0.11352710425853729,0.2566939014941454,0.1528366208076477,0.16916176676750183,-0.0031358497217297554,0.2138728323699422
COC1=CC=CC(=C1O)/C=N/NC(=O)CCN2C3=CC=CC=C3N=N2,COc1cccc(/C=N/NC(=O)CCn2nnc3ccccc32)c1O,2.2902954669458726,13,17,0.21764837205410004,0.16555924713611603,-0.12678182125091553,0.13652509450912476,0.25642579793930054,0.18256892263889313,0.13807669281959534,0.04463840276002884,0.1935483870967742
CCOC1=NC=C(C=C1)C(=O)N2CC[C@@H](C2)OC3=NC=CN=C3C#N,CCOc1ccc(C(=O)N2CC[C@H](Oc3nccnc3C#N)C2)cn1,3.063010076326771,11,17,0.07170295715332031,0.09024179726839066,0.09445004910230637,0.03682655841112137,0.25639480352401733,0.06114024296402931,0.05971548706293106,0.056345026940107346,0.1927710843373494
COC1=NN2C(=NN=C2CNC(=O)C=CC3=CC(=CC=C3)OC)C=C1,COc1cccc(C=CC(=O)NCc2nnc3ccc(OC)nn23)c1,2.4256627746381803,12,17,0.17836076021194458,0.06051212549209595,0.017356814816594124,0.05249553546309471,0.25622970052063465,0.08488990366458893,0.10486981272697449,0.03810713440179825,0.26101694915254237
CC1=CC=C(C=C1)NC2=NC(=NC(=N2)N)COC(=O)C3=C(OC=C3)C,Cc1ccc(Nc2nc(N)nc(COC(=O)c3ccoc3C)n2)cc1,2.3434557865558396,9,15,0.171170175075531,0.11582024395465851,-0.031118225306272507,0.07415929436683655,0.255872193723917,0.10391245782375336,0.10805848240852356,0.04472305625677109,0.13738019169329074
COC1=CC=CC(=C1)C2=NNC(=C2)C(=O)NCCN3C(=O)C=CC=N3,COc1cccc(-c2cc(C(=O)NCCn3ncccc3=O)[nH]n2)c1,2.2826089284843345,13,17,0.29894357919692993,-0.05054166167974472,0.0073228199034929276,0.060110270977020264,0.25572473742067814,0.11737001687288284,0.15716984868049622,-0.04273271560668945,0.26605504587155965
C/C(=C(/C(=O)NC1=CC=CC(=C1)N)\N=NC2=CC=C(C=C2)C(=O)N)/O,C/C(O)=C(\N=Nc1ccc(C(N)=O)cc1)C(=O)Nc1cccc(N)c1,2.6971040789860083,11,15,0.028493041172623634,0.15460240840911865,0.0725548267364502,0.10845170170068741,0.2556502763181925,0.08276055008172989,0.09498221427202225,0.1154632568359375,0.15210355987055016
CC1=NC2=NC=NN2C(=C1)C(=O)NC3=CC=C(C=C3)C(=O)OC(C)C,Cc1cc(C(=O)Nc2ccc(C(=O)OC(C)C)cc2)n2ncnc2n1,2.2525940933195,8,14,0.15901422500610352,0.14576482772827148,-0.04937123507261276,0.07712510228157043,0.25540781766176224,0.13617826998233795,0.09340377151966095,0.028948303312063217,0.20307692307692307
CCOC1=NC=C(C=C1)C(=O)N2CC[C@H](C2)OC3=NC=CN=C3C#N,CCOc1ccc(C(=O)N2CC[C@@H](Oc3nccnc3C#N)C2)cn1,3.063010076326771,11,17,0.07619602978229523,0.08503428101539612,0.09400656074285507,0.037453487515449524,0.2552368715405464,0.06195855140686035,0.06305374950170517,0.0523533970117569,0.1927710843373494
CC(C)N1C(=NC=N1)N2C=C3C(=N2)CCOC4=C3C=C(C=C4)C(=O)O,CC(C)n1ncnc1-n1cc2c(n1)CCOc1ccc(C(=O)O)cc1-2,2.9470525362849855,10,16,-0.16208741068840027,0.2182249128818512,0.19899111986160278,0.009904131293296814,0.2551286220550537,0.013880603015422821,-0.02062295749783516,0.1301039457321167,0.23796791443850268
CC1=CN=C(C=C1)NC(=O)N2C3CCN(C3)C4=C2N=C(C=C4)C(=O)O,Cc1ccc(NC(=O)N2c3nc(C(=O)O)ccc3N3CCC2C3)nc1,4.08698723516197,12,17,0.11398904770612717,0.025008391588926315,0.11596669256687164,0.08883555233478546,0.2549641318619251,0.1107603907585144,0.13178101181983948,-0.0018077027052640915,0.18823529411764706
COC1=C(C=C(C=C1)CNC(=O)C2=CC=CC=C2N3C=NN=N3)OC,COc1ccc(CNC(=O)c2ccccc2-n2cnnn2)cc1OC,2.0217070054074107,12,17,0.022236745804548264,0.3074202239513397,-0.07504346966743469,0.04244276136159897,0.2546135000884533,0.11805036664009094,0.005280651152133942,0.08420771360397339,0.16498316498316498
C1CCC2=NOC(=C2C1)C(=O)NCCC3=NC(=NO3)C4=CC=CC=N4,O=C(NCCc1nc(-c2ccccn2)no1)c1onc2c1CCCC2,2.6968861634115697,11,17,-0.0014637969434261322,0.29568663239479065,-0.03990531340241432,0.09005894511938095,0.2543175220489502,0.13904288411140442,-0.02843770757317543,0.1710793375968933,0.18090452261306533
CC(C)N1C2=NC3=C(C(=C2C(=O)N1)C4=CC=C(C=C4)O)N(C(=O)N3)C,CC(C)n1[nH]c(=O)c2c(-c3ccc(O)cc3)c3c(nc21)[nH]c(=O)n3C,3.1001034100896865,8,14,0.1079767644405365,-0.15403959155082703,0.3003629744052887,0.0883522778749466,0.25430014729499817,-0.010104957967996597,0.2113993763923645,0.03981548547744751,0.3116883116883117
C=CCNC(=O)C1=CC2=C(N=C3C=CC=CN3C2=O)N(C1=N)CCO,C=CCNC(=O)c1cc2c(=O)n3ccccc3nc2n(CCO)c1=N,2.7472083790337845,13,17,0.2810854911804199,0.06585724651813507,-0.09283775091171265,0.12618708610534668,0.25410498678684235,0.1705678254365921,0.1865902692079544,-0.009766248986124992,0.26625386996904027
C[C@H](C1=CC=NC=C1)NC(=O)C2=NN(C(=C2)NC(=O)C3=CC=CO3)C,C[C@@H](NC(=O)c1cc(NC(=O)c2ccco2)n(C)n1)c1ccncc1,2.7977954771935103,11,15,0.41039037704467773,-0.23913298547267914,0.08284026384353638,0.1210634708404541,0.254097655415535,0.0786718800663948,0.3186682462692261,-0.09036370366811752,0.15053763440860216
CC1=CC(=NO1)C(=O)N2CC(C2)N3C=C(N=N3)COC4=CC=CC=C4,Cc1cc(C(=O)N2CC(n3cc(COc4ccccc4)nn3)C2)no1,2.4297281592535658,9,14,0.03137752413749695,0.11271685361862183,0.10964387655258179,0.08364851027727127,0.25373825430870056,0.0676756203174591,0.061702944338321686,0.11926575750112534,0.15324675324675324
COC1=CC=C(C=C1)NC(=O)CN2N=C(N=N2)COC3=CC=CC=C3,COc1ccc(NC(=O)Cn2nnc(COc3ccccc3)n2)cc1,1.981591805196663,9,13,0.07414109259843826,0.1314353048801422,0.047737348824739456,0.1328440010547638,0.25331374630331993,0.1075514629483223,0.09135499596595764,0.13896715641021729,0.2078853046594982
CC1=NOC(=C1)C(=O)N2CCOC[C@@H]2C3=NC=NN3C4=CC=CC=C4,Cc1cc(C(=O)N2CCOC[C@@H]2c2ncnn2-c2ccccc2)on1,3.1776697970854633,10,15,-0.057804785668849945,0.140595480799675,0.1701551377773285,0.04023903235793114,0.25294583290815353,-0.001256350427865982,0.0785994827747345,0.10282159596681595,0.12437810945273632
CCC1=NC2=C(C=NN2)C(C1C(=O)OCC)C3=CC=CC4=NON=C43,CCOC(=O)C1C(CC)=Nc2[nH]ncc2C1c1cccc2nonc12,3.941782588865406,11,17,0.050595931708812714,0.31463107466697693,-0.11276136338710785,0.11982510983943939,0.2524656429886818,0.19184741377830505,0.001042291522026062,0.11686714738607407,0.12398921832884097
CC(C)N1C(=NC=N1)C2=CN3CCOC4=C(C3=N2)C=C(C=C4)C(=O)O,CC(C)n1ncnc1-c1cn2c(n1)-c1cc(C(=O)O)ccc1OCC2,2.8073331430022126,10,16,-0.1323365867137909,0.13040241599082947,0.2543032467365265,0.005277880001813173,0.25236907601356506,-0.007448751479387283,0.017304258421063423,0.10017888247966766,0.3261538461538461
C1COCCN1C2=C(N3C(=O)/C(=C/C4=CC=CC=C4)/NC3=NC2=O)N,Nc1c(N2CCOCC2)c(=O)nc2[nH]/c(=C\c3ccccc3)c(=O)n12,2.9275685438689507,8,13,0.0743831992149353,-0.054750535637140274,0.23261359333992004,0.09872898459434509,0.2522462569177151,0.02161584049463272,0.1763174682855606,0.05599583685398102,0.23030303030303031
COC1(CCOCC1)C2=NOC(=N2)C3=CN=C(N=C3)C4=CC=CC=N4,COC1(c2noc(-c3cnc(-c4ccccn4)nc3)n2)CCOCC1,2.9048815896069957,8,14,0.03665746748447418,0.07500694692134857,0.14053238928318024,0.06356867402791977,0.252196803689003,0.056979164481163025,0.05258289724588394,0.09859955310821533,0.23333333333333334
CCCC1=NC(=NC2=C1N=C(C=C2)C3=CC(=C(C=C3)OC)[N+](=O)[O-])N,CCCc1nc(N)nc2ccc(-c3ccc(OC)c([N+](=O)[O-])c3)nc12,2.443425741671147,10,17,0.14697089791297913,0.26083552837371826,-0.15565642714500427,0.1112915575504303,0.2521499991416931,0.1651080995798111,0.06211353838443756,0.09762345254421234,0.31208053691275167
CC1=NC=CN1C2=NN=C(C=C2)C(=O)NC3=C(C=C(C=C3)OC)OC,COc1ccc(NC(=O)c2ccc(-n3ccnc3C)nn2)c(OC)c1,2.252568462612178,11,17,-0.13623473048210144,0.25342077016830444,0.13462284207344055,0.02720084972679615,0.25180888175964355,-0.00796898826956749,0.01232268288731575,0.16676844656467438,0.18950437317784258
CCC(C)N1C(=O)C=CC2=CN=C(N=C21)NC3=CC(=CC=C3)[N+](=O)[O-],CCC(C)n1c(=O)ccc2cnc(Nc3cccc([N+](=O)[O-])c3)nc21,2.89791584555754,12,17,0.4064556360244751,-0.04184319078922272,-0.11305293440818787,0.16994866728782654,0.2515595108270645,0.21529749035835266,0.2515389621257782,-0.058820940554142,0.2857142857142857
CC1=CC2=C(C=C1)N=C(N2)[C@H]3CCCN3C(=O)C4=CC(=O)NC(=O)N4,Cc1ccc2nc([C@H]3CCCN3C(=O)c3cc(=O)[nH]c(=O)[nH]3)[nH]c2c1,2.9654567989703224,12,17,-0.04580157250165939,0.13997647166252136,0.15712358057498932,0.029938846826553345,0.2512984797358513,0.07401102781295776,-0.02297661453485489,0.09212831407785416,0.22082018927444794
COC1=C(C=C(C=C1)CC(=O)NC2=CC=CC(=C2)C3=NNN=N3)OC,COc1ccc(CC(=O)Nc2cccc(-c3nn[nH]n3)c2)cc1OC,2.0192377746381798,12,17,0.1458672732114792,0.09054778516292572,0.014862868934869766,0.07422827184200287,0.2512779273092747,0.12782981991767883,0.08853063732385635,0.015428884886205196,0.33204633204633205
CC(C)N1C(=NC=N1)C2=C(C=CC=N2)COC3=CNC(=O)C=C3C=O,CC(C)n1ncnc1-c1ncccc1COc1c[nH]c(=O)cc1C=O,3.039215266512505,11,16,0.2787005305290222,-0.043231017887592316,0.015572022646665573,0.11368121951818466,0.2510415352880955,0.13488608598709106,0.2177787721157074,-0.05915239825844765,0.3033033033033033
COC1=CC(=C(C=C1)CNC(=O)C2=CC=CC=C2N3C=NN=N3)OC,COc1ccc(CNC(=O)c2ccccc2-n2cnnn2)c(OC)c1,2.0951800823304882,12,17,0.051962822675704956,0.2516329884529114,-0.052643999457359314,0.05214846879243851,0.250951811671257,0.08912666141986847,0.035992786288261414,0.1031593307852745,0.1551155115511551
CC1=CC(=C2C(=NOC2=N1)C)C(=O)N3CCO[C@H](C3)C4=NC=CN=C4,Cc1cc(C(=O)N2CCO[C@@H](c3cnccn3)C2)c2c(C)noc2n1,3.2263504609421547,10,17,0.2327311933040619,-0.009052956476807594,0.026901934295892715,0.11252906173467636,0.250580171123147,0.12379175424575806,0.18837134540081024,-0.013895027339458466,0.13903743315508021
CCOC1=CC=C(C=C1)NC(=O)CN2C(=O)C=CC(=N2)N3C=CC=N3,CCOc1ccc(NC(=O)Cn2nc(-n3cccn3)ccc2=O)cc1,2.1728416207920276,11,15,0.14981234073638916,0.0330776646733284,0.06760089099407196,0.13014334440231323,0.2504908964037895,0.08043460547924042,0.1652660369873047,0.08912897855043411,0.2411764705882353
CCOC1=NC(=NC2=C1N=C(C=C2)COC3=CC=C(C=C3)C(=O)N)N,CCOc1nc(N)nc2ccc(COc3ccc(C(N)=O)cc3)nc12,2.304561745385744,9,15,0.07266566157341003,0.2234874814748764,-0.04587618261575699,0.1300196647644043,0.25027696043252945,0.12442272901535034,0.08591976761817932,0.12992867827415466,0.2791519434628975
CC(C1=CN=C(N=N1)NC2=CC=C(C=C2)OC)NC(=O)C3=COC=C3,COc1ccc(Nc2ncc(C(C)NC(=O)c3ccoc3)nn2)cc1,2.8870485378652333,11,15,0.2081853300333023,-0.024924838915467262,0.06698720157146454,0.11064854264259338,0.2502476926892996,0.09162025898694992,0.17218858003616333,0.029645392671227455,0.20175438596491227
C[C@H]1C(=O)N2CCC[C@@H]2C3=NN=C(N13)C4=CC=CC(=C4)C#N.C(=O)O,C[C@H]1C(=O)N2CCC[C@@H]2c2nnc(-c3cccc(C#N)c3)n21.O=CO,3.563162271139653,12,17,-0.015151632949709892,0.1944335252046585,0.07084986567497253,0.06754688918590546,0.25013175792992115,0.12842440605163574,0.003529561683535576,0.06305663287639618,0.20833333333333334
C1COCCN1C2=C(N3C(=O)/C(=C\C4=CC=CC=C4)/NC3=NC2=O)N,Nc1c(N2CCOCC2)c(=O)nc2[nH]/c(=C/c3ccccc3)c(=O)n12,2.9275685438689507,8,13,0.045612238347530365,-0.02856597676873207,0.23307710886001587,0.09513026475906372,0.25012337043881416,0.018472779542207718,0.16281837224960327,0.06743070483207703,0.23030303030303031
CN1C(=CC=N1)C(=O)N2CCNC(=O)C2CC3=NC4=CC=CC=C4O3,Cn1nccc1C(=O)N1CCNC(=O)C1Cc1nc2ccccc2o1,3.157229307096001,12,17,0.10819041728973389,0.07453972101211548,0.06679822504520416,0.11061301827430725,0.24952836334705353,0.0729418396949768,0.15470781922340393,0.07647636532783508,0.1278772378516624
CC(C)N(C)C1=NC2=C(NC(=O)C(=C2)C(=O)O)N=C1C3=CN=CC=C3,CC(C)N(C)c1nc2cc(C(=O)O)c(=O)[nH]c2nc1-c1cccnc1,2.778120132497712,10,16,0.12481901794672012,0.016195062547922134,0.10842688381671906,0.13772089779376984,0.2494409643113613,0.11214649677276611,0.12828531861305237,0.08331264555454254,0.3512658227848101
COC1=CC=CC(=C1)NC(=O)CCC(=O)NC2=NN=C3N2C=CC=C3,COc1cccc(NC(=O)CCC(=O)Nc2nnc3ccccn23)c1,2.1330108515612576,13,17,0.2589467167854309,0.08510524779558182,-0.09513500332832336,0.06582506746053696,0.24891696125268936,0.11095325648784637,0.1265656054019928,0.012645152397453785,0.38671875
CN1C(=NC2=C1N=CC=C2)CC(=O)N/N=C/C3=CC(=C(C=C3)O)OC,COc1cc(/C=N/NC(=O)Cc2nc3cccnc3n2C)ccc1O,2.3986843889393725,12,17,-0.14714932441711426,0.1989535689353943,0.1964782178401947,0.022716913372278214,0.24828246235847473,-0.015397916547954082,0.006977800279855728,0.1446571797132492,0.25252525252525254
COC1=CC=CC(=C1)CNC(=O)COC2=CC=C(C=C2)N3C=NN=N3,COc1cccc(CNC(=O)COc2ccc(-n3cnnn3)cc2)c1,1.982708981171374,11,15,0.0915028527379036,0.06478346884250641,0.09150885790586472,0.01376592181622982,0.24779517948627472,0.03959965705871582,0.06590374559164047,0.03777162358164787,0.21830985915492956
CN1C(=NN=N1)C2=CC(=CC=C2)C(=O)NC3=CC(=C(C=C3)OC)OC,COc1ccc(NC(=O)c2cccc(-c3nnnn3C)c2)cc1OC,1.973638668462666,11,17,-0.023045839741826057,0.12444107979536057,0.14596331119537354,-0.009718773886561394,0.24735855124890804,-0.014403138309717178,0.04709485173225403,0.06963250786066055,0.2664359861591695
C1CN(CCC12C(=O)NC(=O)N2)C(=O)C3=CN(N=C3)C4=CC=CC=C4,O=C1NC(=O)C2(CCN(C(=O)c3cnn(-c4ccccc4)c3)CC2)N1,2.900710076326771,9,13,0.13156527280807495,0.09948040544986725,0.01629464514553547,0.10210686922073364,0.24734032340347767,0.11931449174880981,0.10242301225662231,0.05431181192398071,0.11494252873563218
CC1=NN=C2N1CC(N(C2)CC3=CC(=NO3)C4=CC=CC=C4)C(=O)O,Cc1nnc2n1CC(C(=O)O)N(Cc1cc(-c3ccccc3)no1)C2,3.156579307096001,10,15,0.042535774409770966,0.06476958096027374,0.13974939286708832,0.11195457726716995,0.24705474823713303,0.0723433643579483,0.1206328272819519,0.08599553257226944,0.17379679144385027
CN1C=C(C=CC1=O)NC(=O)C2=NN([C@@H](C2)C(=O)N)C3=CC=CC=C3,Cn1cc(NC(=O)C2=NN(c3ccccc3)[C@H](C(N)=O)C2)ccc1=O,2.846463537865233,11,15,0.09330005943775177,0.016096536070108414,0.13756757974624634,0.11128212511539459,0.24696417525410652,0.037412527948617935,0.14265164732933044,0.11698238551616669,0.18786127167630057
CN1CC2(CCN(C2)C(=O)C3=CN=C(N=C3)C4=CN=CC=C4)OC1=O,CN1CC2(CCN(C(=O)c3cnc(-c4cccnc4)nc3)C2)OC1=O,3.5792996857076673,10,16,-0.005566606298089027,0.10303762555122375,0.14852139353752136,0.1035974770784378,0.2459924127906561,0.07809671759605408,0.06259162724018097,0.12082207202911377,0.262987012987013
CC1=CC(=C2C(=NOC2=N1)C)C(=O)N3CCO[C@@H](C3)C4=NC=CN=C4,Cc1cc(C(=O)N2CCO[C@H](c3cnccn3)C2)c2c(C)noc2n1,3.2263504609421547,10,17,0.2328367680311203,-0.01400674320757389,0.026498181745409966,0.11216950416564941,0.24532820656895638,0.1228310614824295,0.18775372207164764,-0.015871988609433174,0.13903743315508021
CC(C1=CC(=CC=C1)N2C=CC=N2)NC(=O)CN3C=CC(=O)NC3=O,CC(NC(=O)Cn1ccc(=O)[nH]c1=O)c1cccc(-n2cccn2)c1,2.8132193125131177,14,17,0.2166702151298523,-0.056862302124500275,0.08548524975776672,0.09444107115268707,0.24529316276311874,0.09911178797483444,0.19615048170089722,-0.044725451618433,0.21987951807228914
CN1C=NC2=C1C(=O)N(C(=O)N2C)CC3CC(=NO3)C4=CC=CC=C4,Cn1cnc2c1c(=O)n(CC1CC(c3ccccc3)=NO1)c(=O)n2C,3.005134805470865,9,15,-0.014871347695589066,-0.08112148195505142,0.3412545919418335,0.06870131939649582,0.245261762291193,-0.04100410267710686,0.15335965156555176,0.08044110238552094,0.21574344023323616
COCCN1C(=O)C=CC(=N1)C(=O)NC2=CC=CC(=C2)C3=CC=NN3,COCCn1nc(C(=O)Nc2cccc(-c3ccn[nH]3)c2)ccc1=O,2.336497390022796,13,17,0.06843160837888718,-0.007914742454886436,0.18411152064800262,0.07285301387310028,0.24462838657200336,0.03526894375681877,0.14297616481781006,0.037234365940093994,0.2261904761904762
CN(C)CC1=C(N=C2N1C=CC=C2)C(=O)NC3=CC(=CC=C3)[N+](=O)[O-],CN(C)Cc1c(C(=O)Nc2cccc([N+](=O)[O-])c2)nc2ccccn12,2.3552198076052147,11,16,0.0449872650206089,-0.04153277352452278,0.24116170406341553,0.09433959424495697,0.24461619555950165,0.03916047140955925,0.15111814439296722,0.04458377882838249,0.17096774193548386
CC1=NN=C2N1CCN(C2)C(=O)CCN3C(=O)C4=CC=CC=C4C3=O,Cc1nnc2n1CCN(C(=O)CCN1C(=O)c3ccccc3C1=O)C2,2.370079405190726,8,13,-0.08264274895191193,0.235386922955513,0.09119109809398651,0.07271172106266022,0.24393527209758759,0.07905158400535583,-0.005495872348546982,0.15531548857688904,0.1388888888888889
C1C[C@H](OC1)C(=O)NC2=CC(=O)NC3=NC(=NN23)CC4=CC=CC=C4,O=C(Nc1cc(=O)[nH]c2nc(Cc3ccccc3)nn12)[C@@H]1CCCO1,3.221520376642893,11,15,0.01649067923426628,0.07681440562009811,0.1505011022090912,0.06288660317659378,0.24380618706345558,0.04537319764494896,0.06330672651529312,0.09680285304784775,0.3136645962732919
COC1=CC(=CC=C1)OCC(=O)NCC2=CN(N=N2)C3=CN=CC=C3,COc1cccc(OCC(=O)NCc2cn(-c3cccnc3)nn2)c1,2.208528370001721,13,17,0.027142144739627838,0.16246533393859863,0.054162945598363876,0.0030708983540534973,0.24377042427659035,0.02019185572862625,0.0237627774477005,0.09306645393371582,0.22653721682847897
CC1=C(C=C(C=C1)C2=NC=CO2)NC(=O)C(=O)NC3=CC(=NN3C)C,Cc1cc(NC(=O)C(=O)Nc2cc(-c3ncco3)ccc2C)n(C)n1,2.5003888185942245,11,17,0.16197240352630615,-0.23190665245056152,0.3136845529079437,0.05751226842403412,0.24375030398368835,-0.06575047224760056,0.2701718509197235,-0.01005072146654129,0.2375366568914956
CCN1C(=O)C2=C(N=C3N2C=C(N3C4=CC=C(C=C4)O)C)N(C1=O)C,CCn1c(=O)c2c(nc3n(-c4ccc(O)cc4)c(C)cn23)n(C)c1=O,2.5656398649391843,8,15,-0.012047200463712215,-0.10877220332622528,0.36447733640670776,0.05553112179040909,0.24365793261677027,-0.08121725171804428,0.15151819586753845,0.11471861600875854,0.2375
CCOC(=O)C1=C(C=C(C=C1)C2=CC3=C(C=C2)N=C(N=C3NN)N)O,CCOC(=O)c1ccc(-c2ccc3nc(N)nc(NN)c3c2)cc1O,2.307648379033786,12,17,0.172507643699646,0.3517574667930603,-0.2807743549346924,0.12674137949943542,0.24349075555801392,0.25293540954589844,0.010293827392160892,0.0906979888677597,0.2846975088967972
CC1=CC2=C(C=C1)N=C(N2)C3CCCN3C(=O)C4=CC(=O)NC(=O)N4,Cc1ccc2nc(C3CCCN3C(=O)c3cc(=O)[nH]c(=O)[nH]3)[nH]c2c1,2.9654567989703224,12,17,0.014958041720092297,0.06722775101661682,0.16113829612731934,0.034838564693927765,0.24332408886402845,0.06741123646497726,0.028498385101556778,0.05183245241641998,0.22082018927444794
COC1=C(C=C(C=C1)C2=NC(=NC(=O)N2)NN)OC.C1=CC2=C1C=C2,COc1ccc(-c2nc(NN)nc(=O)[nH]2)cc1OC.c1cc2ccc1=2,2.7645358515612575,9,13,0.2795601189136505,0.046238336712121964,-0.08294089138507843,0.10975409299135208,0.24285756424069405,0.1645933985710144,0.15373651683330536,-0.00446474552154541,0.4383561643835616
CC1=CC(=NO1)NC2=NC(=NC(=C2)NC3=CC=C(C=C3)C(=O)OC)C,COC(=O)c1ccc(Nc2cc(Nc3cc(C)on3)nc(C)n2)cc1,2.3324666207920277,9,15,0.3195379078388214,-0.010165082290768623,-0.06691107153892517,0.08846701681613922,0.24246175400912762,0.14638091623783112,0.1669338047504425,-0.05062926188111305,0.1536050156739812
CC1=NN(C=C1C(=O)N[C@@H]2COC3=C2C=CC(=C3)C4=NOC(=N4)C)C,Cc1nc(-c2ccc3c(c2)OC[C@H]3NC(=O)c2cn(C)nc2C)no1,3.0804910351566726,10,17,-0.05413885787129402,0.025311080738902092,0.2711668908596039,-0.019716663286089897,0.24233911372721195,-0.07266414165496826,0.04640169441699982,0.10183027386665344,0.25956284153005466
CC(C)N1C(=NC=N1)N2C=C3CCOC4=C(C3=N2)C=C(C=C4)C(=O)O,CC(C)n1ncnc1-n1cc2c(n1)-c1cc(C(=O)O)ccc1OCC2,2.8707465774550833,10,16,-0.13434889912605286,0.18704286217689514,0.1895785927772522,0.0003649289719760418,0.24227255582809448,0.004705853760242462,-0.009726922027766705,0.10971830785274506,0.25935828877005346
COC1=CC(=C(C=C1)OC)NC(=O)CN2C(=NN=N2)C3=CC=CC=C3,COc1ccc(OC)c(NC(=O)Cn2nnnc2-c2ccccc2)c1,1.956208928484335,10,15,0.10420431196689606,0.1099814921617508,0.027762366458773613,0.050843507051467896,0.24194817058742046,0.07210482656955719,0.1057153195142746,0.026473384350538254,0.29553264604810997
CC1=C2C(=NC=C1)N=C(N2)CN3C(=O)C(NC3=O)(C)C4=CC=C(O4)C,Cc1ccc(C2(C)NC(=O)N(Cc3nc4nccc(C)c4[nH]3)C2=O)o1,3.3044389224806165,10,17,0.18294908106327057,-0.07033342123031616,0.1292198747396469,0.06277620792388916,0.24183553457260132,0.04392378032207489,0.16549080610275269,0.00011799787171185017,0.16445623342175067
CC1=NC(=CC(=O)N1)[C@@H]2CN(CCO2)C(=O)C3=NNC4=CC=CC=C43,Cc1nc([C@@H]2CN(C(=O)c3n[nH]c4ccccc34)CCO2)cc(=O)[nH]1,3.2658850763267715,12,17,0.023540396243333817,-0.0020555704832077026,0.22008293867111206,0.04133772850036621,0.24156776443123817,0.027042396366596222,0.0939144641160965,0.031210551038384438,0.21739130434782608
CC1=C2C(=NC=C1)N=C(N2)CN3C(=O)[C@@](NC3=O)(C)C4=CC=C(O4)C,Cc1ccc([C@@]2(C)NC(=O)N(Cc3nc4nccc(C)c4[nH]3)C2=O)o1,3.3044389224806165,10,17,0.23803672194480896,-0.107577383518219,0.11086226999759674,0.06702721118927002,0.2413216084241867,0.06010197848081589,0.1854802370071411,-0.028501354157924652,0.16445623342175067
CN1C=CC2=C1N=C(C=C2)C(=O)N3CC4=C(CC3C(=O)OC)N=CN4,COC(=O)C1Cc2nc[nH]c2CN1C(=O)c1ccc2ccn(C)c2n1,3.4028099950699993,11,17,-0.029933558776974678,0.1572665274143219,0.11398816108703613,0.039840441197156906,0.24132112972438335,0.06142266094684601,0.007470404729247093,0.08893856406211853,0.19714285714285715
CC1=CC=C(O1)C2=CC(=NN2)C(=O)N3CCC4=C(C3)N=C(NC4=O)C,Cc1nc2c(c(=O)[nH]1)CCN(C(=O)c1cc(-c3ccc(C)o3)[nH]n1)C2,2.9293548114745835,10,17,0.1813032329082489,0.06848060339689255,-0.008572439663112164,0.0926101952791214,0.24121139664202929,0.11566215753555298,0.11306501179933548,0.04008781909942627,0.22251308900523561
CC1=NN=C2N1C=CC=C2NC(=O)N[C@H](C3=CC=CC=C3)C(=O)OC,COC(=O)[C@H](NC(=O)Nc1cccn2c(C)nnc12)c1ccccc1,2.78815777405158,11,15,0.38682109117507935,-0.15017996728420258,0.0045396690256893635,0.11800447106361389,0.24118079291656613,0.13125057518482208,0.271239310503006,-0.10500545799732208,0.1977077363896848
CC1=NOC(=N1)C2=C(N=CC=C2)N3CC[C@@H](C3)NC(=O)C4=COC=C4,Cc1noc(-c2cccnc2N2CC[C@H](NC(=O)c3ccoc3)C2)n1,3.023012052090733,12,17,0.03215361386537552,0.21987992525100708,-0.011332841590046883,0.09547867625951767,0.24070069752633572,0.11979546397924423,0.07208193838596344,0.07972810417413712,0.2198952879581152
C1=CC(=CC(=C1)NC2=NC=C3C=CN(C(=O)C3=N2)CCC(=O)N)CO,NC(=O)CCn1ccc2cnc(Nc3cccc(CO)c3)nc2c1=O,2.4741888309762086,13,17,0.14775824546813965,0.08723035454750061,0.0055981846526265144,0.11843068897724152,0.24058678466826677,0.10193382203578949,0.12952277064323425,0.0865694209933281,0.2702702702702703
CC1=NC=CN1C2=NC=C(C=N2)NC(=O)C3=CC(=C(C=C3)OC)OC,COc1ccc(C(=O)Nc2cnc(-n3ccnc3C)nc2)cc1OC,2.220671604540673,10,16,-0.11950252950191498,0.30158084630966187,0.05815327912569046,0.041482049971818924,0.24023159593343735,0.030800119042396545,-0.0007605012506246567,0.1510319858789444,0.2508591065292096
CC1=NC(=NO1)C2=CC3=C(C=C2)C=CN=C3N[C@@H]4CCN(C4)C(=O)O,Cc1nc(-c2ccc3ccnc(N[C@@H]4CCN(C(=O)O)C4)c3c2)no1,2.9341369994036928,12,17,0.09541390091180801,0.21715432405471802,-0.07236975431442261,0.10840070992708206,0.24019847065210342,0.15866190195083618,0.05434764176607132,0.084138885140419,0.29260450160771706
CCC(C1=NC=NC=C1)NC2=C(C(=O)C2=O)NC3=CC=CN(C3=O)C,CCC(Nc1c(Nc2cccn(C)c2=O)c(=O)c1=O)c1ccncn1,3.2722584829201766,12,17,0.12679481506347656,0.13049568235874176,-0.01713523082435131,0.0996527299284935,0.240155266597867,0.09960795938968658,0.10868962109088898,0.07759249210357666,0.2054380664652568
CC1=C2C(=CC=C1)C(=O)N(C=N2)CCC(=O)NNC(=O)C3=CC=CN3,Cc1cccc2c(=O)n(CCC(=O)NNC(=O)c3ccc[nH]3)cnc12,2.4224295677042686,13,17,0.42654675245285034,-0.09037494659423828,-0.09604460000991821,0.12817025184631348,0.24012720584869385,0.14932399988174438,0.2671971619129181,-0.08328132331371307,0.2476489028213166
C1C(CC1NC(=O)C2=CC(=NN2)C3=CC=CC=C3)C4=NN=C(O4)CO,O=C(NC1CC(c2nnc(CO)o2)C1)c1cc(-c2ccccc2)n[nH]1,2.607553159253566,11,14,0.09961816668510437,0.3035224676132202,-0.16323527693748474,0.1374708116054535,0.23990535736083984,0.21769055724143982,0.011431960389018059,0.1193573921918869,0.1623931623931624
CN1C=CN=C1[C@H](C2=CC=CC=C2OC)NC(=O)C3=NNC(=O)C=C3,COc1ccccc1[C@H](NC(=O)c1ccc(=O)[nH]n1)c1nccn1C,2.8400652496745487,13,17,0.005437746644020081,0.2473156750202179,-0.01290015410631895,0.09231820702552795,0.23985326755791903,0.12458814680576324,0.018072864040732384,0.12790285050868988,0.2188449848024316
CC(C)N1C(=CC=N1)C2=CN3C(=N2)CCOC4=C3N=CC(=C4)C(=O)O,CC(C)n1nccc1-c1cn2c(n1)CCOc1cc(C(=O)O)cnc1-2,3.0910876392102278,10,16,-0.05766469985246658,0.04667805880308151,0.2507224977016449,0.017207052558660507,0.23973585665225983,-0.013767670840024948,0.06934963911771774,0.06304215639829636,0.22946859903381642
CC1=CN=C(N1)[C@H]2CN(CCO2)C(=O)C3=NNC(=O)C4=CC=CC=C43,Cc1cnc([C@H]2CN(C(=O)c3n[nH]c(=O)c4ccccc34)CCO2)[nH]1,3.14151007632677,12,17,0.015513734892010689,0.08595922589302063,0.13794243335723877,0.03389113396406174,0.2394153941422701,0.03434176743030548,0.08542898297309875,0.03243936225771904,0.19345238095238096
CCOC(=O)NC1=CC=C(C=C1)C(=O)NCC2=NN=C3N2C=CC=C3,CCOC(=O)Nc1ccc(C(=O)NCc2nnc3ccccn23)cc1,2.066820466945874,11,15,0.15950234234333038,0.18807868659496307,-0.10828594863414764,0.10987156629562378,0.2392950803041458,0.15086936950683594,0.08471374213695526,0.0836559608578682,0.19745222929936307
CC1=C(C=CO1)C(=O)NC(C)C2=CC=C(C=C2)N3C=C(N=N3)C(=O)N,Cc1occc1C(=O)NC(C)c1ccc(-n2cc(C(N)=O)nn2)cc1,2.829118263139957,10,15,0.04397423565387726,0.05482935905456543,0.14030367136001587,0.10168369859457016,0.23910726606845856,0.044486153870821,0.14752504229545593,0.07317554950714111,0.10810810810810811
CCOC(=O)C1(C2=CC3=C(C=C2NC1=O)NC(N3)C4=NC=NC=C4)C,CCOC(=O)C1(C)C(=O)Nc2cc3c(cc21)NC(c1ccncn1)N3,4.019813710208851,12,17,-0.0670522078871727,0.280099481344223,0.025869879871606827,0.07517813891172409,0.23891715332865715,0.06546959280967712,-0.017624221742153168,0.1972329318523407,0.2005813953488372
C1=CC(=NC=C1OCCCCC2=NC=CC(=C2)C(=O)O)N3C=NC=N3,O=C(O)c1ccnc(CCCCOc2ccc(-n3cncn3)nc2)c1,2.440349023321005,13,17,-0.11375671625137329,0.30803078413009644,0.0443618968129158,0.04176081717014313,0.23863596469163895,0.07008934020996094,-0.06122354045510292,0.17865481972694397,0.20783132530120482
CCOC(=O)C1=C(N(N=C1)C2=CC(=NC=N2)OC3=CC=CC(=C3)C)N,CCOC(=O)c1cnn(-c2cc(Oc3cccc(C)c3)ncn2)c1N,2.4103970649957116,11,17,0.0638788715004921,0.13141843676567078,0.04315420612692833,0.10827375948429108,0.2384515143930912,0.08444575220346451,0.07312138378620148,0.13307027518749237,0.17473118279569894
COC1=CN=C(NC1=O)C2CCCN2C(=O)C3=CN4C=NC=C4C=C3,COc1cnc(C2CCCN2C(=O)c2ccc3cncn3c2)[nH]c1=O,3.327604307096001,12,17,-0.14903247356414795,0.29013946652412415,0.09690673649311066,0.04010038077831268,0.23801372945308685,0.06870511174201965,-0.0519675575196743,0.15716521441936493,0.2523076923076923
CNC(=O)C1=CC=C(C=C1)OCC2=NN(C=CC2=O)C3=CN(N=C3)C,CNC(=O)c1ccc(OCc2nn(-c3cnn(C)c3)ccc2=O)cc1,2.46744126867935,10,15,0.12183988094329834,0.33298230171203613,-0.21696695685386658,0.08243730664253235,0.2378552258014679,0.16986970603466034,0.0040667857974767685,0.10871001332998276,0.1863905325443787
COC1=CC=C(C=C1)NC(=O)CN2N=C(N=N2)C3=CC(=CC=C3)OC,COc1ccc(NC(=O)Cn2nnc(-c3cccc(OC)c3)n2)cc1,1.9193723900227955,10,15,0.05568701773881912,0.07639332115650177,0.10555257648229599,0.08797253668308258,0.23763291537761688,0.06406933814287186,0.0879199281334877,0.09451567381620407,0.30711610486891383
CNC1=NC2=C(C=C(C=C2)[N+](=O)[O-])C(=N1)C(C3=CC=C(C=C3)OC)N,CNc1nc(C(N)c2ccc(OC)cc2)c2cc([N+](=O)[O-])ccc2n1,2.8738413400630325,10,15,0.16578978300094604,0.12703588604927063,-0.055272892117500305,0.06777678430080414,0.23755277693271637,0.12030446529388428,0.047544874250888824,0.06776391714811325,0.2918149466192171
CC1=NC=C(C(=N1)OC[C@H]2C[C@@H]2C3=NC=C(C=C3)OC)C4=NC=NO4,COc1ccc([C@H]2C[C@@H]2COc2nc(C)ncc2-c2ncno2)nc1,3.880767283280581,11,17,0.08080184459686279,0.1731334626674652,-0.016425129026174545,0.08732464164495468,0.23751017823815346,0.1248893067240715,0.051239848136901855,0.07830405235290527,0.2878787878787879
CC(C)NC(=O)C1=CN=C(C=N1)OCC2=CON=C2C3=CC=CC=N3,CC(C)NC(=O)c1cnc(OCc2conc2-c2ccccn2)cn1,2.725716620792028,11,16,0.12536996603012085,0.2120705544948578,-0.09999605268239975,0.15734882652759552,0.2374444678425789,0.16512800753116608,0.10881142318248749,0.111752949655056,0.20738636363636365
CN1C=CC=C(C1=O)C(=O)N2CCCC(C2)OC3=NC=CN=C3C#N,Cn1cccc(C(=O)N2CCCC(Oc3nccnc3C#N)C2)c1=O,3.127794177085166,11,17,-0.00863013043999672,0.08746698498725891,0.158587247133255,0.03154505416750908,0.2374241016805172,0.050559867173433304,0.04534384235739708,0.040626831352710724,0.2077562326869806
CC1=NC(=NO1)CC2=NOC(=N2)CC[C@@H]3CC4=CC=CC=C4NC3=O,Cc1nc(Cc2noc(CC[C@@H]3Cc4ccccc4NC3=O)n2)no1,3.226355150088625,11,17,-0.004486401565372944,0.39255714416503906,-0.1507735401391983,0.16629214584827423,0.23729720246046782,0.21408315002918243,-0.043911952525377274,0.23316779732704163,0.14414414414414414
COCC1=NN2C(=C(C=NC2=C1C3=CC(=C(C=C3)OC)OC)C#N)N,COCc1nn2c(N)c(C#N)cnc2c1-c1ccc(OC)c(OC)c1,2.570493873539279,9,17,-0.03654962033033371,-0.030209006741642952,0.3039359450340271,-0.009542865678668022,0.23717731796205044,-0.06402048468589783,0.08034562319517136,0.05478406697511673,0.2601880877742947
CC1=NN=C2N1C=CC=C2NC(=O)N[C@@H](C3=CC=CC=C3)C(=O)OC,COC(=O)[C@@H](NC(=O)Nc1cccn2c(C)nnc12)c1ccccc1,2.78815777405158,11,15,0.3875361382961273,-0.15677925944328308,0.006333853583782911,0.11720888316631317,0.23709073243662715,0.12781789898872375,0.27498704195022583,-0.10871227085590363,0.1977077363896848
CC(C)C1=CC(=NO1)C(=O)NC2=CC=C(C=C2)N3C=CC(=N3)C(=O)N,CC(C)c1cc(C(=O)Nc2ccc(-n3ccc(C(N)=O)n3)cc2)no1,2.4053072801326874,9,14,0.18043342232704163,0.17756587266921997,-0.12096930295228958,0.10165776312351227,0.23702999204397202,0.14711686968803406,0.0839812308549881,0.07677100598812103,0.11590296495956873
C1=CC=C2C(=C1)C(=O)N(C2=O)CCCCNC(=O)C3=NC=CN=C3N,Nc1nccnc1C(=O)NCCCCN1C(=O)c2ccccc2C1=O,2.179187747552591,10,13,-0.0553772896528244,0.4160647392272949,-0.12371453642845154,0.1463973969221115,0.23697291314601898,0.17600275576114655,-0.014855992048978806,0.21353411674499512,0.1503267973856209
CCOC(=O)NC1=C(C=CN=C1N)OC2=C3C=CC=NC3=C(C=C2)N,CCOC(=O)Nc1c(Oc2ccc(N)c3ncccc23)ccnc1N,2.5348837388852026,12,17,0.19424189627170563,0.11338748037815094,-0.07068438827991486,0.13975206017494202,0.2369449883699417,0.13790230453014374,0.16805897653102875,0.03736484423279762,0.24727272727272728
CN1C2=C(C=N1)C(=O)C(=CN2)C(=O)N3CCC(C3)OC4=CC=CC=N4,Cn1ncc2c(=O)c(C(=O)N3CCC(Oc4ccccn4)C3)c[nH]c21,3.261786999403693,12,17,0.08412677049636841,-0.05077755078673363,0.20315611362457275,-0.01205905620008707,0.23650533333420753,0.0012700147926807404,0.06821480393409729,0.0033852718770503998,0.25936599423631124
CC1=CC(=C(C=C1)NC(=O)COC(=O)C2=NN3C(=CC=NC3=N2)C)C,Cc1ccc(NC(=O)COC(=O)c2nc3nccc(C)n3n2)c(C)c1,2.2772343130997204,10,17,0.1502348780632019,-0.05949251726269722,0.1457042247056961,0.04127495735883713,0.2364465855062008,0.012195400893688202,0.15080685913562775,0.015412591397762299,0.2229299363057325
CCC1=C(C=NC2=NC=NN12)C(=O)OCC(=O)N(C)C3=CC=CC=C3,CCc1c(C(=O)OCC(=O)N(C)c2ccccc2)cnc2ncnn12,2.5022750714962534,9,15,0.05989854037761688,0.14148162305355072,0.03452489525079727,0.07441310584545135,0.23590505868196487,0.05699340999126434,0.042387161403894424,0.14313653111457825,0.21114369501466276
CCOC1=C(C(=CC(=N1)NC2=CC=C(C=C2)C3=CN=CO3)N)C(=O)N,CCOc1nc(Nc2ccc(-c3cnco3)cc2)cc(N)c1C(N)=O,2.6461912145081694,10,15,-0.01609104312956333,0.22033508121967316,0.031482994556427,0.11597823351621628,0.23572703264653683,0.06880290806293488,0.04913804680109024,0.1922931671142578,0.20857142857142857
CCN1C=CC(=N1)C2=NC(=NO2)C3=CC4=C(C=C3)OCC(=O)N4CC,CCN1C(=O)COc2ccc(-c3noc(-c4ccn(CC)n4)n3)cc21,2.6219377746381802,10,17,-0.1128678098320961,0.11751438677310944,0.23105871677398682,-0.03502253443002701,0.23570529371500015,-0.08015860617160797,-0.02513476461172104,0.1499146819114685,0.3111111111111111
CC(CC1=NOC(=N1)CN2C=NC3=C(C2=O)OC4=CC=CC=C43)NC,CNC(C)Cc1noc(Cn2cnc3c(oc4ccccc43)c2=O)n1,3.1006389224806163,11,17,0.09157472848892212,0.1319621503353119,0.012126510962843895,0.1256057620048523,0.2356633897870779,0.12696129083633423,0.10848841071128845,0.07247371971607208,0.20113314447592068
CC1=NC(=NO1)C2=CC3=C(C=C2)C=CN=C3N[C@H]4CCN(C4)C(=O)O,Cc1nc(-c2ccc3ccnc(N[C@H]4CCN(C(=O)O)C4)c3c2)no1,2.9341369994036928,12,17,0.09614227712154388,0.21819111704826355,-0.07897363603115082,0.1065903753042221,0.23535975813865662,0.15747329592704773,0.051750220358371735,0.08408033847808838,0.29260450160771706
COC(=O)C1=C2C(=CC=C1)OC(=N2)N3CCN(CC3)C4=NC=CC=N4,COC(=O)c1cccc2oc(N3CCN(c4ncccn4)CC3)nc12,2.408472521740393,8,14,0.13023945689201355,-0.007236272096633911,0.11225511133670807,0.07214973866939545,0.2352582961320877,0.09878427535295486,0.09507115185260773,0.012072980403900146,0.22364217252396165
CC1=CC(=NC2=NC(=NN12)C(=O)O[C@@H](C)C(=O)NC3=CC=CC=C3)C,Cc1cc(C)n2nc(C(=O)O[C@@H](C)C(=O)Nc3ccccc3)nc2n1,2.6422881532498472,9,15,0.2359308898448944,-0.11867968738079071,0.11795825511217117,0.1251842975616455,0.23520945757627487,0.0800718292593956,0.26123863458633423,-0.03838426247239113,0.22468354430379747
CC1=CC(=O)N2C(=N1)C=C(N2)C3CCCN3C(=O)C4=CC(=CN=C4)O,Cc1cc(=O)n2[nH]c(C3CCCN3C(=O)c3cncc(O)c3)cc2n1,3.307998944149089,12,17,-0.04230897128582001,0.220424622297287,0.05706218630075455,0.04218890890479088,0.23517783731222153,0.07204881310462952,-0.012703611515462399,0.11535229533910751,0.2571428571428571
C[C@@H](C(=O)NC1=CC=C(C=C1)N2C(=O)N(N=N2)C)OC3=CC=CC=C3,C[C@H](Oc1ccccc1)C(=O)Nc1ccc(-n2nnn(C)c2=O)cc1,2.5095907101295865,9,13,0.28803014755249023,-0.28885847330093384,0.23599191009998322,0.09878148883581161,0.2351635843515396,0.01097878348082304,0.28497907519340515,-0.0500563383102417,0.23529411764705882
COC1=NN=C(C=C1)C2=NOC(=N2)CN3CCC(C4=CC=CC=C43)O,COc1ccc(-c2noc(CN3CCC(O)c4ccccc43)n2)nn1,3.0654742227967393,12,17,0.05538611114025116,0.13616088032722473,0.0435575433075428,0.013719430193305016,0.2351045347750187,0.07393597811460495,0.0012908317148685455,0.059237055480480194,0.225130890052356
CC1=NC(=NO1)CC2=NOC(=N2)CC[C@H]3CC4=CC=CC=C4NC3=O,Cc1nc(Cc2noc(CC[C@H]3Cc4ccccc4NC3=O)n2)no1,3.226355150088625,11,17,-0.0034091370180249214,0.3893802762031555,-0.15091577172279358,0.16444498300552368,0.23505536746233702,0.21165938675403595,-0.04324645549058914,0.2312377691268921,0.14414414414414414
CC1=NC(=CC(=O)N1)[C@H]2CN(CCO2)C(=O)C3=NNC4=CC=CC=C43,Cc1nc([C@H]2CN(C(=O)c3n[nH]c4ccccc34)CCO2)cc(=O)[nH]1,3.2658850763267715,12,17,0.03068513423204422,-0.0098588727414608,0.21414369344711304,0.04016301780939102,0.23496995493769646,0.028902871534228325,0.09677639603614807,0.02175883762538433,0.21739130434782608
COC1=CC(=CC(=C1)C(=O)NCC2=CN(N=N2)C3=CC=NC=C3)OC,COc1cc(OC)cc(C(=O)NCc2cn(-c3ccncc3)nn2)c1,2.2530820054074123,8,12,0.1288989782333374,0.03393915295600891,0.07187716662883759,0.04792653024196625,0.2347152978181839,0.04321872442960739,0.1175806075334549,0.03499507158994675,0.18387096774193548
C1CC(CN(C1)C(=O)C2=CN=CN2)C3=NC(=NO3)OC4=CC=CC=C4,O=C(c1cnc[nH]1)N1CCCC(c2nc(Oc3ccccc3)no2)C1,3.0396143902560837,11,15,-0.2304290235042572,0.3474029004573822,0.11760880053043365,0.09336815774440765,0.23458267748355865,0.09895171970129013,-0.09082430601119995,0.2444700002670288,0.15300546448087432
CN(C)C1=CC=CC(=C1)C(=O)NCC2=NC(=NO2)C3=CC(=O)NC=C3,CN(C)c1cccc(C(=O)NCc2nc(-c3cc[nH]c(=O)c3)no2)c1,2.410964562287152,11,16,0.25639569759368896,-0.005144581198692322,-0.01683342084288597,0.07333721220493317,0.23441769555211067,0.08291953802108765,0.14923234283924103,0.008547985926270485,0.267515923566879
CC1=C(C=NN1C2=NN=C(C=C2)NCC3=CC=C(C=C3)OC)C(=O)O,COc1ccc(CNc2ccc(-n3ncc(C(=O)O)c3C)nn2)cc1,2.2171905644539986,10,15,0.18024519085884094,0.0063371616415679455,0.04780134931206703,0.06822328269481659,0.23438370181247592,0.06782287359237671,0.14959365129470825,0.004829104989767075,0.16298342541436464
C1C[C@@H](N(C1)C(=O)C2=CC3=C(C=C2)NC(=O)N3)C4=NOC(=N4)C5CC5,O=C(c1ccc2[nH]c(=O)[nH]c2c1)N1CCC[C@@H]1c1noc(C2CC2)n1,3.045673537865232,11,16,-0.1401694267988205,0.3427068591117859,0.03161022812128067,0.07859336584806442,0.23414766043424606,0.09491731226444244,-0.05961671099066734,0.19265323877334595,0.15702479338842976
COC1=C(C=C(C=C1)CC(=O)NC2=CC(=NC=N2)N3C=CC=N3)OC,COc1ccc(CC(=O)Nc2cc(-n3cccn3)ncn2)cc1OC,2.228680082330488,12,17,0.19115033745765686,0.09037014842033386,-0.047710731625556946,0.09518913924694061,0.23380975425243378,0.11183324456214905,0.13182386755943298,0.04224475473165512,0.2797427652733119
CC1=CC(=NO1)CN(C)C(=O)NC2=CC=C(C=C2)OC3=NC=CC=N3,Cc1cc(CN(C)C(=O)Nc2ccc(Oc3ncccn3)cc2)no1,2.347101236176643,9,14,0.1984054148197174,-0.11811509728431702,0.15311667323112488,0.1148313358426094,0.23340699076652527,0.038315948098897934,0.19973136484622955,0.047845691442489624,0.1798780487804878
CC1=NOC(=N1)C2=C(N=CC=C2)N3CC[C@H](C3)NC(=O)C4=COC=C4,Cc1noc(-c2cccnc2N2CC[C@@H](NC(=O)c3ccoc3)C2)n1,3.023012052090733,12,17,0.027614638209342957,0.21715480089187622,-0.011460000649094582,0.09227070957422256,0.2333094384521246,0.11563242971897125,0.07055813819169998,0.0766657218337059,0.2198952879581152
CN1C=CN=C1[C@@H](C2=CC=CC=C2OC)NC(=O)C3=NNC(=O)C=C3,COc1ccccc1[C@@H](NC(=O)c1ccc(=O)[nH]n1)c1nccn1C,2.8400652496745487,13,17,-0.0019319094717502594,0.24720034003257751,-0.012087550014257431,0.08955775201320648,0.23318088054656982,0.1211998388171196,0.01372348703444004,0.12819314002990723,0.2188449848024316
CC1=C(NC(=C1CCC(=O)O)C)/C=C/2\C(=NNC2=O)C3=CN=NC=C3,Cc1[nH]c(/C=C2/C(=O)NN=C2c2ccnnc2)c(C)c1CCC(=O)O,3.1455147526601586,11,17,0.08954669535160065,0.097796231508255,0.04580177366733551,0.0626109391450882,0.23314470052719116,0.06451673805713654,0.08327940106391907,0.07070694863796234,0.13972602739726028
CC1=C2C(=CC(=O)N(C2=NC=N1)O)NCC3=CC=C(C=C3)NC(=O)C,CC(=O)Nc1ccc(CNc2cc(=O)n(O)c3ncnc(C)c23)cc1,2.5157995878249952,10,15,-0.015040077269077301,-0.03472818434238434,0.2829028367996216,0.05632493644952774,0.23313457518815994,-0.02503855898976326,0.11767899990081787,0.08978284150362015,0.3079710144927536
CC1=C(C=CC=C1NC(=O)O)C2=CN3C=CN=C3C(=C2)NC(=O)NC,CNC(=O)Nc1cc(-c2cccc(NC(=O)O)c2C)cn2ccnc12,2.567085741671148,13,17,0.30238592624664307,-0.054100506007671356,-0.015692496672272682,0.118489108979702,0.23259292356669903,0.1379731297492981,0.22086204588413239,-0.05542890354990959,0.25
COC1=CC=C(C=C1)C(=O)NCC2=NN=NN2C3=CC=C(C=C3)OC,COc1ccc(C(=O)NCc2nnnn2-c2ccc(OC)cc2)cc1,1.8813877746381813,8,13,0.10349662601947784,0.036031149327754974,0.09270984679460526,0.08108349144458771,0.23223762214183807,0.045703280717134476,0.10622699558734894,0.09125880897045135,0.15562913907284767
C1CC1C2=CC(=NN2)NC(=O)CC3=CC=C(C=C3)N4C(=O)CC(=O)N4,O=C(Cc1ccc(N2NC(=O)CC2=O)cc1)Nc1cc(C2CC2)[nH]n1,2.684225234009796,10,14,0.11188554763793945,0.025841064751148224,0.09449480473995209,0.11903925240039825,0.23222141712903976,0.07372131943702698,0.1412281095981598,0.08104029297828674,0.16224188790560473
CNC1=NC2=C(C=C(C=C2)[N+](=O)[O-])C(=N1)N(C)C3=CC=C(C=C3)OC,CNc1nc(N(C)c2ccc(OC)cc2)c2cc([N+](=O)[O-])ccc2n1,2.3605347526601594,9,15,0.09681643545627594,0.022731294855475426,0.11239573359489441,0.07625903189182281,0.23194346390664577,0.05051132291555405,0.07396582514047623,0.10484133660793304,0.30798479087452474
C1=CC(=NC=C1CCCCOC2=CN=C(C=C2)N3C=NC=N3)C(=O)O,O=C(O)c1ccc(CCCCOc2ccc(-n3cncn3)nc2)cn1,2.4001363784316485,13,17,-0.03835782781243324,0.2648676037788391,0.005178093910217285,0.07364130020141602,0.23168786987662315,0.10240648686885834,-0.016747096553444862,0.15059040486812592,0.20833333333333334
CC1=CC(=C(C=C1)NC(=O)NC(=O)CN2C(=O)N3C=CC=CC3=N2)C,Cc1ccc(NC(=O)NC(=O)Cn2nc3ccccn3c2=O)c(C)c1,2.2208883790337843,12,17,0.21221359074115753,-0.13420915603637695,0.15344691276550293,0.05674440413713455,0.2314513474702835,0.06193551421165466,0.18337909877300262,-0.06393810361623764,0.20771513353115728
CCCC(C1=NN=C2N1C=CC=C2)NC(=O)C3=CN=C(C=C3)C(=O)O,CCCC(NC(=O)c1ccc(C(=O)O)nc1)c1nnc2ccccn12,2.8317361055792087,13,17,0.17131322622299194,0.1576707512140274,-0.09764423966407776,0.09571745246648788,0.2313397377729416,0.13593712449073792,0.09217847138643265,0.06358863413333893,0.17201166180758018
CC1=CC=C(C=C1)N2C(=O)C=C(N2)C(=O)N3CC(C3)C4=NC(=NO4)C,Cc1ccc(-n2[nH]c(C(=O)N3CC(c4nc(C)no4)C3)cc2=O)cc1,2.669357390022796,8,14,-0.07535047084093094,0.16758377850055695,0.1388467699289322,0.05396663025021553,0.2310800775885582,0.030110783874988556,0.0033216122537851334,0.1591251790523529,0.14814814814814814
COCCOC1=CC=CC2=C(NC(=C21)N)N=NC(=O)C3=CC=CC=N3,COCCOc1cccc2c(N=NC(=O)c3ccccn3)[nH]c(N)c12,3.0268146977151043,12,17,0.05246265232563019,-0.025792831555008888,0.2040633261203766,0.05216898024082184,0.2307331468909979,-0.028817642480134964,0.1569403111934662,0.06706277281045914,0.25
COC1=C(C=C(C=C1)C=NNC(=O)CN2C3=CC=CC=C3N=N2)OC,COc1ccc(C=NNC(=O)Cn2nnc3ccccc32)cc1OC,2.0849243130997177,12,17,0.012096313759684563,0.22417011857032776,-0.005534131079912186,0.06749267876148224,0.23073230125010014,0.0890580266714096,0.0527372844517231,0.08314965665340424,0.18874172185430463
CC1=CN=C(N1)[C@@H]2COCCN2C(=O)C3=NNC(=O)C4=CC=CC=C43,Cc1cnc([C@@H]2COCCN2C(=O)c2n[nH]c(=O)c3ccccc23)[nH]1,3.1137119994036935,12,17,-0.08355238288640976,0.1177428662776947,0.19652271270751953,0.006052701734006405,0.23071319609880447,-0.007950013503432274,0.05125584453344345,0.0618901401758194,0.20552147239263804
CCOC(=O)C1=CC(=NN1)NC(=O)C2=NNC(=C2)CC3=CC=CC=C3,CCOC(=O)c1cc(NC(=O)c2cc(Cc3ccccc3)[nH]n2)n[nH]1,2.4239877746381797,11,15,0.2469988465309143,-0.07442363351583481,0.057636987417936325,0.07217635214328766,0.23021220043301582,0.08756361901760101,0.10940499603748322,0.03694730997085571,0.15902140672782875
CCOC1=NC=CC2=C1C=C(O2)C3=CN=C4N3N=C(C=C4)OCCN,CCOc1nccc2oc(-c3cnc4ccc(OCCN)nn34)cc12,2.88315661025462,11,17,-0.010877802968025208,0.10919225960969925,0.13186973333358765,0.022719435393810272,0.2301841899752617,-0.012795415706932545,0.038883622735738754,0.13168567419052124,0.29153605015673983
C1=CC=C(C=C1)CCNC(=O)NCC2=NC(=NO2)C3=CC=CNC3=O,O=C(NCCc1ccccc1)NCc1nc(-c2ccc[nH]c2=O)no1,2.2994938073041453,12,15,0.38839685916900635,-0.048129960894584656,-0.1102832779288292,0.15024766325950623,0.2299836203455925,0.15430289506912231,0.23631897568702698,-0.009283551946282387,0.2824675324675325
CC(=O)C1=NN(C2=C1C=C(C=C2)C3=CN=C(N=C3)N(C)C)CC(=O)O,CC(=O)c1nn(CC(=O)O)c2ccc(-c3cnc(N(C)C)nc3)cc12,2.6152311692870107,8,15,-0.01239311695098877,0.18818634748458862,0.05402418598532677,0.09885145723819733,0.22981741651892662,0.09308646619319916,0.02858365885913372,0.14206519722938538,0.267741935483871
CN(C)C(=O)CN1C=C(N=N1)C(=O)NC2=CC=C(C3=CC=CC=C32)O,CN(C)C(=O)Cn1cc(C(=O)Nc2ccc(O)c3ccccc23)nn1,2.276274972440378,11,16,-0.058452390134334564,0.24023880064487457,0.04791182652115822,0.1134352907538414,0.22969823703169823,0.056869298219680786,0.027485938742756844,0.2147555649280548,0.16314199395770393
C/C(=N\C1=CC=NN1)/C2=C(NN(C2=O)C3=CC=CC=C3)CC(=O)OC,COC(=O)Cc1[nH]n(-c2ccccc2)c(=O)c1/C(C)=N/c1ccn[nH]1,3.0725708461441403,10,15,0.11034111678600311,-0.10320977866649628,0.22254234552383423,0.06831201165914536,0.22967368364334106,0.01844020001590252,0.15544837713241577,0.031271252781152725,0.14175257731958762
CC1=CC(=C(C=C1NC(=O)C2=CC=CC=C2N3C=NN=N3)OC)OC,COc1cc(C)c(NC(=O)c2ccccc2-n2cnnn2)cc1OC,2.08205405307805,11,17,0.2114088386297226,0.028551924973726273,-0.010308803990483284,0.06901701539754868,0.22965195961296558,0.10688565671443939,0.16073912382125854,-0.05528887361288071,0.17350157728706625
CC1=NC(=NO1)CC2=NOC(=N2)CCC3CC4=CC=CC=C4NC3=O,Cc1nc(Cc2noc(CCC3Cc4ccccc4NC3=O)n2)no1,3.226355150088625,11,17,-0.011649568565189838,0.3930756449699402,-0.15209120512008667,0.16556818783283234,0.22933487128466368,0.2113228589296341,-0.04957261309027672,0.23811571300029755,0.14414414414414414
CN1C(=NN=N1)C2=CC=C(C=C2)NC(=O)C3=CC(=CC(=C3)OC)OC,COc1cc(OC)cc(C(=O)Nc2ccc(-c3nnnn3C)cc2)c1,2.02285686997946,7,12,0.044953666627407074,0.09204330295324326,0.09225904941558838,0.03070944920182228,0.2292560189962387,0.018582496792078018,0.060108792036771774,0.08469143509864807,0.26480836236933797
CCC1=CC=CC=C1NC2=NC(=NC(=N2)N)COC(=O)C3=CC=CO3,CCc1ccccc1Nc1nc(N)nc(COC(=O)c2ccco2)n1,2.360607005407413,12,17,0.22915419936180115,0.2660171389579773,-0.2659735679626465,0.09870351105928421,0.22919777035713196,0.21147926151752472,0.026369664818048477,0.07056213170289993,0.13271604938271606
CCOC1=C(C=CC(=C1)N2CCCC2=O)C3=NC4=C(C(=O)N3)NC=N4,CCOc1cc(N2CCCC2=O)ccc1-c1nc2nc[nH]c2c(=O)[nH]1,2.6535320054074116,11,17,0.19411373138427734,-0.14142432808876038,0.17585045099258423,0.05573892593383789,0.2285398542881012,0.01568051613867283,0.1642492264509201,0.006101081147789955,0.6015625
CC1=NNC(=O)C1C(C2C(=NNC2=O)C)C3=CC=CC=C3OCC#N,CC1=NNC(=O)C1C(c1ccccc1OCC#N)C1C(=O)NN=C1C,4.0920098965577125,9,13,0.05818388611078262,-0.050124943256378174,0.22045844793319702,0.07130936533212662,0.22851739078760147,0.02647174336016178,0.13073311746120453,0.04488511011004448,0.19661016949152543
COC1=CC2=C(C=C1)NC3=C2CCN(C3)C4=NC=C(C=N4)C(=O)NO,COc1ccc2[nH]c3c(c2c1)CCN(c1ncc(C(=O)NO)cn1)C3,2.5823608515612584,11,16,0.08546184003353119,0.06472620368003845,0.07827445864677429,0.016416389495134354,0.22846250236034393,0.06139481067657471,0.023859616369009018,0.04758366569876671,0.3026315789473684
CC1=NC(=NO1)C2=CN=C(C=C2)N3CCN(CC3)C(=O)C4=CC=CO4,Cc1nc(-c2ccc(N3CCN(C(=O)c4ccco4)CC3)nc2)no1,2.291280951666632,9,15,-0.008298980072140694,0.005781892687082291,0.23063775897026062,0.0830724760890007,0.22812067158520222,0.00821318943053484,0.1303092986345291,0.08266115188598633,0.24225352112676057
CC1=C(NC(=C1CCC(=O)O)C)/C=C/2\C(=NNC2=O)C3=NN=CC=C3,Cc1[nH]c(/C=C2/C(=O)NN=C2c2cccnn2)c(C)c1CCC(=O)O,3.1201268405722464,11,17,0.09083212912082672,0.07606616616249084,0.0612051859498024,0.06594417989253998,0.22810348123311996,0.06291321665048599,0.09614816308021545,0.058498017489910126,0.13246753246753246
CC1=NN=C(O1)N2CCN(CC2)C(=O)C3=NOC(=C3)C4=CC=CC=C4,Cc1nnc(N2CCN(C(=O)c3cc(-c4ccccc4)on3)CC2)o1,2.3932246819089933,7,13,-0.1068560779094696,0.052297890186309814,0.28195518255233765,0.0743027999997139,0.22739699482917786,-0.03560234606266022,0.08451622724533081,0.15274155139923096,0.16172506738544473
C1=CC=C(C=C1)C(=O)COC(=O)C2=CC=C(C=C2)N=C(N)N=C(N)N,NC(N)=NC(N)=Nc1ccc(C(=O)OCC(=O)c2ccccc2)cc1,2.254332774638181,8,13,0.0526723638176918,0.24104073643684387,-0.066439189016819,0.10632763803005219,0.22727391123771667,0.13038989901542664,0.05703616887331009,0.10293993353843689,0.12027491408934708
CC1=CC(=O)N2C(=N1)C=C(N2)[C@@H]3CCCN3C(=O)C4=CC(=CN=C4)O,Cc1cc(=O)n2[nH]c([C@@H]3CCCN3C(=O)c3cncc(O)c3)cc2n1,3.307998944149089,12,17,-0.0429992713034153,0.1985349804162979,0.07143239676952362,0.03127603605389595,0.22696810588240623,0.07128699123859406,-0.027747325599193573,0.10472872853279114,0.2571428571428571
CCC1=CC(=O)NC(=N1)N2C(=CC(=N2)C3=CC=CO3)NC(=O)/C=C\C,C/C=C\C(=O)Nc1cc(-c2ccco2)nn1-c1nc(CC)cc(=O)[nH]1,2.9912705211170554,12,17,0.32594943046569824,0.057165421545505524,-0.15639977157115936,0.09010948240756989,0.2267150804400444,0.1615697145462036,0.14373910427093506,-0.04248139634728432,0.2625994694960212
CC1=C(C=CO1)C(=O)N[C@@H](C)C2=CC=C(C=C2)N3C=C(N=N3)C(=O)N,Cc1occc1C(=O)N[C@@H](C)c1ccc(-n2cc(C(N)=O)nn2)cc1,2.829118263139957,10,15,0.07372315227985382,0.022506672888994217,0.13040198385715485,0.09846741706132889,0.22663180902600288,0.04821023344993591,0.158427894115448,0.04722878709435463,0.10810810810810811
CCOC1=CC=C(C=C1)C2=NN(N=N2)CC(=O)NC3=CC(=CC=C3)O,CCOc1ccc(-c2nnn(CC(=O)Nc3cccc(O)c3)n2)cc1,2.0473512361766417,11,15,0.11717592179775238,-0.027390122413635254,0.13677570223808289,0.0756770670413971,0.2265615016222,0.01207222044467926,0.13350588083267212,0.08813343197107315,0.3308270676691729
CC1=C(C=NO1)C(=O)N2CC(C2)N3C=C(N=N3)COC4=CC=CC=C4,Cc1oncc1C(=O)N1CC(n2cc(COc3ccccc3)nn2)C1,2.545114697715105,9,14,0.03208600729703903,-0.0589945986866951,0.25303828716278076,0.0694483071565628,0.2261296957731247,0.014927816577255726,0.12004354596138,0.045570239424705505,0.16020671834625322
CN1C=C(C(=O)NC1=O)C(=O)N(C)CC2=CC(=NN2)C3=CC=CC=C3,CN(Cc1cc(-c2ccccc2)n[nH]1)C(=O)c1cn(C)c(=O)[nH]c1=O,2.5366716757370824,10,15,0.04715537652373314,-0.10027390718460083,0.279238224029541,0.08034344762563705,0.22611969336867332,-0.011168709956109524,0.14174260199069977,0.08252833783626556,0.2601880877742947
CC1=CC=C(C=C1)C2=CN3C4=C(N=C3N2CCO)N(C(=O)NC4=O)C,Cc1ccc(-c2cn3c4c(=O)[nH]c(=O)n(C)c4nc3n2CCO)cc1,2.6078092581546635,9,15,-0.23140545189380646,0.003176553174853325,0.4542946517467499,-0.03360157459974289,0.22606575302779675,-0.15221817791461945,0.0065886229276657104,0.1624925434589386,0.3230240549828179
C1CCN(C(C1)C2=NNC(=O)N2)C(=O)C3=C(N=CO3)C4=CC=CC=C4,O=C(c1ocnc1-c1ccccc1)N1CCCCC1c1n[nH]c(=O)[nH]1,3.289038395610227,11,15,-0.1325100064277649,0.057945188134908676,0.3000938892364502,0.09206799417734146,0.22552907094359398,0.018613766878843307,0.07384294271469116,0.1176505982875824,0.20159151193633953
CN(C)CCNC(=O)C1=C2C(=C(C=C1)[N+](=O)[O-])C=C3C=NC=CC3=N2,CN(C)CCNC(=O)c1ccc([N+](=O)[O-])c2cc3cnccc3nc12,2.463605521890928,10,16,0.06556027382612228,-0.0025031883269548416,0.16234531998634338,0.09160396456718445,0.22540240548551083,0.043525610119104385,0.14590582251548767,0.04135601967573166,0.15570934256055363
CC1=CN=C(N1)[C@@H]2CN(CCO2)C(=O)C3=NNC(=O)C4=CC=CC=C43,Cc1cnc([C@@H]2CN(C(=O)c3n[nH]c(=O)c4ccccc34)CCO2)[nH]1,3.14151007632677,12,17,-0.002554450649768114,0.08610665798187256,0.14171259105205536,0.027444353327155113,0.2252647983841598,0.024221237748861313,0.07370901107788086,0.036716580390930176,0.19345238095238096
CC(=O)NC1=CC=C(C=C1)C2C3(C2(C(N=C3N)(OC)OC)C#N)C#N,COC1(OC)N=C(N)C2(C#N)C(c3ccc(NC(C)=O)cc3)C12C#N,3.9068329436262186,7,14,-0.054427534341812134,-0.09519211947917938,0.37486058473587036,-0.00015014968812465668,0.22524093091487885,-0.11751493066549301,0.1423352062702179,0.06428048014640808,0.1536231884057971
CCCN1C(=O)COC2=C1C=C(C=C2)C3=NOC(=N3)C4=CC=NN4C,CCCN1C(=O)COc2ccc(-c3noc(-c4ccnn4C)n3)cc21,2.6087223900227965,10,17,-0.24456393718719482,0.2461678385734558,0.22320562601089478,-0.021997155621647835,0.22480952739715576,-0.10182551294565201,-0.049982111901044846,0.22352857887744904,0.3203342618384401
CCN1C=C(C(=N1)C(=O)N)NC(=O)C2=NOC(=C2)C3=CC=C(C=C3)C,CCn1cc(NC(=O)c2cc(-c3ccc(C)cc3)on2)c(C(N)=O)n1,2.332798928484335,9,15,0.07819408178329468,-0.07384166121482849,0.22040824592113495,0.05749084800481796,0.22476066648960114,-0.0027503035962581635,0.13251394033432007,0.06250838935375214,0.1510989010989011
CN1C=C(C=CC1=O)C(=O)NC2=CC=C(C=C2)C3=NN=C(O3)N(C)C,CN(C)c1nnc(-c2ccc(NC(=O)c3ccc(=O)n(C)c3)cc2)o1,2.3980004669458737,8,14,0.050342053174972534,0.026029249653220177,0.14777448773384094,0.10166637599468231,0.22414579056203365,0.024679413065314293,0.12855187058448792,0.11358150839805603,0.21142857142857144
C1CC1NC(=O)C(=O)NNC(=O)/C=C/C2=CN(N=C2)C3=CC=CC=C3,O=C(/C=C/c1cnn(-c2ccccc2)c1)NNC(=O)C(=O)NC1CC1,2.4009953315179207,12,14,0.15663444995880127,0.09842938184738159,-0.03094543144106865,0.13742667436599731,0.2241184003651142,0.1427856981754303,0.13622507452964783,0.05524317920207977,0.12269938650306748
CC1=C(C=NN1C2=NNC(=O)C=C2)C(=O)NC3CCCC4=C3C=CO4,Cc1c(C(=O)NC2CCCc3occc32)cnn1-c1ccc(=O)[nH]n1,3.2493504609421535,12,17,0.1457701325416565,0.04072590172290802,0.037601858377456665,0.060245998203754425,0.22409789264202118,0.0766119584441185,0.11344961822032928,0.016003981232643127,0.13285024154589373
CN1C=C(N=N1)C2=CC(=NO2)C(=O)NC3CC4=C(C3)C(=CC=C4)OC,COc1cccc2c1CC(NC(=O)c1cc(-c3cn(C)nn3)on1)C2,3.167525460942154,11,17,0.06526167690753937,0.09142973273992538,0.06715115159749985,0.054816048592329025,0.2238425612449646,0.06737305223941803,0.03258732333779335,0.09604750573635101,0.19329896907216496
CCC1=CC(=O)N2C(=N1)N=C(N2)NC(=O)C3=CC4=C(COCC4)C=C3,CCc1cc(=O)n2[nH]c(NC(=O)c3ccc4c(c3)CCOC4)nc2n1,2.7802839284843355,11,17,-0.031131990253925323,0.2904376983642578,-0.03552132099866867,0.028631653636693954,0.22378438711166382,0.08812440186738968,-0.07246144115924835,0.16140128672122955,0.2961783439490446
C1C[C@H](N(C1)C(=O)C2=CC3=C(C=C2)NC(=O)N3)C4=NOC(=N4)C5CC5,O=C(c1ccc2[nH]c(=O)[nH]c2c1)N1CCC[C@H]1c1noc(C2CC2)n1,3.045673537865232,11,16,-0.1592971384525299,0.3506748676300049,0.03238619863986969,0.07353366911411285,0.22376392781734467,0.0895645022392273,-0.07321225106716156,0.19807109236717224,0.15702479338842976
CN1C(=NC2=C1N=CC=C2)CC(=O)N/N=C\C3=CC(=C(C=C3)O)OC,COc1cc(/C=N\NC(=O)Cc2nc3cccnc3n2C)ccc1O,2.3986843889393725,12,17,-0.17323701083660126,0.2155890166759491,0.1810801476240158,-0.0037477081641554832,0.22343215346336365,-0.041404590010643005,-0.021366385743021965,0.15364238619804382,0.25252525252525254
CC1=CN2C(=C(N=N2)C(=O)N3CCOC(C3)C4=CC=CC=C4)C(=O)N1,Cc1cn2nnc(C(=O)N3CCOC(c4ccccc4)C3)c2c(=O)[nH]1,3.246161999403693,10,15,0.15658923983573914,-0.1355035901069641,0.20229819416999817,0.053969234228134155,0.2233838438987732,0.022168822586536407,0.18696492910385132,-0.035448938608169556,0.18333333333333332
CC1=C(C=C(C=C1)NC(=O)C2=CC(=C(C=C2)OC)OC)N3C=NN=N3,COc1ccc(C(=O)Nc2ccc(C)c(-n3cnnn3)c2)cc1OC,2.0217374766966856,11,17,-0.026739833876490593,0.07090205699205399,0.17885151505470276,0.019247718155384064,0.22301373817026615,-0.008184235543012619,0.07574036717414856,0.05865707993507385,0.1758957654723127
CC1=CC=C(C=C1)N2C(=C(C(=O)NC2=O)C=NC3=C(NN=C3C)C)O,Cc1ccc(-n2c(O)c(C=Nc3c(C)n[nH]c3C)c(=O)[nH]c2=O)cc1,2.909841202731826,9,15,0.059436552226543427,-0.09093154966831207,0.2544981837272644,0.07767274975776672,0.22300318628549576,0.00171593576669693,0.14626947045326233,0.054444655776023865,0.1988472622478386
CC1(CN(CCO1)C2=NN3C(=NC=C3[N+](=O)[O-])C=C2)C4=CC=CC=C4,CC1(c2ccccc2)CN(c2ccc3ncc([N+](=O)[O-])n3n2)CCO1,3.3257966147883096,10,15,0.022016137838363647,-0.11087136715650558,0.3118572235107422,0.007458781823515892,0.22300199419260025,-0.0658523291349411,0.1099013015627861,0.057448774576187134,0.18983957219251338
CC1=CN=C(N1)[C@H]2COCCN2C(=O)C3=NNC(=O)C4=CC=CC=C43,Cc1cnc([C@H]2COCCN2C(=O)c2n[nH]c(=O)c3ccccc23)[nH]1,3.1137119994036935,12,17,-0.08440831303596497,0.11557559669017792,0.19171537458896637,0.0052127595990896225,0.22288265824317932,-0.008320922031998634,0.0500941127538681,0.05881833657622337,0.20552147239263804
COC1=CC=C(C=C1)C2=NNC(=N2)CNC(=O)C3=C(N=CC=C3)OC,COc1ccc(-c2n[nH]c(CNC(=O)c3cccnc3OC)n2)cc1,2.2054935438689505,10,15,0.058404263108968735,0.0004192497581243515,0.16369611024856567,0.05572924762964249,0.22251962311565876,0.027343381196260452,0.07845866680145264,0.07248247414827347,0.2953020134228188
C[C@H](C(=O)NC1=CC=C(C=C1)N2C(=O)N(N=N2)C)OC3=CC=CC=C3,C[C@@H](Oc1ccccc1)C(=O)Nc1ccc(-n2nnn(C)c2=O)cc1,2.5095907101295865,9,13,0.2892151474952698,-0.3023930788040161,0.23567387461662292,0.09650373458862305,0.2224959433078766,0.007131423335522413,0.2854100465774536,-0.05619385465979576,0.23529411764705882
C1CC2=C(N=CC(=C2)C3=CC(=CN=C3)N4CCOC4=O)N(C1)C(=O)N,NC(=O)N1CCCc2cc(-c3cncc(N4CCOC4=O)c3)cnc21,2.8578166207920273,11,17,-0.17212583124637604,0.13809147477149963,0.2563161551952362,0.013857419602572918,0.2222817987203598,0.0038573145866394043,-0.02112657018005848,0.11846020072698593,0.2276657060518732
CC1=C(C=CC(=C1)C(=O)NC2=C(C=CC(=C2)OC)OC)N3C=NN=N3,COc1ccc(OC)c(NC(=O)c2ccc(-n3cnnn3)c(C)c2)c1,2.0533340097411052,11,17,0.12124980241060257,0.02942831441760063,0.07139112055301666,0.026051698252558708,0.22206923738121986,0.03626248985528946,0.13092704117298126,-0.02257842943072319,0.16987179487179488
CCN1C=C(C=CC1=O)NC(=O)CCN2C(=O)C3=CC=CC=C3N=N2,CCn1cc(NC(=O)CCn2nnc3ccccc3c2=O)ccc1=O,2.227620033576425,12,17,0.2154647558927536,0.11852829158306122,-0.11236067116260529,0.11635030806064606,0.22163237631320953,0.15182939171791077,0.12487460672855377,0.042651575058698654,0.24836601307189543
CC(C1=CC=C(C=C1)N2C=CC=C2)NC(=O)C3=C(C=NN3C)[N+](=O)[O-],CC(NC(=O)c1c([N+](=O)[O-])cnn1C)c1ccc(-n2cccc2)cc1,2.868935845557539,9,13,0.3659141957759857,-0.3036147356033325,0.15817323327064514,0.09254412353038788,0.22047269344329834,0.05518200993537903,0.29994040727615356,-0.11756618320941925,0.13672922252010725
C1CCN(C1)C2=NC=CC(=N2)CNC(=O)C3=NOC(=C3)C4=CC=CO4,O=C(NCc1ccnc(N2CCCC2)n1)c1cc(-c2ccco2)on1,2.4796287829541903,10,15,0.15120196342468262,-0.03276139497756958,0.10195770859718323,0.09184865653514862,0.22039827704429626,0.05574743449687958,0.18987415730953217,0.000914544565603137,0.2455621301775148
CC(C)N1C(=NC=N1)C2=CN3CCOC4=C(C3=N2)C=CC(=C4)C(=O)O,CC(C)n1ncnc1-c1cn2c(n1)-c1ccc(C(=O)O)cc1OCC2,2.8040256673792427,10,16,-0.16368746757507324,0.142071932554245,0.2416975200176239,-0.0030359565280377865,0.22008198499679565,-0.013181938789784908,-0.005811326205730438,0.10083314776420593,0.3271604938271605
C[C@@H](C1=NC=C(O1)C2=CC=CC=C2)NC(=O)NC3=NC=CN(C3=O)C,C[C@H](NC(=O)Nc1nccn(C)c1=O)c1ncc(-c2ccccc2)o1,2.9052845346149603,11,15,0.04414171725511551,0.019368726760149002,0.1562759280204773,0.15028120577335358,0.2197863720357418,0.051163069903850555,0.1705772876739502,0.11079459637403488,0.21351351351351353
CC1=CC(=C(C=C1)C)NC(=O)COC(=O)C2=NN3C(=CC=NC3=N2)C,Cc1ccc(C)c(NC(=O)COC(=O)c2nc3nccc(C)n3n2)c1,2.2893121152975215,10,17,0.08444928377866745,0.00040177442133426666,0.13409224152565002,0.027342896908521652,0.21894329972565174,0.00026845186948776245,0.10075592249631882,0.04794687777757645,0.22364217252396165
CCOC1=NC(=NC2=C1N=C(C=C2)C3=CC=C(C=C3)NC(=O)OC)N,CCOc1nc(N)nc2ccc(-c3ccc(NC(=O)OC)cc3)nc12,2.269080488614346,9,15,0.30348533391952515,-0.013272849842905998,-0.07134156674146652,0.1103067472577095,0.21887091733515263,0.137822687625885,0.20092061161994934,-0.04117633402347565,0.35842293906810035
CC1=CN=C(N1)C2CN(CCO2)C(=O)C3=NNC(=O)C4=CC=CC=C43,Cc1cnc(C2CN(C(=O)c3n[nH]c(=O)c4ccccc34)CCO2)[nH]1,3.14151007632677,12,17,-0.04144849628210068,0.10322824120521545,0.15670467913150787,0.02128094993531704,0.21848442405462265,0.02004014328122139,0.057756103575229645,0.04188708961009979,0.19345238095238096
CCOC(=O)NC1=NC(=C2C(=C1)N=CC(=N2)C3=CC=C(C=C3)OC)N,CCOC(=O)Nc1cc2ncc(-c3ccc(OC)cc3)nc2c(N)n1,2.334570846144141,9,15,0.03777569159865379,0.12193453311920166,0.05870379880070686,0.07952399551868439,0.21841402351856232,0.034357599914073944,0.08252494037151337,0.12444175779819489,0.3694029850746269
C1CCC(C1)N(CC2=CC=NC=C2)C3=C(C4=NON=C4C=C3)[N+](=O)[O-],O=[N+]([O-])c1c(N(Cc2ccncc2)C2CCCC2)ccc2nonc12,2.742506241445346,8,13,0.028260640799999237,-0.248510479927063,0.4386109411716461,0.03308681771159172,0.21836110204458237,-0.05584731698036194,0.17044436931610107,-0.028643585741519928,0.14067278287461774
CC1=CC2=C(C=C1)OC(=N2)N3CCN(CC3)C4=NC=C(N=C4)C(=O)O,Cc1ccc2oc(N3CCN(c4cnc(C(=O)O)cn4)CC3)nc2c1,2.4568454669458735,9,15,-0.10290311276912689,-0.0196856576949358,0.3408031463623047,0.043359190225601196,0.218214375898242,-0.02965010702610016,0.07744579017162323,0.07758085429668427,0.17404129793510326
COC1=CC2=C(C=C1)NC3=C2CN(CC3)C4=NC=C(C=N4)C(=O)NO,COc1ccc2[nH]c3c(c2c1)CN(c1ncc(C(=O)NO)cn1)CC3,2.55919931309972,11,16,0.07303813099861145,0.07659522444009781,0.06850708276033401,-0.0011361818760633469,0.21814043819904327,0.0485641211271286,0.007674157619476318,0.04648762568831444,0.30333333333333334
CC1=C(NC(=C1CCC(=O)O)C)C=C2C(=NNC2=O)C3=NN=CC=C3,Cc1[nH]c(C=C2C(=O)NN=C2c2cccnn2)c(C)c1CCC(=O)O,3.1201268405722464,11,17,0.0903761088848114,0.046774737536907196,0.08073467016220093,0.06817999482154846,0.21788551658391953,0.05027627944946289,0.10289962589740753,0.06233964115381241,0.13246753246753246
C1C(CN1C(=O)/C=C/C(=O)N)NC2=CC(=CNC2=O)C3=CC=NC=C3,NC(=O)/C=C/C(=O)N1CC(Nc2cc(-c3ccncc3)c[nH]c2=O)C1,2.841985302110709,11,14,0.25150349736213684,0.06454387307167053,-0.09830376505851746,0.09195996820926666,0.21774360537528992,0.15438225865364075,0.14058277010917664,-0.032592449337244034,0.275
COC1=CC=C(C=C1)NC(=O)N2CCC3=C(C2)C(=O)N4C(=N3)C=CN4,COc1ccc(NC(=O)N2CCc3nc4cc[nH]n4c(=O)c3C2)cc1,2.5968512361766436,10,15,0.004555732011795044,-0.020435070618987083,0.23354017734527588,0.042749807238578796,0.21766083873808384,-0.001942130271345377,0.048322807997465134,0.09773991256952286,0.2861271676300578
COC1=CC(=CC=C1)OCCNC(=O)C2=CC(=CC=C2)N3C=NN=N3,COc1cccc(OCCNC(=O)c2cccc(-n3cnnn3)c2)c1,2.0494853773779074,13,17,0.14931395649909973,0.1941932737827301,-0.12588834762573242,0.053659625351428986,0.2176188826560974,0.1066029891371727,0.05828293040394783,0.06235277280211449,0.1958762886597938
COC1=C(C=CC=N1)CNC(=O)C2=NCC(=O)N(N2)C3=CC=CC=C3,COc1ncccc1CNC(=O)C1=NCC(=O)N(c2ccccc2)N1,2.4975877746381805,11,15,-0.06537174433469772,0.06298558413982391,0.2198212742805481,0.06595133244991302,0.21743511408567429,-0.0029048286378383636,0.060262516140937805,0.12592017650604248,0.18956043956043955
CN1C(=CC(=N1)C2=CC=CO2)NC(=O)NCC3=CC(=CC=C3)C(=O)N,Cn1nc(-c2ccco2)cc1NC(=O)NCc1cccc(C(N)=O)c1,2.2783613120162958,13,17,0.1972062885761261,-0.007464185822755098,0.027420450001955032,0.05851012468338013,0.21716255275532603,0.05301077663898468,0.17865797877311707,-0.017317941412329674,0.17548746518105848
CC(C1=CC=CC(=C1)C2=CC(=NC(=N2)N)NNC(=O)C3=CC=CO3)O,CC(O)c1cccc(-c2cc(NNC(=O)c3ccco3)nc(N)n2)c1,2.9044986191220037,14,17,0.2537299692630768,-0.12026813626289368,0.08342602849006653,0.09025059640407562,0.21688786149024963,0.05106675997376442,0.2358870506286621,-0.03145541250705719,0.27639751552795033
CN1C=CN=C1C(C2=CC=CC=C2OC)NC(=O)C3=NNC(=O)C=C3,COc1ccccc1C(NC(=O)c1ccc(=O)[nH]n1)c1nccn1C,2.8400652496745487,13,17,0.00270795077085495,0.2221778780221939,-0.008376486599445343,0.08949031680822372,0.21650934219360352,0.11541101336479187,0.023162435740232468,0.11284893751144409,0.2188449848024316
CCCOC(=O)C1=CC=C(C=C1)NC(=O)C2=NN3C(=CC=NC3=N2)C,CCCOC(=O)c1ccc(NC(=O)c2nc3nccc(C)n3n2)cc1,2.2389290259924604,9,15,0.07569409906864166,0.20528072118759155,-0.06486952304840088,0.05792132765054703,0.21610529720783234,0.07959936559200287,0.05319917947053909,0.09426181018352509,0.209375
C1CN(CCC1N2C(=O)CNC2=O)C(=O)C3=CC4=NC=CN=C4C=C3,O=C(c1ccc2nccnc2c1)N1CCC(N2C(=O)CNC2=O)CC1,2.4905627746381818,10,15,-0.17364928126335144,0.27971768379211426,0.10993780940771103,0.04416079819202423,0.21600621193647385,0.0552452951669693,-0.07805758714675903,0.1789117455482483,0.13945578231292516
CCNC(=O)COC1=CC=C(C=C1)NC(=O)C2=CC3=NNN=C3C=C2,CCNC(=O)COc1ccc(NC(=O)c2ccc3n[nH]nc3c2)cc1,2.071485851561258,11,15,0.08233757317066193,0.18888124823570251,-0.05543264374136925,0.1118415966629982,0.2157861776649952,0.11519254744052887,0.057780709117650986,0.12611094117164612,0.24912280701754386
CCC1=NC(=NO1)C2=CC3=C(C=C2)[C@@H](CO3)NC(=O)C4=C(NN=C4)C,CCc1nc(-c2ccc3c(c2)OC[C@H]3NC(=O)c2cn[nH]c2C)no1,3.090636999403693,11,17,0.10127924382686615,0.19196508824825287,-0.07763023674488068,0.030048638582229614,0.21561409533023834,0.09688808023929596,0.01735679619014263,0.05389055237174034,0.2640449438202247
C1C2CN(C1CN2C(=O)C3=CC=CC=C3)C4=NC=C(C=N4)C(=O)NO,O=C(NO)c1cnc(N2CC3CC2CN3C(=O)c2ccccc2)nc1,3.864115864631092,11,14,0.07106198370456696,0.05125121399760246,0.09301361441612244,0.1083398312330246,0.21532681211829185,0.09311903268098831,0.13427568972110748,0.031446680426597595,0.24041811846689895
CCOC1=CC=C(C=C1)OC2=CC=CC=C2NC(=O)CN3C=NN=N3,CCOc1ccc(Oc2ccccc2NC(=O)Cn2cnnn2)cc1,2.0419287914980337,11,15,0.21393637359142303,-0.1584572196006775,0.1595819741487503,0.11662095785140991,0.21506112813949585,0.053345996886491776,0.21519619226455688,0.005742732435464859,0.24199288256227758
COC1=NC=C(C=C1)C(=O)N2CCCC(C2)OC3=NC=CN=C3C#N,COc1ccc(C(=O)N2CCCC(Oc3nccnc3C#N)C2)cn1,3.0320793070960015,11,17,0.02980813942849636,0.11370815336704254,0.07144127786159515,0.027347858995199203,0.21495757065713406,0.07740075886249542,0.01844654604792595,0.03721991926431656,0.19161676646706588
CC(C)C1=NN(C(=C1)C(=O)NC2=NC3=C(C=C2)C=C(C=C3)[N+](=O)[O-])C,CC(C)c1cc(C(=O)Nc2ccc3cc([N+](=O)[O-])ccc3n2)n(C)n1,2.438327490357244,10,16,0.11527673155069351,0.10259053111076355,-0.002910623326897621,0.06601336598396301,0.21495663933455944,0.0977214127779007,0.06245661526918411,0.057058267295360565,0.1810344827586207
CC1=CC(=NN1)C(=O)N2CCOCC2C3=NOC(=N3)C4=CC=CC=C4,Cc1cc(C(=O)N2CCOCC2c2noc(-c3ccccc3)n2)n[nH]1,3.0590291226913635,10,15,-0.023865243420004845,0.10617341101169586,0.13264672458171844,0.029698936268687248,0.21495489217340946,0.022838536649942398,0.056283317506313324,0.054551560431718826,0.19047619047619047
C[C@H](C1=NC=C(O1)C2=CC=CC=C2)NC(=O)NC3=NC=CN(C3=O)C,C[C@@H](NC(=O)Nc1nccn(C)c1=O)c1ncc(-c2ccccc2)o1,2.9052845346149603,11,15,0.028419790789484978,0.02934754267334938,0.1571429967880249,0.14812591671943665,0.21491033025085926,0.04729017615318298,0.16263768076896667,0.11689268052577972,0.21351351351351353
[2H]C([2H])([2H])C1=NC(=NO1)C2=CC3=C(C=C2)[C@@H](CO3)NC(=O)C4=C(N(N=C4)C)C,[2H]C([2H])([2H])c1nc(-c2ccc3c(c2)OC[C@H]3NC(=O)c2cnn(C)c2C)no1,3.9737697871796547,10,17,0.018153086304664612,-0.16151651740074158,0.3580726981163025,-0.04310937225818634,0.21470926702022552,-0.12120738625526428,0.12872761487960815,0.010973570868372917,0.24808184143222506
CCOC(=O)C1=NN(C(=C1)C2=NC=C(N=C2)C)C3=CN=C(C=C3)OC,CCOC(=O)c1cc(-c2cnc(C)cn2)n(-c2ccc(OC)nc2)n1,2.574674854811528,10,17,0.12143228203058243,0.04685956612229347,0.0462353453040123,0.07094670832157135,0.2145271934568882,0.07490743696689606,0.0939721092581749,0.05091370269656181,0.1906005221932115
CC1=CC(=O)N2C(=N1)C=C(N2)[C@H]3CCCN3C(=O)C4=CC(=CN=C4)O,Cc1cc(=O)n2[nH]c([C@H]3CCCN3C(=O)c3cncc(O)c3)cc2n1,3.307998944149089,12,17,-0.03986585512757301,0.1841326802968979,0.06994391232728958,0.026421524584293365,0.21421073749661446,0.06553751975297928,-0.02642279863357544,0.0953768789768219,0.2571428571428571
CC1=C(C(=NN1)NC(=O)C2=NC=CN=C2)C3=CC(=C(C=C3)OC)OC,COc1ccc(-c2c(NC(=O)c3cnccn3)n[nH]c2C)cc1OC,2.3313218753965774,11,17,0.025814466178417206,0.05361977592110634,0.13452987372875214,0.03127431869506836,0.21396411582827568,0.027089614421129227,0.04818715527653694,0.07119245827198029,0.24375
COC1=CC(=C(C=C1)/C=N\NC(=O)CN2C3=CC=CC=C3N=N2)OC,COc1ccc(/C=N\NC(=O)Cn2nnc3ccccc32)c(OC)c1,2.1523050823304875,12,17,0.1849675476551056,0.0504634827375412,-0.02180752344429493,0.061696138232946396,0.21362350694835186,0.0733380988240242,0.13563629984855652,0.007113996893167496,0.1830065359477124
CCCNC1=C(C(=NC=N1)OC2=CC=CC3=C2N=C(C=C3)C)[N+](=O)[O-],CCCNc1ncnc(Oc2cccc3ccc(C)nc23)c1[N+](=O)[O-],2.4437565449523753,11,17,0.2927566170692444,0.07549330592155457,-0.15469671785831451,0.13702461123466492,0.21355320513248444,0.17586329579353333,0.1846134066581726,-0.01688797026872635,0.2555205047318612
CC1=NC2=C(N1)C=C(C=C2)NC(=O)C3=CC(=NC=C3)CNC(=O)OC,COC(=O)NCc1cc(C(=O)Nc2ccc3nc(C)[nH]c3c2)ccn1,2.29441504982778,12,17,0.14349189400672913,0.08093434572219849,-0.010968571528792381,0.09481306374073029,0.21345766820013523,0.10634215921163559,0.12783028185367584,0.020366141572594643,0.1611842105263158
CC1=CC=NC2=NC(=NN12)C(=O)OCC(=O)N[C@@H](C)C3=CC=CC=C3,Cc1ccnc2nc(C(=O)OCC(=O)N[C@@H](C)c3ccccc3)nn12,2.6954353471826735,10,15,-0.043841391801834106,0.15733842551708221,0.09969235956668854,0.10119720548391342,0.21318939328193665,0.06815911084413528,0.06569221615791321,0.12466965615749359,0.2006172839506173
CC1=CC=C(C=C1)C2=NNC(=C2)C(=O)N3CCOC[C@@H]3C4=NOC=N4,Cc1ccc(-c2cc(C(=O)N3CCOC[C@@H]3c3ncon3)[nH]n2)cc1,3.265304570531195,10,15,-0.0676853209733963,0.11849109083414078,0.162248894572258,-0.024142513051629066,0.21305466443300247,0.00037219002842903137,-0.025020327419042587,0.07237201184034348,0.1853932584269663
CC(C)OC1=CC=CC(=C1)C(=O)NC2=CC=C(C=C2)OC3=NNN=N3,CC(C)Oc1cccc(C(=O)Nc2ccc(Oc3nn[nH]n3)cc2)c1,2.21609931309972,10,14,0.1474931538105011,0.07870836555957794,-0.013444803655147552,0.07503209263086319,0.2127567157149315,0.14157703518867493,0.04085210710763931,0.0371602438390255,0.225
C1CN(CCC12C(=O)NC(=O)N2)C(=O)C3=CC=C(C=C3)N4C=CC=N4,O=C1NC(=O)C2(CCN(C(=O)c3ccc(-n4cccn4)cc3)CC2)N1,2.8899908455575396,9,13,0.08205775916576385,0.19104938209056854,-0.06075294688344002,0.08152638375759125,0.21235419437289238,0.11958273500204086,0.05477555841207504,0.06369096040725708,0.11884057971014493
COC1=CC=CC=C1OCCC(=O)NC2=CC=C(C=C2)N3C=NN=N3,COc1ccccc1OCCC(=O)Nc1ccc(-n2cnnn2)cc1,1.971533427957466,11,15,0.11780211329460144,0.17158396542072296,-0.07720616459846497,0.04339015483856201,0.21217991411685944,0.09173144400119781,0.06857378780841827,0.03419535607099533,0.26181818181818184
C1C[C@@H](CN(C1)C(=O)C2=CN=CN2)C3=NC(=NO3)OC4=CC=CC=C4,O=C(c1cnc[nH]1)N1CCC[C@H](c2nc(Oc3ccccc3)no2)C1,3.0396143902560837,11,15,-0.30257371068000793,0.36909860372543335,0.14542677998542786,0.07686332613229752,0.21195167303085327,0.07312148809432983,-0.13508522510528564,0.27278023958206177,0.15300546448087432
CC1=CC=C(O1)C2=NN(C=C2C(=O)N3CCC4=C(C3)N=CNC4=O)C,Cc1ccc(-c2nn(C)cc2C(=O)N2CCc3c(nc[nH]c3=O)C2)o1,2.932001182005461,10,17,0.11066588014364243,-0.08914116024971008,0.19037118554115295,0.043531499803066254,0.2118959054350853,0.011519058607518673,0.15646588802337646,-0.02218010276556015,0.21518987341772153
CC1=C(NC(=C1CCC(=O)O)C)/C=C/2\C(=NNC2=O)C3=CN=CN=C3,Cc1[nH]c(/C=C2/C(=O)NN=C2c2cncnc2)c(C)c1CCC(=O)O,3.06128266474807,10,16,0.03733493387699127,0.16278204321861267,0.011615544557571411,0.07210291177034378,0.21173252165317535,0.07386408001184464,0.03398657962679863,0.11856639385223389,0.16761363636363635
C1=CC(=CN=C1)C(=O)NCCNC(=O)C2=CC3=C(C=C2)N=C(N3)CO,O=C(NCCNC(=O)c1ccc2nc(CO)[nH]c2c1)c1cccnc1,2.2099281592535647,14,17,0.027217812836170197,0.21267078816890717,-0.02849167212843895,0.0764138251543045,0.2113969288766384,0.0819823145866394,0.035036709159612656,0.13144353032112122,0.16296296296296298
CC1=C(C=CO1)C(=O)N[C@H](C)C2=CC=C(C=C2)N3C=C(N=N3)C(=O)N,Cc1occc1C(=O)N[C@H](C)c1ccc(-n2cc(C(N)=O)nn2)cc1,2.829118263139957,10,15,0.07321763038635254,0.014080883003771305,0.12400010228157043,0.09543363749980927,0.21129861567169428,0.04401681572198868,0.1554635465145111,0.04277987405657768,0.10810810810810811
CCC1=C(N=C(NC1=O)NC2=NC3=CC4=C(C=C3C(=N2)C)OCO4)C,CCc1c(C)nc(Nc2nc(C)c3cc4c(cc3n2)OCO4)[nH]c1=O,2.7834690043239885,9,17,0.36669087409973145,-0.032945580780506134,-0.12285363674163818,0.08920548111200333,0.21089165657758713,0.15546421706676483,0.17619946599006653,-0.0697169080376625,0.3445692883895131
CC1=NN(C=C1C(=O)NC2COC3=C2C=CC(=C3)C4=NOC(=N4)C)C,Cc1nc(-c2ccc3c(c2)OCC3NC(=O)c2cn(C)nc2C)no1,3.0804910351566726,10,17,-0.06232224032282829,-0.01539645716547966,0.28824496269226074,-0.03548268973827362,0.2105262652039528,-0.0997808426618576,0.048916883766651154,0.08490483462810516,0.25956284153005466
C1=C[N+](=CC=C1/C=N/O)CC2=CC(=NO2)C[N+]3=CC=C(C=C3)/C=N/O,O/N=C/c1cc[n+](Cc2cc(C[n+]3ccc(/C=N/O)cc3)on2)cc1,3.5911977061450298,11,13,0.0202685184776783,0.1548795849084854,0.03475279361009598,0.09407250583171844,0.2099008969962597,0.10579205304384232,0.042193807661533356,0.09327894449234009,0.0858085808580858
CC1=C(C=C(C=C1)NC(=O)COC(=O)C2=NN3C(=CC=NC3=N2)C)C,Cc1ccc(NC(=O)COC(=O)c2nc3nccc(C)n3n2)cc1C,2.280707719693126,10,17,0.12744270265102386,-0.0764252245426178,0.15877318382263184,0.033132780343294144,0.2097906619310379,-0.0047118812799453735,0.1351536214351654,0.01914913021028042,0.2297734627831715
CC(C1=CC=C(C=C1)N2C=CC=N2)NC(=O)C3=CN(C(=O)NC3=O)C,CC(NC(=O)c1cn(C)c(=O)[nH]c1=O)c1ccc(-n2cccn2)cc1,2.824396724678417,11,15,0.19768881797790527,-0.10009467601776123,0.11218047887086868,0.0976257473230362,0.20977462083101273,0.060468606650829315,0.18628060817718506,0.002123503014445305,0.20833333333333334
CC1=C(C=NN1C2=CC=CC=N2)C(=O)NC3=CN(C(=C3)C(=O)OC)C,COC(=O)c1cc(NC(=O)c2cnn(-c3ccccn3)c2C)cn1C,2.3731762911216965,11,17,0.07425232976675034,-0.058166392147541046,0.19364401698112488,0.0204833522439003,0.20972995460033417,-0.003787849098443985,0.10333491116762161,0.020664552226662636,0.13447432762836187
[2H]C([2H])([2H])C1=NC(=NO1)C2=CC3=C(C=C2)[C@@H](CO3)NC(=O)C4=CN(N=C4C)C,[2H]C([2H])([2H])c1nc(-c2ccc3c(c2)OC[C@H]3NC(=O)c2cn(C)nc2C)no1,4.019261503155985,10,17,0.0002455664798617363,-0.10374552756547928,0.3131848871707916,-0.034496553242206573,0.20968492608517408,-0.10276174545288086,0.10370948910713196,0.029074670746922493,0.25064599483204136
CC(=NNC1=CC=C(C=C1)[N+](=O)[O-])C(=NNC(=O)C2=CC=CC=C2)C,CC(=NNC(=O)c1ccccc1)C(C)=NNc1ccc([N+](=O)[O-])cc1,2.3122512361766425,9,13,0.052837248891592026,-0.039471082389354706,0.1962287276983261,0.050043076276779175,0.20959489420056343,0.0047851987183094025,0.12286549806594849,0.03559103235602379,0.10367892976588629
CC1=CC(=C(C=C1NC(=O)C2=CC(=CC=C2)N3C=NN=N3)OC)OC,COc1cc(C)c(NC(=O)c2cccc(-n3cnnn3)c2)cc1OC,2.0570373683543224,11,17,0.12064199149608612,0.08820735663175583,0.0005688350647687912,0.05731160566210747,0.20941818319261074,0.0993761271238327,0.09993286430835724,-0.011287294328212738,0.18421052631578946
CCOC(=O)C1=C(N(N=C1)C2=NN=C(C=C2)C3=CC=CC=C3OC)N,CCOC(=O)c1cnn(-c2ccc(-c3ccccc3OC)nn2)c1N,2.2778308678126127,11,17,0.169045552611351,0.16421139240264893,-0.12420991063117981,0.10881994664669037,0.20904703438282013,0.1445521116256714,0.08453204482793808,0.06345335394144058,0.23529411764705882
COC1=CC=C(C=C1)CNC(=O)CN2C(=O)C=CC(=N2)N3C=CC=N3,COc1ccc(CNC(=O)Cn2nc(-n3cccn3)ccc2=O)cc1,2.1918512361766407,11,15,0.09734338521957397,0.15800397098064423,-0.046654678881168365,0.1008574441075325,0.20869267731904984,0.11075451225042343,0.08516016602516174,0.0845043808221817,0.20512820512820512
C1CN(CCN1C(=O)C2=CC3=C(C=C2)NC(=O)N3)C(=O)C4=CC=CN4,O=C(c1ccc2[nH]c(=O)[nH]c2c1)N1CCN(C(=O)c2ccc[nH]2)CC1,2.37936277463818,11,15,0.07262326776981354,0.09091529250144958,0.045146964490413666,0.09804554283618927,0.2086855247616768,0.08000996708869934,0.11691966652870178,0.06297765672206879,0.1773049645390071
CC1=CC(=NC2=NC(=NN12)C(=O)O[C@H](C)C(=O)NC3=CC=CC=C3)C,Cc1cc(C)n2nc(C(=O)O[C@H](C)C(=O)Nc3ccccc3)nc2n1,2.6422881532498472,9,15,0.2335560917854309,-0.13369086384773254,0.10875964909791946,0.11461974680423737,0.20862487703561783,0.07000625133514404,0.25491130352020264,-0.05086607113480568,0.22468354430379747
C1=CC=C2C=C(C=CC2=C1)CC(=O)NC(CO)C(=O)NN3C=NN=C3,O=C(Cc1ccc2ccccc2c1)NC(CO)C(=O)Nn1cnnc1,2.885863922480617,14,16,0.024944696575403214,0.14515003561973572,0.038304105401039124,0.08971160650253296,0.20839883759617805,0.07029803097248077,0.06456085294485092,0.11517290771007538,0.1554054054054054
COC1=CC=CC(=C1)CNC(=O)CN2C(=O)C=CC(=N2)N3C=CC=N3,COc1cccc(CNC(=O)Cn2nc(-n3cccn3)ccc2=O)c1,2.2349993130997188,13,17,0.08017010986804962,0.14386484026908875,-0.015854474157094955,0.04664473235607147,0.2081804759800434,0.09500030428171158,0.04292406141757965,0.04407379776239395,0.20738636363636365
CC1=C(C=CO1)C(=O)NCC2CN3C(=C(N=N3)C4=CN=CC=C4)CO2,Cc1occc1C(=O)NCC1Cn2nnc(-c3cccnc3)c2CO1,3.3802807559895722,12,17,0.11270838975906372,-0.029126403853297234,0.12456098943948746,0.03381166234612465,0.20814297534525394,-0.003467376809567213,0.17973291873931885,-0.022404631599783897,0.16864608076009502
COC1=CC(=C(C=C1)CNC(=O)C2=CC(=CC=C2)N3C=NN=N3)OC,COc1ccc(CNC(=O)c2cccc(-n3cnnn3)c2)c(OC)c1,2.0713839284843356,12,17,0.03914341330528259,0.25467661023139954,-0.08582788705825806,0.03624546527862549,0.20799213647842407,0.09089069068431854,-0.0016706951428204775,0.09128143638372421,0.16551724137931034
CC1=C(C=CC(=C1)NC(=O)C2=C(C=CC(=C2)OC)OC)N3C=NN=N3,COc1ccc(OC)c(C(=O)Nc2ccc(-n3cnnn3)c(C)c2)c1,2.0820950064908335,11,17,-0.05219434201717377,0.09560509026050568,0.1644332855939865,0.030557580292224884,0.20784403383731842,0.010696278885006905,0.05333652347326279,0.07403576374053955,0.16507936507936508
CCOC1=C(C=CC=N1)C(=O)N2CCC(C2)OC3=NC=CN=C3C#N,CCOc1ncccc1C(=O)N1CCC(Oc2nccnc2C#N)C1,3.0714312301729247,11,17,0.02414887025952339,0.023589089512825012,0.16000892221927643,0.02705075964331627,0.20774688199162483,0.017229784280061722,0.08012856543064117,0.02953580766916275,0.191044776119403
C1CC1(CN2C3=CC=CC=C3C4=CC(=C(N=C42)N)C(=O)N)NC(=O)O,NC(=O)c1cc2c3ccccc3n(CC3(NC(=O)O)CC3)c2nc1N,2.8092338448722938,11,16,0.22889310121536255,0.006456207484006882,-0.02772320806980133,0.16554732620716095,0.2076261006295681,0.12045459449291229,0.22152483463287354,0.028851676732301712,0.21712538226299694
CC1=CC=NC2=NC(=NN12)C(=O)OCC(=O)N[C@H](C)C3=CC=CC=C3,Cc1ccnc2nc(C(=O)OCC(=O)N[C@H](C)c3ccccc3)nn12,2.6954353471826735,10,15,-0.04829888045787811,0.16140097379684448,0.09438993036746979,0.09855242073535919,0.20749202370643616,0.06815605610609055,0.059282783418893814,0.12470801919698715,0.2006172839506173
CC1=CC=C(C=C1)CN2C(=O)C=CC(=N2)C(=O)NCC3=NN=C(O3)C,Cc1ccc(Cn2nc(C(=O)NCc3nnc(C)o3)ccc2=O)cc1,2.2733630454940847,9,15,0.10188725590705872,0.0416216216981411,0.06392382830381393,0.06728707253932953,0.20743270590901375,0.06313000619411469,0.084927499294281,0.05937337875366211,0.13056379821958458
CC1=NC=CN1C2=NC=C(C=N2)NC(=O)COC3=CC=CC(=C3)OC,COc1cccc(OCC(=O)Nc2cnc(-n3ccnc3C)nc2)c1,2.266005082330489,11,16,0.04555467516183853,0.1505681574344635,0.010861665941774845,0.04059338569641113,0.20698449853807688,0.04768788442015648,0.06277825683355331,0.0632539689540863,0.3159851301115242
CN1C=C(C(=O)NC1=O)C(=O)N[C@@H](CN2C=CC=N2)C3=CC=CC=C3,Cn1cc(C(=O)N[C@@H](Cn2cccn2)c2ccccc2)c(=O)[nH]c1=O,2.8821770589919904,12,15,0.1626257300376892,-0.07992815971374512,0.12399552017450333,0.0935363844037056,0.20669309049844742,0.05723104625940323,0.15718549489974976,0.019523758441209793,0.20958083832335328
C1COCCN1C(=O)CN2C(=O)C3=CC(=NN3C=N2)C4=CC=CC=C4,O=C(Cn1ncn2nc(-c3ccccc3)cc2c1=O)N1CCOCC1,2.3657125638900247,8,13,0.00375667167827487,0.04991701990365982,0.15282076597213745,0.055650852620601654,0.20649445755407214,0.005464366637170315,0.10013927519321442,0.06877758353948593,0.2537313432835821
C[C@@H]1CN(C[C@@H](O1)C2=NN=C(O2)C)C(=O)C3=NC4=CC=CC=C4N=C3,Cc1nnc([C@H]2CN(C(=O)c3cnc4ccccc4n3)C[C@@H](C)O2)o1,3.3643402811730976,11,17,0.17352546751499176,-0.020665746182203293,0.053611598908901215,0.07097074389457703,0.20647132024168968,0.08298350870609283,0.16698598861694336,-0.04202195256948471,0.12295081967213115
CC1=C(C=C(C=C1)N2C(=O)CN3C2=NC4=C3C(=O)N(C(=O)N4C)C)C,Cc1ccc(N2C(=O)Cn3c2nc2c3c(=O)n(C)c(=O)n2C)cc1C,2.6087564397965526,8,17,-0.021360421553254128,-0.004034712910652161,0.2316012680530548,0.04260092228651047,0.20620613358914852,-0.027291016653180122,0.07736486941576004,0.10074374079704285,0.3426791277258567
CC(C)NC(=O)C1=NN=C(C=C1)OCC2=CON=C2C3=CC=CC=N3,CC(C)NC(=O)c1ccc(OCc2conc2-c2ccccn2)nn1,2.6969493130997186,11,16,0.13069114089012146,0.22933687269687653,-0.15420694649219513,0.13467338681221008,0.20582106709480286,0.1535145491361618,0.08715655654668808,0.1061001718044281,0.2111111111111111
COC1=CC=C(C=C1)C2=C3C(=NC(=N2)N4CCC(C4)C(=O)O)N=CN3,COc1ccc(-c2nc(N3CCC(C(=O)O)C3)nc3nc[nH]c23)cc1,2.838333153249847,10,15,-0.008356515318155289,-0.0018737278878688812,0.21570664644241333,0.0740879476070404,0.20547640323638916,0.03539271652698517,0.07470009475946426,0.07586649060249329,0.47876447876447875
CN1C2=C(N=CC=C2)N=C1C(=O)N/N=C\C3=CC(=C(C=C3)OC)OC,COc1ccc(/C=N\NC(=O)c2nc3ncccc3n2C)cc1OC,2.4773071408353626,11,17,-0.11558513343334198,0.13364730775356293,0.18734607100486755,0.018442027270793915,0.2054082453250885,-0.029963575303554535,0.013696903362870216,0.12278135120868683,0.24161073825503357
CN1C(=O)C=CC(=N1)C(=O)NC2=CC=CC=C2OCCN3C=CC=N3,Cn1nc(C(=O)Nc2ccccc2OCCn2cccn2)ccc1=O,2.242783928484334,13,17,0.17020463943481445,-0.1560080349445343,0.1911851167678833,0.010238131508231163,0.20538172125816345,-0.02166479080915451,0.17624610662460327,-0.05235304310917854,0.23839009287925697
CC1=NC=CN1C2=NN=C(C=C2)C(=O)NC3=C(C=CC(=C3)OC)OC,COc1ccc(OC)c(NC(=O)c2ccc(-n3ccnc3C)nn2)c1,2.2496237172167284,11,17,-0.1116253063082695,0.20220911502838135,0.1147787868976593,0.0058118002489209175,0.20536259561777115,-0.01326463557779789,0.021837493404746056,0.0973539799451828,0.18950437317784258
C1CN(CCC1C(=O)NC2=NNC(=O)C=C2)C3=NC4=CC=CC=C4O3,O=C(Nc1ccc(=O)[nH]n1)C1CCN(c2nc3ccccc3o2)CC1,2.435865145554935,11,15,0.20559000968933105,0.0787358358502388,-0.07903018593788147,0.11278607696294785,0.20529565960168839,0.15079569816589355,0.11736278980970383,0.015907645225524902,0.23853211009174313
CC1=CC=C(O1)/C=C/C(=O)NC2=CC(=C(C=C2)OC)N3C(=NN=N3)C,COc1ccc(NC(=O)/C=C/c2ccc(C)o2)cc1-n1nnnc1C,2.419908007574259,11,17,-0.038994576781988144,0.16095778346061707,0.08284453302621841,0.01390359178185463,0.20480773970484734,-0.003108447417616844,0.05672413855791092,0.06520294398069382,0.1896551724137931
CN1C=C(C=CC1=O)NC(=O)C2=NN(C(C2)C(=O)N)C3=CC=CC=C3,Cn1cc(NC(=O)C2=NN(c3ccccc3)C(C(N)=O)C2)ccc1=O,2.846463537865233,11,15,0.07238035649061203,0.005138242617249489,0.12719571590423584,0.09929195791482925,0.20471431501209736,0.027385566383600235,0.13844339549541473,0.08708778023719788,0.18786127167630057
COC1=CC=CC=C1OCC2=CN(N=N2)CC(=O)NC3=CC=CC=N3,COc1ccccc1OCc1cn(CC(=O)Nc2ccccn2)nn1,2.1095245765349127,13,17,0.17911550402641296,0.0687490776181221,-0.04319857060909271,0.07568632066249847,0.20466601103544235,0.11995845288038254,0.12707868218421936,-0.015611957758665085,0.26537216828478966
CC1=CC(=NC2=NC(=NN12)C(=O)N(C)CC(=O)C3=CC=C(C=C3)O)C,Cc1cc(C)n2nc(C(=O)N(C)CC(=O)c3ccc(O)cc3)nc2n1,2.4849769886850037,8,15,0.08339211344718933,-0.015585066750645638,0.1365373432636261,0.07486380636692047,0.2043443899601698,0.0336625874042511,0.13434988260269165,0.03730332851409912,0.2090032154340836
CC1=C(C(=O)N(N1)C2=CC=CC=N2)N=NC3=C(C=CC(=C3)OC)OC,COc1ccc(OC)c(N=Nc2c(C)[nH]n(-c3ccccn3)c2=O)c1,2.7495069241506407,11,17,0.013106521219015121,0.013943526893854141,0.17705971002578735,0.017598863691091537,0.20410975813865662,0.020046064630150795,0.05125127732753754,0.036433350294828415,0.1903409090909091
C1CC(OC1)C(=O)NC2=CC(=O)NC3=NC(=NN23)CC4=CC=CC=C4,O=C(Nc1cc(=O)[nH]c2nc(Cc3ccccc3)nn12)C1CCCO1,3.221520376642893,11,15,0.06484343111515045,0.03899083659052849,0.1001303642988205,0.05824274942278862,0.20396463200449944,0.06008514016866684,0.06795676797628403,0.05290431156754494,0.3136645962732919
CC(C1=CN(N=N1)C2CN(C2)C(=O)C3=NOC(=C3)C4=CC=CC=C4)O,CC(O)c1cn(C2CN(C(=O)c3cc(-c4ccccc4)on3)C2)nn1,3.0132006776268794,10,14,0.018452076241374016,0.06435544788837433,0.12093107402324677,0.06433726847171783,0.2037385981529951,0.03635990619659424,0.0984485000371933,0.057637691497802734,0.1425
CC1=NC2=C(CN(CC2)CC3=CNC4=C3C(=CC=C4)[N+](=O)[O-])C(=O)N1,Cc1nc2c(c(=O)[nH]1)CN(Cc1c[nH]c3cccc([N+](=O)[O-])c13)CC2,2.803623933901452,11,17,0.3246222138404846,-0.19107559323310852,0.07015462219715118,0.09874789416790009,0.20370124280452728,0.11620093882083893,0.25194814801216125,-0.12437844276428223,0.21515151515151515
C1CN(CCC2=C1C(=O)NN2)C(=O)CN3C(=O)C4=CC=CC=C4C=N3,O=C(Cn1ncc2ccccc2c1=O)N1CCc2[nH][nH]c(=O)c2CC1,2.6424877746381803,12,17,0.20650164783000946,0.15306052565574646,-0.1559920758008957,0.13544230163097382,0.20357009768486023,0.1901722252368927,0.09040099382400513,0.05288853868842125,0.1716867469879518
CC1=C(N(C=N1)C2=CC=C(C=C2)NC(=O)CC3=CC(=O)NC(=O)N3)C,Cc1ncn(-c2ccc(NC(=O)Cc3cc(=O)[nH]c(=O)[nH]3)cc2)c1C,2.4989527746381803,10,15,-0.15257878601551056,0.023290541023015976,0.3328282833099365,0.06016923114657402,0.20354003831744194,-0.08951304107904434,0.11712276935577393,0.14869840443134308,0.2484076433121019
C1CN(CC2=CC(=NN2C1)CO)C(=O)C3=NC4=CC=CC=C4C(=O)N3,O=C(c1nc2ccccc2c(=O)[nH]1)N1CCCn2nc(CO)cc2C1,2.745153159253565,12,17,0.1595049798488617,-0.021667862311005592,0.06564279645681381,0.05860593169927597,0.20347991399466991,0.07523145526647568,0.13830678164958954,-0.03154097869992256,0.21637426900584794
CC1CN(C2=C(O1)C=C(C=C2)C)C(=O)C3=NNC4=C3N=CN(C4=O)C,Cc1ccc2c(c1)OC(C)CN2C(=O)c1n[nH]c2c(=O)n(C)cnc12,3.3890982631399567,10,17,-0.1477203369140625,0.03697150945663452,0.3138418197631836,-0.05884562432765961,0.20309299230575562,-0.07044188678264618,-0.06306231766939163,0.10274562239646912,0.27320954907161804
CC1=NC2=C(N1)C=C(C=C2)N(C)C(=O)CNC(=O)C3=C(C=CC=N3)O,Cc1nc2ccc(N(C)C(=O)CNC(=O)c3ncccc3O)cc2[nH]1,2.5083325548579616,12,17,-0.10799850523471832,0.1214321032166481,0.18952742218971252,0.04425496235489845,0.2029610201716423,-0.034101180732250214,0.026168683543801308,0.168878972530365,0.2126984126984127
CC1=CC=C(O1)/C=C\C(=O)NC2=CC(=C(C=C2)OC)N3C(=NN=N3)C,COc1ccc(NC(=O)/C=C\c2ccc(C)o2)cc1-n1nnnc1C,2.419908007574259,11,17,-0.05591495335102081,0.16441082954406738,0.094400554895401,0.00958700105547905,0.20289643108844757,-0.000749656930565834,0.046594537794589996,0.06307732313871384,0.1896551724137931
COC1=CC=C(C=C1)C(=O)NCCN2C(=O)C=CC(=N2)N3C=CC=N3,COc1ccc(C(=O)NCCn2nc(-n3cccn3)ccc2=O)cc1,2.1894108515612576,11,15,0.20531919598579407,0.0789002925157547,-0.08180535584688187,0.09904509782791138,0.2024141326546669,0.11849614977836609,0.1461959034204483,0.0182148776948452,0.18873239436619718
COC1=CC=CC=C1NC2=NC3=NC4=CC(=C(C=C4N3N2)OC)OC,COc1ccccc1Nc1nc2nc3cc(OC)c(OC)cc3n2[nH]1,2.5278396977151036,11,17,-0.022259218618273735,0.08562867343425751,0.13892708718776703,-0.015195569954812527,0.2022965420037508,-0.008491485379636288,-0.007992126047611237,0.08551320433616638,0.23529411764705882
CC1=NN(C2=C1C=C(C=N2)C(=O)NC3=CC=C(C=C3)NC(=O)OC)C,COC(=O)Nc1ccc(NC(=O)c2cnc3c(c2)c(C)nn3C)cc1,2.0845947526601574,9,15,0.05739713832736015,-0.12262874096632004,0.2672266364097595,0.06680566817522049,0.20199503377079964,-0.014639442786574364,0.1669374406337738,0.022114066407084465,0.1926605504587156
CC1C(=O)N(C2=CC=CC=C2O1)CCC3=NC(=NO3)C4=NC=C(N4)C,Cc1cnc(-c2noc(CCN3C(=O)C(C)Oc4ccccc43)n2)[nH]1,3.150850460942155,11,17,0.10068070888519287,-0.018734339624643326,0.119553342461586,0.02359137311577797,0.20149971172213554,0.005845852196216583,0.10894246399402618,0.018008939921855927,0.26436781609195403
CCOC1=C(C=CC(=C1)C=NNC(=O)CN2C3=CC=CC=C3N=N2)O,CCOc1cc(C=NNC(=O)Cn2nnc3ccccc32)ccc1O,2.223135851561258,13,17,0.054039400070905685,0.05645288527011871,0.09081938117742538,0.06862467527389526,0.20131166651844978,0.0311717689037323,0.12196465581655502,0.05201905220746994,0.20860927152317882
C1CN(C(=O)OC1)C2=CC=C(C=C2)C3=NOC(=N3)CCN4C=CC=N4,O=C1OCCCN1c1ccc(-c2noc(CCn3cccn3)n2)cc1,2.493968907694315,10,15,-0.16848552227020264,0.25361549854278564,0.11586710065603256,-0.014809086918830872,0.20099707692861557,0.003966540098190308,-0.080397829413414,0.14695723354816437,0.22404371584699453
CC1=CC(=C(N1C)C)C(=O)COC(=O)C2=CC=C(C=C2)N3C=NN=N3,Cc1cc(C(=O)COC(=O)c2ccc(-n3cnnn3)cc2)c(C)n1C,2.3003020054074117,8,15,0.07196684181690216,0.04109293967485428,0.08789511024951935,0.0060981689020991325,0.2009548917412758,0.001029549166560173,0.10180097073316574,0.007076028734445572,0.1323943661971831
CCOC1=CC(=NC2=C1C=C(C=C2)NC(=O)C3COC3)N4C=NN=C4,CCOc1cc(-n2cnnc2)nc2ccc(NC(=O)C3COC3)cc12,2.6514839284843355,10,15,0.0979970172047615,-0.14761120080947876,0.25050634145736694,0.03753156214952469,0.2008921578526497,-0.032701171934604645,0.16644087433815002,-0.0034670084714889526,0.28052805280528054
CC1=NOC(=N1)C2=C(N=CC=C2)N3CCC(C3)NC(=O)C4=COC=C4,Cc1noc(-c2cccnc2N2CCC(NC(=O)c3ccoc3)C2)n1,3.023012052090733,12,17,0.013015614822506905,0.1898532509803772,-0.002492925152182579,0.08378344774246216,0.20037594065070152,0.09253408014774323,0.07072869688272476,0.07027218490839005,0.2198952879581152
COC1=CC=C(C=C1)CC(=O)NC2=CC(=C(C=C2)OC)N3C=NN=N3,COc1ccc(CC(=O)Nc2ccc(OC)c(-n3cnnn3)c2)cc1,2.0247935438689506,10,15,-0.1389656662940979,0.12508592009544373,0.21421194076538086,0.02231718972325325,0.20033219456672668,-0.04217049479484558,0.01009279303252697,0.14742940664291382,0.20735785953177258
CC1=CC=C(C=C1)C2=NC(=NO2)CN3CC4=C(C[C@@H]3C(=O)O)N=CN4,Cc1ccc(-c2nc(CN3Cc4[nH]cnc4C[C@@H]3C(=O)O)no2)cc1,3.139354307096001,10,15,-0.11360573768615723,0.2989262342453003,0.014857691712677479,0.027570785954594612,0.20017818827182055,0.08421138674020767,-0.07820966839790344,0.1239267885684967,0.2056338028169014
CC1=CN=C(N1)C2COCCN2C(=O)C3=NNC(=O)C4=CC=CC=C43,Cc1cnc(C2COCCN2C(=O)c2n[nH]c(=O)c3ccccc23)[nH]1,3.1137119994036935,12,17,-0.1573484241962433,0.14247409999370575,0.21437138319015503,0.003896827343851328,0.1994970589876175,-0.02392060123383999,0.02151510678231716,0.0866595208644867,0.20552147239263804
COC1=C(C=C(C=C1)NC2=NC3=C(C=C(C=C3)N)N=C2C(=O)N)OC,COc1ccc(Nc2nc3ccc(N)cc3nc2C(N)=O)cc1OC,2.232586401011808,11,17,0.008395533077418804,0.21204397082328796,-0.021265298128128052,0.06892893463373184,0.19917420577257872,0.10642130672931671,0.01787848025560379,0.08593983948230743,0.21768707482993196
CC1=C(C=C2C(=N1)N(C=N2)C3=NC=C(C=C3)C#N)OCCOCCO,Cc1nc2c(cc1OCCOCCO)ncn2-c1ccc(C#N)cn1,2.7469646977151037,11,17,-0.046031754463911057,-0.08028978109359741,0.3253275752067566,-0.017792828381061554,0.19900603964924812,-0.0949360653758049,0.09630464762449265,0.03131091222167015,0.215625
CC1=NN(N=C1C(=O)NC2=C(N=C(C=C2)OC)OC)C3=CC=CC=C3,COc1ccc(NC(=O)c2nn(-c3ccccc3)nc2C)c(OC)n1,2.3239970649957105,9,15,0.15689146518707275,-0.11679264903068542,0.15878205001354218,0.05874840170145035,0.1988808661699295,0.00888621062040329,0.18077996373176575,-0.0064164139330387115,0.16715542521994134
CN1C(=C(C(=O)N(C1=O)C)C2=NNC(C2)C3=CNC4=CC=CC=C43)O,Cn1c(O)c(C2=NNC(c3c[nH]c4ccccc34)C2)c(=O)n(C)c1=O,3.3733314499531435,12,17,0.007401777431368828,-0.08719836175441742,0.2783868610858917,0.05691790208220482,0.19859027676284313,-0.027780935168266296,0.09909872710704803,0.09348173439502716,0.2154696132596685
CN1C=C(C(=O)NC1=O)C(=O)N[C@H](CN2C=CC=N2)C3=CC=CC=C3,Cn1cc(C(=O)N[C@H](Cn2cccn2)c2ccccc2)c(=O)[nH]c1=O,2.8821770589919904,12,15,0.16266262531280518,-0.08523669838905334,0.12115771323442459,0.09222182631492615,0.19858364015817642,0.056008122861385345,0.156595841050148,0.01497628167271614,0.20958083832335328
CC1=C(C(=NO1)C)COC(=O)/C(=C/C2=CC=CC=C2)/N3C(=NN=N3)C,Cc1noc(C)c1COC(=O)/C(=C/c1ccccc1)n1nnnc1C,2.670246469112721,8,15,0.06234046071767807,0.05832016468048096,0.07730753719806671,0.05431784316897392,0.19796816259622574,0.04223041608929634,0.0954352617263794,0.04309931397438049,0.10361445783132531
CC1=C(C=CC=C1[N+](=O)[O-])C(=O)NC2=CN=C3C(=C2)C=NN3C(C)C,Cc1c(C(=O)Nc2cnc3c(cnn3C(C)C)c2)cccc1[N+](=O)[O-],2.3335121057418604,10,16,0.08824334293603897,-0.04929579421877861,0.15885505080223083,0.0392070971429348,0.1978025995194912,0.019973332062363625,0.1403767168521881,-0.018546611070632935,0.19714285714285715
COC1=CC=C(C=C1)CC(=O)NC2=C(C=CC(=C2)OC)N3C=NN=N3,COc1ccc(CC(=O)Nc2cc(OC)ccc2-n2cnnn2)cc1,2.0310550823304876,10,15,-0.14880195260047913,0.13322997093200684,0.21297667920589447,0.006683805026113987,0.19740469753742218,-0.05793984979391098,-0.0127639751881361,0.1615142822265625,0.21212121212121213
COC1=CC(=C(C=C1)NC(=O)C(C2=CC=CC=C2)N3C=NN=N3)OC,COc1ccc(NC(=O)C(c2ccccc2)n2cnnn2)c(OC)c1,2.6081889224806165,11,15,0.03173612058162689,0.08749121427536011,0.07806255668401718,0.05081203579902649,0.19728989154100418,0.032228995114564896,0.08176868408918381,0.061210375279188156,0.20364741641337386
C1CCN(C1)C2=C(C=C(C=C2)[N+](=O)[O-])/C=N/NC(=O)C3=CC=NC=C3,O=C(N/N=C/c1cc([N+](=O)[O-])ccc1N1CCCC1)c1ccncc1,2.2691685438689504,9,13,0.09332861006259918,-0.10429181158542633,0.20780310034751892,0.057367436587810516,0.19683989882469177,0.026494862511754036,0.14971281588077545,-0.01857207529246807,0.14465408805031446
CCC1=CC=C(C=C1)C(=O)NNC(=O)CN2C(=O)N3C=CC=CC3=N2,CCc1ccc(C(=O)NNC(=O)Cn2nc3ccccn3c2=O)cc1,2.1723426771300556,11,15,0.29612624645233154,0.04407089948654175,-0.14340931177139282,0.11090610921382904,0.19678783416748047,0.1661544144153595,0.11520211398601532,0.0033493544906377792,0.19696969696969696
CC1=C(C(=NO1)C)COC(=O)C(=CC2=CC=CC=C2)N3C(=NN=N3)C,Cc1noc(C)c1COC(=O)C(=Cc1ccccc1)n1nnnc1C,2.670246469112721,8,15,0.07934713363647461,0.042601145803928375,0.07479701191186905,0.05711080878973007,0.19674529135227203,0.044411782175302505,0.09747903794050217,0.043544329702854156,0.10361445783132531
COC1=CC=C(C=C1)OCCN2N=C(N=N2)C3=CC=C(C=C3)C(=O)N,COc1ccc(OCCn2nnc(-c3ccc(C(N)=O)cc3)n2)cc1,2.030130082330489,8,13,-0.040477193892002106,0.23715637624263763,-0.00012998748570680618,0.039689239114522934,0.19654919486492872,0.0612478032708168,-0.024605542421340942,0.13450856506824493,0.27715355805243447
CC1=CC(=NC2=C1N3CC[C@@H](C3)N2C(=O)NC4=CC=CC=N4)C(=O)O,Cc1cc(C(=O)O)nc2c1N1CC[C@@H](C1)N2C(=O)Nc1ccccn1,4.1485597162020555,12,17,0.1410391628742218,-0.12011289596557617,0.17562143504619598,0.07489383220672607,0.1965477019548416,0.063130684196949,0.1707189828157425,-0.050933416932821274,0.1855072463768116
CC(C1=CC2=CC=CC=C2O1)NC3=NC=C(C(=N3)NC4CC4)[N+](=O)[O-],CC(Nc1ncc([N+](=O)[O-])c(NC2CC2)n1)c1cc2ccccc2o1,2.967358207421027,12,16,0.3298633098602295,-0.13096240162849426,-0.002377657685428858,0.1128234714269638,0.19652325054630637,0.08881328999996185,0.23429465293884277,-0.04384353756904602,0.23839009287925697
CN1C(=CC(=N1)C2CCC2)C(=O)NN3C(=O)C4=CC=CC=C4NC3=O,Cn1nc(C2CCC2)cc1C(=O)Nn1c(=O)[nH]c2ccccc2c1=O,2.6208147526601575,11,16,0.14883869886398315,-0.17977076768875122,0.22709502279758453,0.09747342765331268,0.19616295397281647,0.01467042788863182,0.2145811915397644,-0.010025113821029663,0.21629213483146068
COC1=CC=CC=C1OCC2=CN(N=N2)CC(=O)NC3=CC=NC=C3,COc1ccccc1OCc1cn(CC(=O)Nc2ccncc2)nn1,2.1095966524042495,11,15,0.07750390470027924,0.11174540221691132,0.006367061287164688,0.07594174891710281,0.19561636820435524,0.097908154129982,0.07140039652585983,0.04604674130678177,0.2280130293159609
CC1=C2[C@H](C3=C(NC2=NN1)N(C(=O)N(C3=O)C)C)C4=CC(=CC=C4)O,Cc1[nH]nc2c1[C@@H](c1cccc(O)c1)c1c(n(C)c(=O)n(C)c1=O)N2,3.4416151766612186,11,17,0.1296268254518509,-0.14896157383918762,0.2147531807422638,0.04382231831550598,0.19541843235492706,0.003518570214509964,0.14298787713050842,0.0022464729845523834,0.22189349112426035
CC1=CC=C(C=C1)C2=NOC(=N2)CCC(=O)NNC(=O)C3=CC=CN3,Cc1ccc(-c2noc(CCC(=O)NNC(=O)c3ccc[nH]3)n2)cc1,2.30901854386895,11,15,0.19081570208072662,0.1661759316921234,-0.1619039922952652,0.07325522601604462,0.19508764147758484,0.13920974731445312,0.07639467716217041,0.026184052228927612,0.2422360248447205
CN1C(=O)C=CN(C1=O)CC(=O)NCC2=CC=CC=C2N3C=CN=C3,Cn1c(=O)ccn(CC(=O)NCc2ccccc2-n2ccnc2)c1=O,2.451391431192894,13,17,-0.23703844845294952,0.20294277369976044,0.22907793521881104,0.07695239782333374,0.19498226046562195,-0.008003812283277512,-0.013986708596348763,0.2245684266090393,0.22468354430379747
COC1=CC=CC=C1OCCC(=O)NC2=CC(=CC=C2)N3C=NN=N3,COc1ccccc1OCCC(=O)Nc1cccc(-n2cnnn2)c1,2.027318254090236,13,17,0.20169037580490112,0.137518972158432,-0.14424195885658264,0.05581207200884819,0.1949673891067505,0.1400900036096573,0.09542772173881531,-0.02749905362725258,0.259927797833935
C1CN(CCN1C2=NC=CC=N2)C(=O)C=CC3=CC(=CC=C3)[N+](=O)[O-],O=C(C=Cc1cccc([N+](=O)[O-])c1)N1CCN(c2ncccn2)CC1,2.2371377746381818,10,14,0.025399761274456978,0.1866733729839325,-0.017423344776034355,0.07215072959661484,0.19464978948235512,0.1216430813074112,-0.015333535149693489,0.10360388457775116,0.2647058823529412
C1CC(CN(C1)C(=O)COC2=CN=CC=C2)OC3=NC=CN=C3C#N,N#Cc1nccnc1OC1CCCN(C(=O)COc2cccnc2)C1,3.035725856094947,12,17,-0.054425545036792755,0.22535955905914307,0.023549620062112808,0.03728996217250824,0.19448363408446312,0.07405832409858704,-0.03506236523389816,0.11575751006603241,0.23920265780730898
CC1=CC=C(O1)C2=CC(=NN2)C(=O)NC3CC(C3)C4=CC(=O)NC=N4,Cc1ccc(-c2cc(C(=O)NC3CC(c4cc(=O)[nH]cn4)C3)n[nH]2)o1,3.052515374854865,12,16,0.2628101110458374,0.017883693799376488,-0.086346834897995,0.07835383713245392,0.1943469699472189,0.12649965286254883,0.13352401554584503,-0.035162173211574554,0.22371967654986524
CN1C=NN(C1=O)CC(=O)NC2=CC(=NO2)C3=CC4=C(CCC4)C=C3,Cn1cnn(CC(=O)Nc2cc(-c3ccc4c(c3)CCC4)no2)c1=O,2.7367281592535644,11,17,-0.04834336042404175,0.17685264348983765,0.0656718909740448,0.05923834443092346,0.1941811740398407,0.05686357989907265,-0.023389965295791626,0.15622128546237946,0.22554347826086957
C1CCN(C1)C2=C(C=C(C=C2)[N+](=O)[O-])/C=N\NC(=O)C3=CC=NC=C3,O=C(N/N=C\c1cc([N+](=O)[O-])ccc1N1CCCC1)c1ccncc1,2.2691685438689504,9,13,0.10242064297199249,-0.11560611426830292,0.2072470784187317,0.050345633178949356,0.19406160712242126,0.02237965166568756,0.15054628252983093,-0.027044076472520828,0.14465408805031446
C1C[C@@H](N(C1)C(=O)CN2C=NC(=N2)C#N)C3=CC4=C(C=C3)OCCO4,N#Cc1ncn(CC(=O)N2CCC[C@@H]2c2ccc3c(c2)OCCO3)n1,3.0464423998251897,11,17,-0.09897588193416595,0.14542989432811737,0.14758336544036865,-0.029664717614650726,0.19403737783432007,0.009534833952784538,-0.06001162901520729,0.08085373044013977,0.21470588235294116
CC1=CC=NC2=NC(=NN12)C(=O)OCC(=O)NC(C)C3=CC=CC=C3,Cc1ccnc2nc(C(=O)OCC(=O)NC(C)c3ccccc3)nn12,2.6954353471826735,10,15,-0.06906308233737946,0.15606096386909485,0.10625319182872772,0.09739093482494354,0.19325107336044312,0.05775464326143265,0.05650923401117325,0.1264587938785553,0.2006172839506173
COCCCOC1=NOC2=C1C=CC(=C2)NC3=NNC4=C3N=CC=C4,COCCCOc1noc2cc(Nc3n[nH]c4cccnc34)ccc12,2.7081726498980565,12,17,-0.08356775343418121,-0.04203777015209198,0.3188021183013916,0.004430500790476799,0.1931965947151184,-0.09084977954626083,0.0863490104675293,0.0971531942486763,0.22118380062305296
CC1C(C(=O)C(=C1C)N=NC2=C(NC(=O)NC2=O)N)C3=CC=CC=C3,CC1=C(N=Nc2c(N)[nH]c(=O)[nH]c2=O)C(=O)C(c2ccccc2)C1C,3.9788057494005225,10,15,0.3410305380821228,-0.2009495049715042,0.052671127021312714,0.09978178888559341,0.1927521601319313,0.10175095498561859,0.24678710103034973,-0.11976847052574158,0.2442528735632184
CC1=CC(=NO1)C(=O)NCC2=CC(=CC=C2)NC(=O)CN3C=CC=N3,Cc1cc(C(=O)NCc2cccc(NC(=O)Cn3cccn3)c2)no1,2.1876377746381817,13,17,0.196743905544281,-0.05863098427653313,0.05439286679029465,0.08954161405563354,0.19250578805804253,0.05313640460371971,0.18006819486618042,0.0097336545586586,0.13535911602209943
C[C@@H](C(=O)NC1=NN=NN1C2=CC=CC=C2)OC3=CC=C(C=C3)OC,COc1ccc(O[C@@H](C)C(=O)Nc2nnnn2-c2ccccc2)cc1,2.5070869994036933,9,13,0.35721445083618164,-0.23324432969093323,0.06852597743272781,0.06947386264801025,0.19249609857797623,0.04638111963868141,0.2731615900993347,-0.11550142616033554,0.2826855123674912
CC1=C2[C@H](C3=C(NC2=NN1)N(C(=O)N(C3=O)C)C)C4=CC=C(C=C4)O,Cc1[nH]nc2c1[C@@H](c1ccc(O)cc1)c1c(n(C)c(=O)n(C)c1=O)N2,3.402649290373593,9,15,0.0995347648859024,-0.15108713507652283,0.24403880536556244,0.037529751658439636,0.19248643517494202,-0.0228120144456625,0.13659825921058655,0.022476278245449066,0.22255192878338279
CC1=C(C=CC(=C1)NC(=O)COC2=CC=C(C=C2)OC)N3C=NN=N3,COc1ccc(OCC(=O)Nc2ccc(-n3cnnn3)c(C)c2)cc1,2.0074666207920266,10,15,0.007568708620965481,0.08177430182695389,0.10275548696517944,0.06450328975915909,0.1920984974130988,0.010585648007690907,0.10910487174987793,0.07542391121387482,0.22945205479452055
CC1=CC(=C(C=C1NC(=O)C2=CC=C(C=C2)N3C=NN=N3)OC)OC,COc1cc(C)c(NC(=O)c2ccc(-n3cnnn3)cc2)cc1OC,2.0017112578451144,9,15,0.13187244534492493,0.060909297317266464,-0.001066470518708229,0.025245610624551773,0.19171527214348316,0.06443337351083755,0.09151222556829453,-0.024813812226057053,0.18151815181518152
COC1=CC(=C(C=C1)OC)C=NNC(=O)CN2C3=CC=CC=C3N=N2,COc1ccc(OC)c(C=NNC(=O)Cn2nnc3ccccc32)c1,2.1444896977151036,12,17,0.17219239473342896,0.05510042607784271,-0.03563811630010605,0.05474124848842621,0.19165470451116562,0.09318007528781891,0.12473003566265106,-0.03023284114897251,0.18241042345276873
CC1=NC(=NO1)CCN(C)C2=C(N=C(O2)C3=CC=C(C=C3)OC)C#N,COc1ccc(-c2nc(C#N)c(N(C)CCc3noc(C)n3)o2)cc1,2.7320529696544327,7,15,-0.018855445086956024,0.0798969566822052,0.13029465079307556,0.013958822935819626,0.19133616238832474,-0.029204055666923523,0.01702042855322361,0.13209381699562073,0.22764227642276422
COC1=CC=CC(=C1OC)NC(=O)C2=CC(=NC3=NC=NN23)C4CC4,COc1cccc(NC(=O)c2cc(C3CC3)nc3ncnn23)c1OC,2.4864475525363403,10,16,0.20281246304512024,-0.022782353684306145,0.011223575100302696,0.06041445955634117,0.1912536844611168,0.0874113142490387,0.10608859360218048,-0.006612988188862801,0.2361963190184049
CC1=CC=C(C=C1)C2=NC(=NO2)CN3CC4=C(C[C@H]3C(=O)O)N=CN4,Cc1ccc(-c2nc(CN3Cc4[nH]cnc4C[C@H]3C(=O)O)no2)cc1,3.139354307096001,10,15,-0.11472715437412262,0.2893716096878052,0.016605641692876816,0.023427803069353104,0.19125009700655937,0.07859477400779724,-0.07509638369083405,0.11394448578357697,0.2056338028169014
C1CN(CC2C(=O)N(C(=O)N2C1)C3=CC=CC=C3)C(=O)C4=CC=NN4,O=C(c1ccn[nH]1)N1CCCN2C(=O)N(c3ccccc3)C(=O)C2C1,2.9052812301729247,11,15,-0.08749562501907349,0.1640578657388687,0.11463534086942673,0.07398828864097595,0.19119758158922195,0.0731654167175293,-0.006169128231704235,0.11501305550336838,0.14244186046511628
CC1=NC=CN1C2=NC=NC(=C2)NC(=O)C3=C(C=CC(=C3)OC)OC,COc1ccc(OC)c(C(=O)Nc2cc(-n3ccnc3C)ncn2)c1,2.284077238343489,11,17,-0.08976255357265472,0.1580134928226471,0.12285545468330383,0.03596857190132141,0.1911063939332962,-0.017986152321100235,0.01847224496304989,0.15017414093017578,0.24375
COC1=C(C=C(C=C1)C2=NC(=NC(=O)N2)NNC3=CC=CC=C3)OC,COc1ccc(-c2nc(NNc3ccccc3)nc(=O)[nH]2)cc1OC,2.3278146977151035,11,15,-0.021122192963957787,0.20845040678977966,0.0036605484783649445,0.08534486591815948,0.19098876230418682,0.08675409853458405,-0.008437566459178925,0.15358972549438477,0.415929203539823
CC(C)OC(=O)/C(=C/N/C(=C(/C#N)\N)/C#N)/NC(=O)C1=CC=CC=C1,CC(C)OC(=O)/C(=C/N/C(C#N)=C(\N)C#N)NC(=O)c1ccccc1,2.9322473900227966,9,14,0.36456966400146484,-0.015367426909506321,-0.158631831407547,0.07003703713417053,0.19057040568441153,0.14714516699314117,0.182143896818161,-0.09801341593265533,0.12987012987012986
C1C[C@H](N(C1)C(=O)CN2C=NC(=N2)C#N)C3=CC4=C(C=C3)OCCO4,N#Cc1ncn(CC(=O)N2CCC[C@H]2c2ccc3c(c2)OCCO3)n1,3.0464423998251897,11,17,-0.10082440823316574,0.14283765852451324,0.14808601140975952,-0.02994619309902191,0.19009926170110703,0.008027510717511177,-0.05967747047543526,0.07900135219097137,0.21470588235294116
C1CC(OC1CO)N2C=NC3=C(N=CN=C32)NC(=O)C4=CC=CC=C4,O=C(Nc1ncnc2c1ncn2C1CCC(CO)O1)c1ccccc1,3.1006294539865866,12,15,0.14472536742687225,0.048886336386203766,-0.004017476923763752,0.051089268177747726,0.18959422688931227,0.07667341828346252,0.11952292919158936,-0.017213977873325348,0.24397590361445784
CCOC(=O)C1=COC(=N1)N2CCN3C(=NN=C3C4=CC=CC=C4)C2,CCOC(=O)c1coc(N2CCn3c(nnc3-c3ccccc3)C2)n1,2.59587167874777,9,15,-0.018659202381968498,0.10225352644920349,0.1056942343711853,0.05492665246129036,0.1892885584384203,0.048949599266052246,0.03450753167271614,0.08227404206991196,0.24111675126903553
C1CN(CC2=C1N=C(NC2=O)C3=CN=CN=C3)CC4=CC=C(O4)CO,O=c1[nH]c(-c2cncnc2)nc2c1CN(Cc1ccc(CO)o1)CC2,2.882113406882649,11,16,0.14950913190841675,0.1581834852695465,-0.11848752945661545,0.12393932789564133,0.1892050877213478,0.1686323881149292,0.06696174293756485,0.07248692214488983,0.27076923076923076
C1=CC=C(C=C1)N2N=CC(=N2)C(=O)NC[C@@H](CN3C=CC=CC3=O)O,O=C(NC[C@H](O)Cn1ccccc1=O)c1cnn(-c2ccccc2)n1,2.875267768634462,13,15,0.14239156246185303,0.08050769567489624,-0.033717140555381775,0.07609541714191437,0.1891821175813675,0.10373635590076447,0.1139809638261795,0.006788043305277824,0.17101449275362318
C1CN(CCC1C(=O)O)C2=NC(=CC(=O)N2)C3=CNC4=C3C=CC=N4,O=C(O)C1CCN(c2nc(-c3c[nH]c4ncccc34)cc(=O)[nH]2)CC1,2.707633928484336,11,15,0.1115218847990036,-0.02598089538514614,0.10328114032745361,0.06382037699222565,0.18882212974131107,0.045300647616386414,0.11877364665269852,0.02188059873878956,0.490272373540856
CC1=NOC(=N1)C2=CC(=CC=C2)OC3CN(C3)C(=O)C4=CN(N=C4)C,Cc1noc(-c2cccc(OC3CN(C(=O)c4cnn(C)c4)C3)c2)n1,2.4964499360683003,10,16,-0.04836082085967064,-0.07779340445995331,0.3145996928215027,-0.029982108622789383,0.18844546750187874,-0.10018032789230347,0.06832962483167648,0.048980146646499634,0.2668621700879765
CC(=O)N1CCC(C1)OC2=NC(=CC3=CC=CC=C32)C4=NNC(=O)N4,CC(=O)N1CCC(Oc2nc(-c3n[nH]c(=O)[nH]3)cc3ccccc23)C1,3.277379307096002,12,17,0.011182853952050209,-0.021654337644577026,0.19823019206523895,0.029628250747919083,0.18775870837271214,0.018337611109018326,0.10635395348072052,-0.017902139574289322,0.3732876712328767
CN1C=C(C=N1)N2C=CC(=O)C(=N2)CC3=CC(=CC=C3)N(C)C(=O)O,CN(C(=O)O)c1cccc(Cc2nn(-c3cnn(C)c3)ccc2=O)c1,2.7330971702425764,12,17,-0.02540038898587227,-0.037083059549331665,0.2500486373901367,0.02220841310918331,0.18756518885493279,-0.04482901096343994,0.07195760309696198,0.08132464438676834,0.14772727272727273
CN1C(=C(C=N1)C(=O)O)C(=O)N2CCC(C2)N3C=C4C=CC=CC4=N3,Cn1ncc(C(=O)O)c1C(=O)N1CCC(n2cc3ccccc3n2)C1,3.046433397020161,12,17,-0.044749222695827484,0.011493874713778496,0.22064363956451416,0.07046768814325333,0.18738829158246517,0.03239530324935913,0.07388202100992203,0.05071160942316055,0.12
CC1=CC(=NN1CC2=CC=CC=C2)NC(=O)C3=C(C=NN3C)C(=O)O,Cc1cc(NC(=O)c2c(C(=O)O)cnn2C)nn1Cc1ccccc1,2.2678090383744447,10,15,0.3178901672363281,-0.27071911096572876,0.1399737149477005,0.09539012610912323,0.18714477121829987,0.04444747418165207,0.25542035698890686,-0.08222363144159317,0.12912087912087913
CC1=CN(C(=N1)C(=O)NC2=NC=C(C=C2)C3=CN(C(=C3)C(=O)O)C)C,Cc1cn(C)c(C(=O)Nc2ccc(-c3cc(C(=O)O)n(C)c3)cn2)n1,2.737017122464268,11,17,-0.03379683196544647,-0.14813005924224854,0.3688814043998718,0.017682692036032677,0.18695451319217682,-0.1240987628698349,0.14525358378887177,0.06732221692800522,0.23708206686930092
CC1=NC=CN1C2=NC=NC(=C2)NC(=O)COC3=CC=C(C=C3)OC,COc1ccc(OCC(=O)Nc2cc(-n3ccnc3C)ncn2)cc1,2.2091320054074117,10,15,-0.05764087289571762,0.15222954750061035,0.09220137447118759,0.05987248569726944,0.18679004907608032,-0.008886951953172684,0.055868636816740036,0.15483060479164124,0.3298611111111111
CC1=CC(=C(N1)C(=O)OC)NC(=O)C2=C(N(N=C2)C3=CC=CC=N3)C,COC(=O)c1[nH]c(C)cc1NC(=O)c1cnn(-c2ccccn2)c1C,2.5027011262865333,11,17,0.18731826543807983,-0.14797726273536682,0.14685946702957153,0.031604960560798645,0.18620046973228455,0.0445425882935524,0.13382351398468018,-0.0522865392267704,0.12935323383084577
CCOC1=C(C=CC(=C1)C2=C(C(=NC(=N2)N)N)C#N)OC(=O)C3CC3,CCOc1cc(-c2nc(N)nc(N)c2C#N)ccc1OC(=O)C1CC1,2.4577843465445355,9,16,0.1586461365222931,0.04692502319812775,-0.019477715715765953,0.09442557394504547,0.18609344400465488,0.05463390797376633,0.1615190953016281,0.04825620725750923,0.4051094890510949
CNC(=O)COC1=CC=CC(=C1)CNC(=O)C2=CN3C=NN=C3C=C2,CNC(=O)COc1cccc(CNC(=O)c2ccc3nncn3c2)c1,2.3122589284843347,13,17,0.05817499756813049,0.17871986329555511,-0.05121602118015289,0.049359265714883804,0.18567883968353271,0.08298060297966003,0.021983526647090912,0.08213375508785248,0.2909090909090909
C1COCCN1N(C2=CC=CC=C2)C3=NC=C(N4C3=NC=C4)C(=O)O,O=C(O)c1cnc(N(c2ccccc2)N2CCOCC2)c2nccn12,2.9364149874938192,9,13,0.09610792994499207,0.006684570573270321,0.08282279968261719,0.07667951285839081,0.18561530020087957,0.06620274484157562,0.09506811201572418,0.04069451987743378,0.17058823529411765
CC(C1=CC(=CC=C1)N2C=CC=C2)NC(=O)C3=C(C=NN3C)[N+](=O)[O-],CC(NC(=O)c1c([N+](=O)[O-])cnn1C)c1cccc(-n2cccc2)c1,2.928587054348748,11,15,0.3739948570728302,-0.3053409457206726,0.11690588295459747,0.09059195220470428,0.18555979430675507,0.07479560375213623,0.3046066164970398,-0.16832774877548218,0.13903743315508021
COC1=C(C=C(C=C1)CC(=O)NC2=CC=CC=C2N3C=NN=N3)OC,COc1ccc(CC(=O)Nc2ccccc2-n2cnnn2)cc1OC,2.0241570054074103,12,17,0.0029960833489894867,0.17227604985237122,0.009696657769382,0.04878202825784683,0.1849687909707427,0.048872604966163635,0.04600561410188675,0.07476682960987091,0.21333333333333335
CC(C(=O)NC1=CC(=CC=C1)OC)N2C(=O)C=CC(=N2)N3C=CC=N3,COc1cccc(NC(=O)C(C)n2nc(-n3cccn3)ccc2=O)c1,2.75222407957704,13,17,0.20940810441970825,-0.036929477006196976,0.01244688406586647,0.068486787378788,0.18492551147937775,0.07999105751514435,0.1562400460243225,-0.0306520015001297,0.2247191011235955
CC(C)C1=NC(=NO1)C2=CN(C(=O)C=C2)C3=CC(=NC=C3)C(=O)NC,CNC(=O)c1cc(-n2cc(-c3noc(C(C)C)n3)ccc2=O)ccn1,2.6206822251876307,10,16,0.08233782649040222,0.36210817098617554,-0.2598937451839447,0.05990822613239288,0.18455225229263306,0.1636422574520111,-0.038116876035928726,0.10740931332111359,0.24641833810888253
C1CCN([C@@H](C1)C2=NNC(=O)N2)C(=O)C3=C(N=CO3)C4=CC=CC=C4,O=C(c1ocnc1-c1ccccc1)N1CCCC[C@H]1c1n[nH]c(=O)[nH]1,3.289038395610227,11,15,-0.19529011845588684,0.0784778818488121,0.3011864125728607,0.07527899742126465,0.18437417596578598,0.003333497792482376,0.03063221462070942,0.12513811886310577,0.20159151193633953
CCCN1C(=C(C(=C(C1=O)N=NC2=CC=C(C=C2)C(=O)N)C)C#N)O,CCCn1c(O)c(C#N)c(C)c(N=Nc2ccc(C(N)=O)cc2)c1=O,2.882743317624607,8,15,0.037576571106910706,0.019948938861489296,0.1267419457435608,0.08969880640506744,0.1842674557119608,0.013476420193910599,0.132057785987854,0.0783548504114151,0.1867816091954023
C1CCN([C@H](C1)C2=NNC(=O)N2)C(=O)C3=C(N=CO3)C4=CC=CC=C4,O=C(c1ocnc1-c1ccccc1)N1CCCC[C@@H]1c1n[nH]c(=O)[nH]1,3.289038395610227,11,15,-0.1864134669303894,0.06856030225753784,0.30143359303474426,0.07478904724121094,0.1835804283618927,0.0022130864672362804,0.03373795747756958,0.1205790787935257,0.20159151193633953
C1[C@H]2CN([C@@H]1CN2C(=O)C3=CC=CC=C3)C4=NC=C(C=N4)C(=O)NO,O=C(NO)c1cnc(N2C[C@@H]3C[C@H]2CN3C(=O)c2ccccc2)nc1,3.864115864631092,11,14,0.06547296792268753,0.03194650635123253,0.08581242710351944,0.09885150194168091,0.1832319013774395,0.07529731094837189,0.1383235901594162,0.014567919075489044,0.24041811846689895
CCNC(=O)C1=NN=C(C=C1)OCC2=C(ON=C2C3=CC=CC=N3)C,CCNC(=O)c1ccc(OCc2c(-c3ccccn3)noc2C)nn1,2.5349916207920256,11,17,0.22817721962928772,0.11849366128444672,-0.16346526145935059,0.10941167175769806,0.18320561945438385,0.12556999921798706,0.1292290985584259,0.039690129458904266,0.19633507853403143
COC1=CC2=C(C=C1)N3[C@H](COCC3=N2)CNC(=O)C4=NC=CN=C4,COc1ccc2c(c1)nc1n2[C@@H](CNC(=O)c2cnccn2)COC1,3.135292979382619,12,17,0.02166043221950531,-0.035770006477832794,0.19723933935165405,-0.05819271132349968,0.18312976509332657,-0.0859961062669754,0.06280790269374847,0.012238986790180206,0.21068249258160238
C1COCCC1(C2=NOC=N2)NC(=O)C3=CC(=NN3)C4=CC=CC=C4,O=C(NC1(c2ncon2)CCOCC1)c1cc(-c2ccccc2)n[nH]1,2.9151558099812167,9,13,0.04208902269601822,0.1833922266960144,-0.042352236807346344,0.0532442107796669,0.18312901258468628,0.08915145695209503,0.032308485358953476,0.0606183297932148,0.18406593406593408
CN1C2=C(C(=CC(=N2)C3CC3)C(=O)N4CC(C4)C5=NOC=C5)C(=O)N1,Cn1[nH]c(=O)c2c(C(=O)N3CC(c4ccon4)C3)cc(C3CC3)nc21,3.150186840572248,9,15,0.035426631569862366,0.09277468919754028,0.054920829832553864,0.1094394400715828,0.1831221505999565,0.07039172947406769,0.07490892708301544,0.11554831266403198,0.2047872340425532
CCN1C(=O)CN2C1=NC3=C(C2=O)N(C=N3)CC4=CC=C(C=C4)OC,CCN1C(=O)Cn2c1nc1ncn(Cc3ccc(OC)cc3)c1c2=O,2.6814423521029696,8,15,0.01824842020869255,-0.008489168249070644,0.17333799600601196,0.06481678783893585,0.18309724796563387,0.0015488676726818085,0.07658731192350388,0.0964435264468193,0.4065573770491803
CC1=C2[C@@H](C3=C(NC2=NN1)N(C(=O)N(C3=O)C)C)C4=CC(=CC=C4)O,Cc1[nH]nc2c1[C@H](c1cccc(O)c1)c1c(n(C)c(=O)n(C)c1=O)N2,3.4416151766612186,11,17,0.12222841382026672,-0.15308929979801178,0.21392035484313965,0.03826265037059784,0.1830594688653946,-0.003514602780342102,0.13906526565551758,-0.0018048398196697235,0.22189349112426035
COC1=CC(=C(C=C1)NC(=O)[C@@H](C2=CC=CC=C2)N3C=NN=N3)OC,COc1ccc(NC(=O)[C@@H](c2ccccc2)n2cnnn2)c(OC)c1,2.6081889224806165,11,15,0.01555328443646431,0.12875449657440186,0.03867116570472717,0.026435881853103638,0.18297894671559334,0.021427711471915245,0.055772628635168076,0.059171486645936966,0.20364741641337386
CC1=NN=C(O1)C2CN(CCO2)C(=O)C3=C(NN=C3)C4=CC=CC=C4,Cc1nnc(C2CN(C(=O)c3cn[nH]c3-c3ccccc3)CCO2)o1,3.050670218581775,10,15,-0.050217971205711365,0.12238572537899017,0.11079517751932144,0.020802682265639305,0.18296293169260025,0.03550241142511368,0.0008250381797552109,0.06946812570095062,0.1620879120879121
C1=CC=C(C=C1)N2N=CC(=N2)C(=O)NC[C@H](CN3C=CC=CC3=O)O,O=C(NC[C@@H](O)Cn1ccccc1=O)c1cnn(-c2ccccc2)n1,2.875267768634462,13,15,0.1324199140071869,0.08399752527475357,-0.03350425139069557,0.07379252463579178,0.1829131878912449,0.09960759431123734,0.10787270218133926,0.01013932004570961,0.17101449275362318
CC1=CC=C(C=C1)C2=NNC(=C2)C(=O)N3CCOC[C@H]3C4=NOC=N4,Cc1ccc(-c2cc(C(=O)N3CCOC[C@H]3c3ncon3)[nH]n2)cc1,3.265304570531195,10,15,-0.08166318386793137,0.10435792803764343,0.1600019782781601,-0.03273438662290573,0.18269672244787216,-0.009984930977225304,-0.03095277026295662,0.05966091901063919,0.1853932584269663
COC(=O)CN1C(=O)N2C=CN=C(C2=N1)N3CCC4=CC=CC=C4C3,COC(=O)Cn1nc2c(N3CCc4ccccc4C3)nccn2c1=O,2.5226473900227973,11,17,-0.052411459386348724,0.006104014813899994,0.2288484424352646,0.05081522464752197,0.18254099786281586,0.04006902128458023,0.011185494251549244,0.07442331314086914,0.20923913043478262
CC1=NOC(=N1)C2=CN=C(C=C2)N3CCN(CC3)C(=O)C4=CC=CO4,Cc1noc(-c2ccc(N3CCN(C(=O)c4ccco4)CC3)nc2)n1,2.3143869579890755,9,15,-0.03958515822887421,0.02133435383439064,0.20054470002651215,0.04636971652507782,0.18229389563202858,-0.018962282687425613,0.07819516956806183,0.08486771583557129,0.2222222222222222
CC1=CC(=CC=C1)CN2C(=C(C=N2)C)NC(=O)C3=CC(=O)NC(=O)N3,Cc1cccc(Cn2ncc(C)c2NC(=O)c2cc(=O)[nH]c(=O)[nH]2)c1,2.492714093319499,12,17,0.11283078789710999,-0.034859661012887955,0.10422185808420181,0.023993130773305893,0.18219298496842384,0.055718835443258286,0.08311966061592102,-0.02551952190697193,0.21367521367521367
C/C(=N\NC1=NC2=CC=CC=C2N1C)/C3=CC(=C(C=C3)OC)[N+](=O)[O-],COc1ccc(/C(C)=N/Nc2nc3ccccc3n2C)cc1[N+](=O)[O-],2.3043173900227956,11,17,-0.08549457043409348,-0.036964669823646545,0.3044293224811554,-0.05125870555639267,0.18197008222341537,-0.11336293071508408,0.045440588146448135,0.05798842012882233,0.21630094043887146
COC1=CC(=C(C=C1)CNC(=O)C2=CC=CC=C2C3=NNN=N3)OC,COc1ccc(CNC(=O)c2ccccc2-c2nn[nH]n2)c(OC)c1,2.0998281592535655,12,17,0.03173200041055679,0.1659645140171051,-0.016040043905377388,0.009558355435729027,0.1816564705222845,0.06970334053039551,-0.013561996631324291,0.05786658078432083,0.25757575757575757
CN1C2=C(C=N1)C(=O)N(C=N2)CC(=O)NCC3CC4=CC=CC=C4O3,Cn1ncc2c(=O)n(CC(=O)NCC3Cc4ccccc4O3)cnc21,2.8435735378652325,12,17,0.22144609689712524,-0.12001068890094757,0.07998146116733551,0.060131918638944626,0.18141686916351318,0.0357930026948452,0.16567176580429077,-0.009134911000728607,0.3385093167701863
C#CC1CCCN(C1)C(=O)C(=O)NC2=CC3=C(C=C2)NN=C3C(=O)N,C#CC1CCCN(C(=O)C(=O)Nc2ccc3[nH]nc(C(N)=O)c3c2)C1,3.297842219183913,12,17,-0.13130536675453186,0.12397842109203339,0.1887219250202179,0.012417091056704521,0.18139497935771942,-0.004573793150484562,-0.036782048642635345,0.12042577564716339,0.16158536585365854
COC1=CC(=C(C=C1)/C=N/NC(=O)CN2C3=CC=CC=C3N=N2)OC,COc1ccc(/C=N/NC(=O)Cn2nnc3ccccc32)c(OC)c1,2.1523050823304875,12,17,0.1785200834274292,0.025017322972416878,-0.022308675572276115,0.05294399335980415,0.18122873082756996,0.0631752535700798,0.13288432359695435,-0.0093901501968503,0.1830065359477124
COC1=CC(=CC(=C1)NC(=O)C(C2=CC=CC=C2)N3C=NN=N3)OC,COc1cc(NC(=O)C(c2ccccc2)n2cnnn2)cc(OC)c1,2.6843773840190774,9,12,0.139565110206604,0.03115358203649521,0.010232560336589813,0.10957453399896622,0.18095125257968903,0.07623368501663208,0.15118408203125,0.04024035483598709,0.2087227414330218
COC(=O)CCC(=O)C1=NCC2=C1C=C(C=C2)NC3=NC(=NC=C3)N,COC(=O)CCC(=O)C1=NCc2ccc(Nc3ccnc(N)n3)cc21,2.8328100660791335,11,17,0.12957626581192017,0.11677824705839157,-0.06590792536735535,0.07643241435289383,0.1804465875029564,0.1138802319765091,0.07422049343585968,0.03166164457798004,0.19822485207100593
CC1=NOC(=C1NC(=O)C(=O)NCC2=CN(N=C2)C)C3=CC=CC=C3,Cc1noc(-c2ccccc2)c1NC(=O)C(=O)NCc1cnn(C)c1,2.358918625125721,10,15,0.11082900315523148,-0.19056649506092072,0.2600548267364502,0.028331182897090912,0.18031733483076096,-0.06725751608610153,0.1945314258337021,-0.008264310657978058,0.18055555555555555
CC1=CC=C(O1)C2=CC(=NN2)C(=O)N3CCC4=C(C3)C(=O)NC(=N4)C,Cc1nc2c(c(=O)[nH]1)CN(C(=O)c1cc(-c3ccc(C)o3)[nH]n1)CC2,2.902647335851615,10,17,0.1801968216896057,0.10376998037099838,-0.10386773943901062,0.0814400166273117,0.18009906262159348,0.11971637606620789,0.08297693729400635,0.03320731222629547,0.21739130434782608
COC1=CC=CC(=C1)C(=O)NCCN2C(=O)C=CC(=N2)N3C=CC=N3,COc1cccc(C(=O)NCCn2nc(-n3cccn3)ccc2=O)c1,2.236416620792026,13,17,0.18671590089797974,0.09639768302440643,-0.10313350707292557,0.057690203189849854,0.1799800768494606,0.11336767673492432,0.10835404694080353,-0.01788869872689247,0.19101123595505617
CCOC1=C(C=CC=N1)C(=O)N2CC[C@@H](C2)OC3=NC=CN=C3C#N,CCOc1ncccc1C(=O)N1CC[C@H](Oc2nccnc2C#N)C1,3.0714312301729247,11,17,0.007566384971141815,0.005726831033825874,0.1654464602470398,0.022703606635332108,0.17873967625200748,0.006537184119224548,0.06778161227703094,0.027685679495334625,0.191044776119403
CC(C(=O)NC1=NN=NN1C2=CC=CC=C2)OC3=CC=C(C=C3)OC,COc1ccc(OC(C)C(=O)Nc2nnnn2-c2ccccc2)cc1,2.5070869994036933,9,13,0.30058199167251587,-0.21247541904449463,0.09051491320133209,0.05972975865006447,0.17862148582935333,0.02663549594581127,0.23731675744056702,-0.08130379021167755,0.2826855123674912
C1COC[C@@H]1N2C=C(C=N2)NC(=O)CN3C=NC4=CC=CC=C4C3=O,O=C(Cn1cnc2ccccc2c1=O)Nc1cnn([C@@H]2CCOC2)c1,2.866836920373135,13,17,0.12634235620498657,0.15289314091205597,-0.1007954329252243,0.06805985420942307,0.17844006419181824,0.13006778061389923,0.07449622452259064,0.005784100852906704,0.2866043613707165
COCCN1C(=O)C=CC(=N1)C(=O)NC2=CC=C(C=C2)C3=CC=NN3,COCCn1nc(C(=O)Nc2ccc(-c3ccn[nH]3)cc2)ccc1=O,2.2868781592535647,11,15,0.009067261591553688,-0.004523509182035923,0.1737148016691208,0.04162658378481865,0.17825855407863855,0.005062295123934746,0.09884726256132126,0.031445879489183426,0.22388059701492538
CN1C(=O)C(=C(N=C1N2CCCCC2)C3=CC=C(C=C3)[N+](=O)[O-])C#N,Cn1c(N2CCCCC2)nc(-c2ccc([N+](=O)[O-])cc2)c(C#N)c1=O,2.399893433978841,6,13,-0.035297442227602005,0.02590334042906761,0.18764495849609375,0.06086588650941849,0.17825085669755936,0.015809327363967896,0.04391932114958763,0.10416202247142792,0.3627760252365931
C1CC2=NC(=CN2C=C1C(=O)N)C(=O)NCC3=CC(=CC=C3)C(=O)N,NC(=O)C1=Cn2cc(C(=O)NCc3cccc(C(N)=O)c3)nc2CC1,2.8804894779348835,12,17,0.05806546285748482,0.2560000419616699,-0.13583020865917206,0.09386803209781647,0.17823529615998268,0.14203283190727234,0.022716373205184937,0.09869661927223206,0.14887640449438203
C1CCN(C1)C2=C(C=C(C=C2)[N+](=O)[O-])C=NNC(=O)C3=CC=NC=C3,O=C(NN=Cc1cc([N+](=O)[O-])ccc1N1CCCC1)c1ccncc1,2.2691685438689504,9,13,0.11582107096910477,-0.14054487645626068,0.20267939567565918,0.051529236137866974,0.17795559018850327,0.01673118770122528,0.1620997190475464,-0.03938544914126396,0.14465408805031446
COC1=C(C=C(C=C1)CC(=O)NC2=CC=C(C=C2)C3=NNN=N3)OC,COc1ccc(CC(=O)Nc2ccc(-c3nn[nH]n3)cc2)cc1OC,1.9710396977151028,10,15,0.04686283320188522,0.12198537588119507,0.008969285525381565,0.04739437997341156,0.17781749460846186,0.09560909867286682,0.02060004696249962,0.03938441723585129,0.32945736434108525
CC1(CC2=NC3=NC=NN3[C@@H](C2C(=O)C1)C4=CC(=CC=C4)[N+](=O)[O-])C,CC1(C)CC(=O)C2C(=Nc3ncnn3[C@@H]2c2cccc([N+](=O)[O-])c2)C1,3.646551435019253,10,16,0.030270647257566452,0.034671343863010406,0.11281391233205795,0.05682559311389923,0.1777559034526348,0.07170860469341278,0.0745985135436058,0.008072080090641975,0.13350785340314136
CC1=NC=CN1C2=NC=NC(=C2)NC(=O)COC3=CC=CC(=C3)OC,COc1cccc(OCC(=O)Nc2cc(-n3ccnc3C)ncn2)c1,2.2684377746381816,12,17,0.007687385194003582,0.13961201906204224,0.030402688309550285,0.041308991611003876,0.1777020925655961,0.021168485283851624,0.043869975954294205,0.09816280752420425,0.328719723183391
CN1C(=CC(=O)N(C1=O)C)NC(=O)C2=CN(N=C2)CC3=CC=CC=C3,Cn1c(NC(=O)c2cnn(Cc3ccccc3)c2)cc(=O)n(C)c1=O,2.2784567306821373,10,15,0.1388663798570633,-0.11907772719860077,0.15770399570465088,0.07028786838054657,0.1774926483631134,0.013322907499969006,0.14599427580833435,0.03242097422480583,0.24545454545454545
C1COC2=C(O1)C=C(C(=C2)N=C(N)N=C(N)N)C(=O)C3=CC=CC=C3,NC(N)=NC(N)=Nc1cc2c(cc1C(=O)c1ccccc1)OCCO2,2.634765212341323,9,15,0.08475635945796967,-0.004969306290149689,0.09766900539398193,0.052863456308841705,0.1774560585618019,0.03586401045322418,0.13383746147155762,-0.0074942088685929775,0.2014388489208633
COCCNC(=O)C1=C(C=CC(=C1)N2C=CC=CC2=O)N3C=CN=N3,COCCNC(=O)c1cc(-n2ccccc2=O)ccc1-n1ccnn1,2.492924313099719,13,17,0.21254847943782806,0.0468185693025589,-0.08205775916576385,0.0898575633764267,0.1773092895746231,0.09495966136455536,0.1529933214187622,-0.0030183638446033,0.17522658610271905
CCC1=C(C=NC2=NC=NN12)C(=O)OCC(=O)NC3=CC=C(C=C3)C,CCc1c(C(=O)OCC(=O)Nc2ccc(C)cc2)cnc2ncnn12,2.3060594701961445,9,15,-0.09294158220291138,0.10895190387964249,0.16126003861427307,0.008061820641160011,0.17727036029100418,-0.04937444627285004,0.017936425283551216,0.1359066218137741,0.21212121212121213
CC1=C2[C@@H](C3=C(NC2=NN1)N(C(=O)N(C3=O)C)C)C4=CC=C(C=C4)O,Cc1[nH]nc2c1[C@H](c1ccc(O)cc1)c1c(n(C)c(=O)n(C)c1=O)N2,3.402649290373593,9,15,0.09142725169658661,-0.1570163369178772,0.24254679679870605,0.03115936741232872,0.17695771157741547,-0.03128664940595627,0.13195538520812988,0.018003666773438454,0.22255192878338279
CC1=CC=NC2=NC(=NN12)C(=O)OCC(=O)NC3=CC(=CC(=C3)C)C,Cc1cc(C)cc(NC(=O)COC(=O)c2nc3nccc(C)n3n2)c1,2.3598859614513668,8,14,0.047048717737197876,0.0009580980986356735,0.12882380187511444,0.02744745835661888,0.176830617710948,-0.010902306996285915,0.0908910408616066,0.04574177786707878,0.22727272727272727
CN1C=NC2=C1C(=O)N(C(=O)N2C)C[C@H]3CC(=NO3)C4=CC=CC=C4,Cn1cnc2c1c(=O)n(C[C@H]1CC(c3ccccc3)=NO1)c(=O)n2C,3.005134805470865,9,15,-0.07829779386520386,-0.06470689922571182,0.3196289837360382,0.05041343346238136,0.17662429064512253,-0.06568344682455063,0.11630555987358093,0.08916071057319641,0.21574344023323616
COC1=CC=CC=C1OCC2=CN(N=N2)CC(=O)NC3=CN=CC=C3,COc1ccccc1OCc1cn(CC(=O)Nc2cccnc2)nn1,2.098540593394766,13,17,0.03161902725696564,0.16943895816802979,-0.024740269407629967,0.043656669557094574,0.17631771601736546,0.08019280433654785,0.027665026485919952,0.0542566142976284,0.22756410256410256
CC1=NC2=C(C=C1)N3CCC(C3)N2C(=O)NC4=NC=CC(=C4)C(=O)O,Cc1ccc2c(n1)N(C(=O)Nc1cc(C(=O)O)ccn1)C1CCN2C1,4.054249857047127,12,17,0.049473974853754044,0.14161613583564758,-0.014815183356404305,0.06480060517787933,0.17627492733299732,0.12644019722938538,0.03374966233968735,0.021784573793411255,0.18731117824773413
C1C[C@H](N(C1)CC2=CC3=CC=CC=C3NC2=O)C4=NC(=NO4)C(=O)N,NC(=O)c1noc([C@@H]2CCCN2Cc2cc3ccccc3[nH]c2=O)n1,3.0271831532498474,12,17,-0.09219716489315033,0.263323575258255,0.005132595077157021,0.09916303306818008,0.1762590054422617,0.10941953212022781,-0.03024289384484291,0.15547361969947815,0.1790633608815427
CCOC1=C(C=CC=N1)C(=O)N2CC[C@H](C2)OC3=NC=CN=C3C#N,CCOc1ncccc1C(=O)N1CC[C@@H](Oc2nccnc2C#N)C1,3.0714312301729247,11,17,0.009943284094333649,0.002496184781193733,0.16309906542301178,0.022172939032316208,0.17553853429853916,0.006511593237519264,0.0681627169251442,0.02519727312028408,0.191044776119403
COC1=CC=CC(=C1)N2C=C(N=N2)NC(=O)C(C3=CC(=CC=C3)O)N,COc1cccc(-n2cc(NC(=O)C(N)c3cccc(O)c3)nn2)c1,2.895863299512035,14,17,0.07960422337055206,0.04720497131347656,0.04807765409350395,0.0099582988768816,0.17488684877753258,0.05530637875199318,0.029102249071002007,0.014099402353167534,0.22741433021806853
C1CN(CC2=CC(=NN2C1)C#N)C(=O)C3=CC=CC=C3NCC(=O)O,N#Cc1cc2n(n1)CCCN(C(=O)c1ccccc1NCC(=O)O)C2,2.6726139664041604,12,17,0.016397133469581604,0.0023571550846099854,0.1560308337211609,0.01571144163608551,0.17478512227535248,0.012787440791726112,0.07547351717948914,-0.0034432560205459595,0.13008130081300814
CN(CCO)C1=NN2C(=NC=C2C3=CC4=C(O3)C=CN=C4OC)C=C1,COc1nccc2oc(-c3cnc4ccc(N(C)CCO)nn34)cc12,2.98009354386895,11,17,0.030082078650593758,-0.15952785313129425,0.30335402488708496,0.01815336011350155,0.17390825040638447,-0.05809421092271805,0.10155774652957916,0.03360208868980408,0.28653295128939826
CCCC1=NC(=NO1)C(C2=CC=CC=C2)NC3=NC=C(C=C3)[N+](=O)[O-],CCCc1nc(C(Nc2ccc([N+](=O)[O-])cn2)c2ccccc2)no1,2.9296946917113846,11,15,0.0023447289131581783,0.29519790410995483,-0.12398295849561691,0.09753753244876862,0.1735596745274961,0.1290542483329773,-0.004874036647379398,0.1347564458847046,0.15921787709497207
C1CN(CCC1N2C(=O)C3C=CC=CC3=NC2=O)C(=O)C4=CC=NN4,O=C(c1ccn[nH]1)N1CCC(N2C(=O)N=C3C=CC=CC3C2=O)CC1,3.6612466147883094,11,15,-0.06182749569416046,0.2945953607559204,-0.059319332242012024,0.07156556844711304,0.17344853281974792,0.12877823412418365,-0.05567386746406555,0.12510013580322266,0.116991643454039
COC1=C(C=C(C=C1)NC(=O)CC2=CC(=CC=C2)OC)N3C=NN=N3,COc1cccc(CC(=O)Nc2ccc(OC)c(-n3cnnn3)c2)c1,2.070410851561258,12,17,-0.09816057980060577,0.13139913976192474,0.1400817334651947,-0.022527534514665604,0.17332029342651367,-0.023764122277498245,-0.028849422931671143,0.09338496625423431,0.21
CC1=C(NC(=C1CCC(=O)O)C)/C=C/2\C(=NNC2=O)C3=NC=CC=N3,Cc1[nH]c(/C=C2/C(=O)NN=C2c2ncccn2)c(C)c1CCC(=O)O,3.0394176098030163,10,16,0.09703052043914795,0.034234702587127686,0.041786037385463715,0.04599859565496445,0.17305126041173935,0.04407868534326553,0.06905998289585114,0.0517783984541893,0.15447154471544716
C[C@H](C(=O)NC1=NN=NN1C2=CC=CC=C2)OC3=CC=C(C=C3)OC,COc1ccc(O[C@H](C)C(=O)Nc2nnnn2-c2ccccc2)cc1,2.5070869994036933,9,13,0.3577667474746704,-0.24802181124687195,0.06298384070396423,0.06343736499547958,0.1727287769317627,0.03910377249121666,0.2727508544921875,-0.12627708911895752,0.2826855123674912
C1COC[C@H]1N2C=C(C=N2)NC(=O)CN3C=NC4=CC=CC=C4C3=O,O=C(Cn1cnc2ccccc2c1=O)Nc1cnn([C@H]2CCOC2)c1,2.866836920373135,13,17,0.13243190944194794,0.14410559833049774,-0.10423789918422699,0.06780993938446045,0.1722996085882187,0.13034188747406006,0.07707217335700989,-0.00113697350025177,0.2866043613707165
CN1C(=O)C=C2CC(CCC2=N1)C(=O)NC3=CC4=C(C=C3)NC(=O)N4,Cn1nc2c(cc1=O)CC(C(=O)Nc1ccc3[nH]c(=O)[nH]c3c1)CC2,3.0831393558500633,12,17,0.06358033418655396,0.1464795172214508,-0.03777559846639633,0.08010300993919373,0.17228425294160843,0.08576132357120514,0.0555378794670105,0.0798889547586441,0.22058823529411764
CC1(OC=C(O1)COC2=NC3=CC=CC=C3N2C4=NC(=NC=C4)N)C,CC1(C)OC=C(COc2nc3ccccc3n2-c2ccnc(N)n2)O1,3.141989697715103,10,16,0.16857746243476868,-0.08722515404224396,0.09087593853473663,0.047564536333084106,0.17222824692726135,-0.014828426763415337,0.18933120369911194,-0.01263020932674408,0.19696969696969696
CN1C2=C(C=CC(=C2)C(=O)O)N=C1NC(=O)CCC3(N=N3)CCC#C,C#CCCC1(CCC(=O)Nc2nc3ccc(C(=O)O)cc3n2C)N=N1,3.113889363266943,11,17,0.0003098864108324051,0.04892779886722565,0.12281130999326706,-0.005141967907547951,0.1720489952713251,-0.018254637718200684,0.04317839443683624,0.04685194417834282,0.26421404682274247
COC1=CC=CC(=C1)C2=NN(N=N2)CC3=CC(=CC=C3)OCC(=O)N,COc1cccc(-c2nnn(Cc3cccc(OCC(N)=O)c3)n2)c1,2.1320339284843364,12,17,-0.018331969156861305,0.12676753103733063,0.06340127438306808,0.003895624540746212,0.1718368362635374,0.027669236063957214,-0.015512829646468163,0.07657905668020248,0.311787072243346
CC(C(=O)NN=CC1=C(C(=CC=C1)OC)O)N2C3=CC=CC=C3N=N2,COc1cccc(C=NNC(=O)C(C)n2nnc3ccccc32)c1O,2.8150758672260103,13,17,0.23043575882911682,0.00861169584095478,-0.06751822680234909,0.1006472110748291,0.1715292278677225,0.12747567892074585,0.16463026404380798,-0.04619963467121124,0.18461538461538463
COCCN1C=C(C=CC1=O)C2=CN=C3C(=N2)C(=CN3)/C=C/C(=O)N,COCCn1cc(-c2cnc3[nH]cc(/C=C/C(N)=O)c3n2)ccc1=O,2.953021983738939,12,17,-0.1584349274635315,0.13413389027118683,0.19578611850738525,0.03052869439125061,0.1714850813150406,-0.02275369130074978,0.023432470858097076,0.11635680496692657,0.3277591973244147
CC.C1=CC=C(C=C1)NC2=NC3=C(C(=CC=C3)[N+](=O)[O-])N=C2C(=O)N,CC.NC(=O)c1nc2c([N+](=O)[O-])cccc2nc1Nc1ccccc1,2.35340281988705,9,14,0.17079675197601318,0.03500569239258766,-0.03434973955154419,0.14833864569664001,0.17145270481705666,0.15929609537124634,0.10229556262493134,0.06398923695087433,0.15141955835962145
CC1=C(C=CC(=C1)C(=O)NC2=C(C=C(C=C2)OC)OC)N3C=NN=N3,COc1ccc(NC(=O)c2ccc(-n3cnnn3)c(C)c2)c(OC)c1,2.056278755136555,11,17,0.027590038254857063,0.02991885133087635,0.11358389258384705,0.006997367367148399,0.17109278216958046,-0.02310585416853428,0.07747898995876312,0.040369827300310135,0.16987179487179488
C[C@@H](C1=CC(=CC=C1)N2C=CC=N2)NC(=O)CN3C=CC(=O)NC3=O,C[C@H](NC(=O)Cn1ccc(=O)[nH]c1=O)c1cccc(-n2cccn2)c1,2.8132193125131177,14,17,0.20758062601089478,-0.15836016833782196,0.12152889370918274,0.06430678069591522,0.17074935138225555,0.04702991247177124,0.1961619108915329,-0.07768426835536957,0.21987951807228914
C/C(=N\NC(=O)CN1C2=CC=CC=C2N=N1)/C3=C(C=C(C=C3)OC)O,COc1ccc(/C(C)=N/NC(=O)Cn2nnc3ccccc32)c(O)c1,2.285149827725938,12,17,0.05949149280786514,0.0723249688744545,0.03842218965291977,0.02608097530901432,0.1702386513352394,0.009898829273879528,0.08694585412740707,0.03654684126377106,0.17701863354037267
CC1=C(NC(=C1CCC(=O)O)C)C=C2C(=NNC2=O)C3=NC=CC=N3,Cc1[nH]c(C=C2C(=O)NN=C2c2ncccn2)c(C)c1CCC(=O)O,3.0394176098030163,10,16,0.08862064778804779,0.021617982536554337,0.05982750281691551,0.05137394741177559,0.17006613314151764,0.03996535390615463,0.07032707333564758,0.05994230508804321,0.15447154471544716
CC1=C(C=CC(=C1)NC(=O)C2=C(C=C(C=C2)OC)OC)N3C=NN=N3,COc1ccc(C(=O)Nc2ccc(-n3cnnn3)c(C)c2)c(OC)c1,2.0823290259924594,11,17,-0.0691685751080513,0.08660528808832169,0.15245521068572998,0.020716983824968338,0.16989192366600037,-0.02248913049697876,0.04228239506483078,0.09150853008031845,0.16560509554140126
CN1C(=CN=N1)/C=C/C2=NC3=CC=CC=C3C(=O)N2CCCC(=O)O,Cn1nncc1/C=C/c1nc2ccccc2c(=O)n1CCCC(=O)O,2.7573524279426227,12,17,0.1425217092037201,0.022499501705169678,0.004568738862872124,0.06689208745956421,0.1695899497717619,0.09161678701639175,0.11221347749233246,-0.022688159719109535,0.23170731707317074
CC1=CC=C(N1C2=C(C=NN2C)C(=O)NC3=CC(=CC=C3)[N+](=O)[O-])C,Cc1ccc(C)n1-c1c(C(=O)Nc2cccc([N+](=O)[O-])c2)cnn1C,2.3875100990528964,9,14,0.03498997539281845,-0.07044866681098938,0.20469963550567627,0.03739851713180542,0.16924094408750534,-0.01831919699907303,0.13896650075912476,0.002129743807017803,0.12169312169312169
CC1=CC=CC=C1OCC(=O)NC2=CC(=C(C=C2)OC)N3C=NN=N3,COc1ccc(NC(=O)COc2ccccc2C)cc1-n1cnnn1,2.0624339284843334,12,17,0.09572143852710724,-0.1331014186143875,0.20631542801856995,-0.022382456809282303,0.16893544793128967,-0.054038576781749725,0.13944561779499054,-0.05292931944131851,0.22818791946308725
C1=CC=C2C(=C1)NC(=N2)NC(=O)C(CO)NC(=O)CC3=CC=NC=C3,O=C(Cc1ccncc1)NC(CO)C(=O)Nc1nc2ccccc2[nH]1,2.6530081532498464,13,15,0.16909730434417725,-0.1052471250295639,0.10480768978595734,0.05925939232110977,0.16865786910057068,0.03912815451622009,0.13387855887413025,-0.012903532013297081,0.2915129151291513
CC1=CC(=C(N1C2=NOC(=C2)C)C)/C=N\NC3=CC(=CC=C3)[N+](=O)[O-],Cc1cc(-n2c(C)cc(/C=N\Nc3cccc([N+](=O)[O-])c3)c2C)no1,2.5464688185942244,11,17,2.181529998779297e-05,0.0015986822545528412,0.16690734028816223,0.011507943272590637,0.16852783784270287,-0.038340047001838684,0.09718963503837585,0.026037942618131638,0.09893048128342247
C1CN(CCC1N2C=CC(=N2)C(=O)O)C3=NC(=NO3)C4=CC=CC=C4,O=C(O)c1ccn(C2CCN(c3nc(-c4ccccc4)no3)CC2)n1,2.486081162414788,9,13,-0.026559939607977867,0.340507447719574,-0.14558663964271545,0.07737910002470016,0.16836086846888065,0.15995395183563232,-0.05930440127849579,0.11990737915039062,0.24649859943977592
C1CCNC(=O)C(C1)OC2=CC=C(C=C2)OC3=NC=NC4=C3C=NN4,O=C1NCCCCC1Oc1ccc(Oc2ncnc3[nH]ncc23)cc1,3.125610232251928,11,15,0.007125440053641796,0.08027273416519165,0.08032946288585663,0.07727111876010895,0.16772763710469007,0.05002555251121521,0.05208296701312065,0.09804035723209381,0.3262411347517731
CCC1=C(C(C2=C(N1)NN=C2)C3=CC=CC4=NON=C43)C(=O)OCC,CCOC(=O)C1=C(CC)Nc2[nH]ncc2C1c1cccc2nonc12,3.5591600763267692,11,17,0.16657178103923798,0.16846498847007751,-0.1676093488931656,0.08999361097812653,0.1674274206161499,0.1553376168012619,0.07493826746940613,0.018480781465768814,0.1640625
CN1C(=NN=C1NC(=O)C(=O)C2=CC3=C(C=C2)NC(=O)CC3)C4CC4,Cn1c(NC(=O)C(=O)c2ccc3c(c2)CCC(=O)N3)nnc1C1CC1,2.768205082330489,10,16,0.00659816712141037,0.2973039746284485,-0.13674908876419067,0.10513120144605637,0.16715305298566818,0.17093481123447418,-0.04114903509616852,0.12571460008621216,0.20113314447592068
CC1=C(C(=O)N(C(=C1C#N)O)C(C)C)N=NC2=CC=CC(=C2)C(=O)N,Cc1c(C#N)c(O)n(C(C)C)c(=O)c1N=Nc1cccc(C(N)=O)c1,3.0383311443281933,9,16,0.10203634947538376,-0.1101723164319992,0.1751607060432434,0.07014444470405579,0.16702473908662796,0.008424162864685059,0.16329187154769897,-0.0013472028076648712,0.18624641833810887
COC1=CC=CC=C1C2=NNC(=C2)C(=O)N3CCC(C3)C4=NOC=N4,COc1ccccc1-c1cc(C(=O)N2CCC(c3ncon3)C2)[nH]n1,3.0963037275385723,12,17,-0.10049814730882645,0.22458042204380035,0.04284433647990227,0.010300766676664352,0.16692661121487617,0.06540530174970627,-0.08668044954538345,0.11136898398399353,0.2577903682719547
C1=CC=C(C=C1)OC2=CC=CC(=C2)C3=NN(N=N3)C[C@H](CC(=O)O)N,N[C@@H](CC(=O)O)Cn1nnc(-c2cccc(Oc3ccccc3)c2)n1,2.765954307096001,12,15,0.09950624406337738,-0.11594408750534058,0.18285179138183594,0.08677614480257034,0.16641394793987274,0.030360575765371323,0.11234670132398605,0.051217272877693176,0.2536231884057971
COC1=C(C=CC=N1)C(=O)N2CCCC(C2)OC3=NC=CN=C3C#N,COc1ncccc1C(=O)N1CCCC(Oc2nccnc2C#N)C1,3.051642768634463,11,17,-0.06693974137306213,0.08749225735664368,0.1456572413444519,0.01926736906170845,0.16620975732803345,0.03288748860359192,0.000284779816865921,0.04934965819120407,0.18991097922848665
C1CC(=O)NC2=C1C=C(C=C2)NC3=NC=C4CCN(CC4=N3)C(=O)O,O=C1CCc2cc(Nc3ncc4c(n3)CN(C(=O)O)CC4)ccc2N1,2.6018262361766435,12,17,-0.046638377010822296,0.2667222023010254,-0.053952209651470184,0.09139379858970642,0.1661316156387329,0.14343634247779846,-0.07848523557186127,0.15586917102336884,0.21005917159763313
CC1=C(C=CC(=C1)OC)C2=C(C=C(N2)C3=NC(=NC=C3)N)OC(=O)N,COc1ccc(-c2[nH]c(-c3ccnc(N)n3)cc2OC(N)=O)c(C)c1,2.751728159253565,11,17,0.20917849242687225,-0.10006548464298248,0.05642327293753624,0.05761651322245598,0.165536280721426,0.043680429458618164,0.17351940274238586,-0.051926545798778534,0.4103585657370518
COC1=CC2=C(C=C1)N3C(COCC3=N2)CNC(=O)C4=NC=CN=C4,COc1ccc2c(c1)nc1n2C(CNC(=O)c2cnccn2)COC1,3.135292979382619,12,17,0.06656354665756226,-0.06699203699827194,0.1659555435180664,-0.05240888521075249,0.16552705317735672,-0.06884739547967911,0.07455477118492126,-0.012265855446457863,0.21068249258160238
CC(=O)N1CC[C@@H](C1)OC2=NC(=CC3=CC=CC=C32)C4=NNC(=O)N4,CC(=O)N1CC[C@H](Oc2nc(-c3n[nH]c(=O)[nH]3)cc3ccccc23)C1,3.277379307096002,12,17,0.010260394774377346,-0.04996547847986221,0.20494344830513,0.022603053599596024,0.16523836459964514,0.009599861688911915,0.10814505815505981,-0.03518451377749443,0.3732876712328767
CC1=C(C=NN1C)CNC(=O)C2=CC(=NN2)C3=CC4=C(C=C3)OCO4,Cc1c(CNC(=O)c2cc(-c3ccc4c(c3)OCO4)n[nH]2)cnn1C,2.4691358515612567,11,17,-0.0053910911083221436,-0.12267541885375977,0.2931728661060333,-0.08863047510385513,0.16510635614395142,-0.12526699900627136,0.028855040669441223,0.011067783460021019,0.2375
CC1=CC(=NC2=NC(=NN12)C(=O)NCC(C3=CC=CC=C3)C(=O)O)C,Cc1cc(C)n2nc(C(=O)NCC(C(=O)O)c3ccccc3)nc2n1,2.806972329074023,10,15,0.08231141418218613,-0.038639817386865616,0.1212594285607338,0.12618272006511688,0.1649310253560543,0.060065858066082,0.17998793721199036,0.016901452094316483,0.19254658385093168
C1COC2=C(O1)C=CC(=C2)C(=O)C3=CC(=CC=C3)N=C(N)N=C(N)N,NC(N)=NC(N)=Nc1cccc(C(=O)c2ccc3c(c2)OCCO3)c1,2.548753294681518,11,17,0.07313607633113861,0.012688791379332542,0.07893434166908264,0.009873307310044765,0.1647592093795538,0.026668518781661987,0.07745756208896637,-0.014943423680961132,0.208955223880597
C[C@H](C1=CC(=CC=C1)N2C=CC=N2)NC(=O)CN3C=CC(=O)NC3=O,C[C@@H](NC(=O)Cn1ccc(=O)[nH]c1=O)c1cccc(-n2cccn2)c1,2.8132193125131177,14,17,0.1916041225194931,-0.14929187297821045,0.12239167839288712,0.0604202076792717,0.16470392793416977,0.0429018996655941,0.18633827567100525,-0.07292269915342331,0.21987951807228914
CC1=CC(=C(C=C1)OCC(=O)NC2=CC(=NC=N2)N3C=CN=C3)OC,COc1cc(C)ccc1OCC(=O)Nc1cc(-n2ccnc2)ncn1,2.2766281592535655,12,17,-0.1437629908323288,0.2514360547065735,0.05676737055182457,-0.0056653376668691635,0.16444043442606926,-0.014615925960242748,-0.031735364347696304,0.12511324882507324,0.3263157894736842
CN1C=NC2=C1C(=O)N(C(=O)N2C)C[C@@H]3CC(=NO3)C4=CC=CC=C4,Cn1cnc2c1c(=O)n(C[C@@H]1CC(c3ccccc3)=NO1)c(=O)n2C,3.005134805470865,9,15,-0.07959015667438507,-0.07752399146556854,0.3213852643966675,0.046457745134830475,0.16427111625671387,-0.06916875392198563,0.1154707670211792,0.07965420186519623,0.21574344023323616
C1CCN(C1)C2=C(C=C(C=C2)/C=N\NC(=O)C3=CN=CC=C3)[N+](=O)[O-],O=C(N/N=C\c1ccc(N2CCCC2)c([N+](=O)[O-])c1)c1cccnc1,2.201733928484334,11,15,-0.07410000264644623,0.03440326079726219,0.2036547064781189,0.0338631235063076,0.16395796462893486,-0.004294866696000099,0.04683762788772583,0.055941641330718994,0.14506172839506173
COC(=O)C1CC2=C(CN1C(=O)CN3C4=CC=CC=C4C=N3)NC=N2,COC(=O)C1Cc2nc[nH]c2CN1C(=O)Cn1ncc2ccccc21,3.161021614788308,12,17,-0.02139785885810852,0.14528854191303253,0.03997447341680527,0.06175363063812256,0.16386515647172928,0.06885621696710587,0.020279329270124435,0.07702459394931793,0.16353887399463807
CC1(CC2=NC3=NC=NN3[C@H](C2C(=O)C1)C4=CC(=CC=C4)[N+](=O)[O-])C,CC1(C)CC(=O)C2C(=Nc3ncnn3[C@H]2c2cccc([N+](=O)[O-])c2)C1,3.646551435019253,10,16,0.027361378073692322,0.02342376857995987,0.11302770674228668,0.05618617683649063,0.16381285339593887,0.068416066467762,0.07442662864923477,0.0028441157191991806,0.13350785340314136
COC1=CC=CC(=C1O)C=NNC(=O)CCN2C3=CC=CC=C3N=N2,COc1cccc(C=NNC(=O)CCn2nnc3ccccc32)c1O,2.2902954669458726,13,17,0.1857662796974182,0.11843704432249069,-0.14070752263069153,0.08360022306442261,0.16349580138921738,0.13737428188323975,0.10589732229709625,-0.008629567921161652,0.1935483870967742
CCC(=O)NC1=CC=CC(=C1)NC2=NC3=C(C=NN3C=C2)C(=O)OC,CCC(=O)Nc1cccc(Nc2ccn3ncc(C(=O)OC)c3n2)c1,2.330596414941539,12,17,0.27467402815818787,-0.02845151349902153,-0.08273281157016754,0.08647019416093826,0.1634897030889988,0.12158272415399551,0.14104726910591125,-0.0349380299448967,0.24918032786885247
CCC1=NOC(=C1)CNC(=O)NC2=CC=CC(=C2)C3=NNC(=O)C=C3,CCc1cc(CNC(=O)Nc2cccc(-c3ccc(=O)[nH]n3)c2)on1,2.4063589284843356,13,17,0.2290332019329071,0.17130696773529053,-0.2369755357503891,0.09568439424037933,0.16336463391780853,0.14896778762340546,0.07387489080429077,0.04791108891367912,0.20408163265306123
CC1=CC(=NO1)CC2=NC(=NO2)C3=CC=C(C=C3)N4CCNC(=O)C4,Cc1cc(Cc2nc(-c3ccc(N4CCNC(=O)C4)cc3)no2)no1,2.543243016998561,9,15,-0.16788050532341003,0.17489905655384064,0.1563088595867157,0.018063005059957504,0.1633274108171463,-0.05031171441078186,-0.008727118372917175,0.15869393944740295,0.21282798833819241
CC(C1=CN=C(N=N1)NC2=CC=C(C=C2)OC)NC(=O)C3=CC=CO3,COc1ccc(Nc2ncc(C(C)NC(=O)c3ccco3)nn2)cc1,2.768031230172925,11,15,0.22749850153923035,-0.11156241595745087,0.04677540063858032,0.08732601255178452,0.1627114862203598,0.059890612959861755,0.17707766592502594,-0.022885160520672798,0.20170454545454544
CN(C)C1=CC=C(C=C1)N=NC2=C(N=C3N2C=CC=C3O)CC(=O)O,CN(C)c1ccc(N=Nc2c(CC(=O)O)nc3c(O)cccn23)cc1,2.934414313099719,9,14,0.1616419106721878,-0.04638833925127983,0.04737651348114014,0.0665668249130249,0.1626300849020481,0.04308752715587616,0.11557630449533463,0.028702111914753914,0.24193548387096775
C1C[C@@H](CN(C1)C2=NN=C(C=C2)C3=CC=CO3)C(=O)NC4=NOC=C4,O=C(Nc1ccon1)[C@H]1CCCN(c2ccc(-c3ccco3)nn2)C1,2.9875266563683507,13,17,0.131784126162529,0.09992995858192444,-0.06936511397361755,0.07325293123722076,0.16234897077083588,0.12610168755054474,0.07585834711790085,-0.0004829699173569679,0.20520231213872833
CN(C)C(=O)C1=CC=C(C=C1)NC(=O)COC2=NN=C3N2C=CC=C3,CN(C)C(=O)c1ccc(NC(=O)COc2nnc3ccccn23)cc1,2.2691175417021032,9,14,0.065677210688591,0.20555073022842407,-0.10898976027965546,0.04555218666791916,0.16223818063735962,0.06883402168750763,0.01529520470649004,0.09820017218589783,0.2197452229299363
CN(C)CCNC(=O)C1=C2C(=C(C=C1)[N+](=O)[O-])C=C3C=CC=NC3=N2,CN(C)CCNC(=O)c1ccc([N+](=O)[O-])c2cc3cccnc3nc12,2.4865307966162025,10,16,-0.04962644353508949,0.026125572621822357,0.1851750910282135,0.06688696891069412,0.16167422011494637,-0.015067782253026962,0.087304025888443,0.08692209422588348,0.1972318339100346
C1CC(N2C=CN=C2C1)CNC(=O)C3=CC4=C(C=C3)NN=C4C(=O)O,O=C(NCC1CCCc2nccn21)c1ccc2[nH]nc(C(=O)O)c2c1,3.1860081532498477,13,17,-0.1406991183757782,0.2798628807067871,0.022365987300872803,0.03981125354766846,0.1615297496318817,0.08889967203140259,-0.12961333990097046,0.16866391897201538,0.15616438356164383
C1C[C@@H](O[C@@H]1CO)N2C=NC3=C(N=CN=C32)NC(=O)C4=CC=CC=C4,O=C(Nc1ncnc2c1ncn2[C@H]1CC[C@@H](CO)O1)c1ccccc1,3.1006294539865866,12,15,0.1257106512784958,0.013878777623176575,0.02174723893404007,0.042641520500183105,0.16133666783571243,0.05116189271211624,0.12135636806488037,-0.02301625721156597,0.24397590361445784
CC1=C(C=CC(=C1)NC(=O)C2=CC(=C(C=C2)OC)OC)N3C=NN=N3,COc1ccc(C(=O)Nc2ccc(-n3cnnn3)c(C)c2)cc1OC,2.018632817975126,11,17,-0.11875315010547638,0.13082541525363922,0.14881418645381927,0.016874948516488075,0.16088645160198212,-0.01243428885936737,0.030940087512135506,0.07906316965818405,0.1758957654723127
CC1=C(NC(=C1C(=O)C)C)C(=O)COC2=CC=C(C=C2)N3C=NN=N3,CC(=O)c1c(C)[nH]c(C(=O)COc2ccc(-n3cnnn3)cc2)c1C,2.3898351922206,8,15,-0.049314726144075394,0.03290241211652756,0.1772930920124054,-0.01957458257675171,0.16088077798485756,-0.03617299348115921,0.021195055916905403,0.047212645411491394,0.18597560975609756
CC1=NOC(=N1)C2=C(N=CC=C2)N3CC[C@@H](C3)NC(=O)C4=CC=CO4,Cc1noc(-c2cccnc2N2CC[C@H](NC(=O)c3ccco3)C2)n1,2.9117572575701853,12,17,0.03511831909418106,0.15488365292549133,-0.029452264308929443,0.07146430015563965,0.16054970771074295,0.09113669395446777,0.06784218549728394,0.03568108007311821,0.2185089974293059
C1C[C@H](N(C1)C(=O)C2=NNC(=O)CC2)C3=NC(=NO3)C4=CC=CC=C4,O=C1CCC(C(=O)N2CCC[C@H]2c2nc(-c3ccccc3)no2)=NN1,2.949202568423715,10,15,-0.17658886313438416,0.4470953345298767,-0.11009883880615234,0.07266057282686234,0.1604076325893402,0.15887346863746643,-0.12752816081047058,0.1592918038368225,0.18457300275482094
CC1=NOC(=N1)C2CCN(CC2)C3=C4C=CN=CC4=C(C=C3)[N+](=O)[O-],Cc1noc(C2CCN(c3ccc([N+](=O)[O-])c4cnccc34)CC2)n1,2.5504839284843346,9,15,0.048228055238723755,0.0670008733868599,0.04508863389492035,0.016930580139160156,0.160317562520504,0.0292125903069973,0.03206544369459152,0.04736185818910599,0.14714714714714713
COC1=C(C(=NC=N1)OC)C2=CC3=CC(=NC=C3N2)NC(=O)C4CC4,COc1ncnc(OC)c1-c1cc2cc(NC(=O)C3CC3)ncc2[nH]1,2.7512289176500975,9,14,0.19841590523719788,-0.1563100814819336,0.11750942468643188,0.11476708948612213,0.15961524844169617,0.03596863895654678,0.2154337763786316,0.005180669948458672,0.425531914893617
CCCCN1C(=O)C=CC(=N1)C(=O)NN2C=NC3=CC=CC=C3C2=O,CCCCn1nc(C(=O)Nn2cnc3ccccc3c2=O)ccc1=O,2.367930326100801,12,17,0.08808629959821701,0.177961528301239,-0.10643286257982254,0.12700025737285614,0.15961496531963348,0.12896832823753357,0.0865430235862732,0.08182709664106369,0.23008849557522124
CCN(C1=NC2=C(C=C(C=C2N1)C3=CN=CC=C3)C(=O)OC)C(=O)N,CCN(C(N)=O)c1nc2c(C(=O)OC)cc(-c3cccnc3)cc2[nH]1,2.7168101372755444,11,17,0.04319841414690018,0.10697413980960846,0.009126530960202217,0.05883556604385376,0.15929908491671085,0.07539528608322144,0.03416961431503296,0.06304468959569931,0.29553264604810997
CCOC1=CC=C(C=C1)OC2=CC=C(C=C2)NC(=O)CN3C=NN=N3,CCOc1ccc(Oc2ccc(NC(=O)Cn3cnnn3)cc2)cc1,1.9918531329100464,9,13,0.11665244400501251,-0.09344039857387543,0.13594721257686615,0.11227650195360184,0.15915925800800323,0.042946696281433105,0.15384019911289215,0.040518101304769516,0.25
CN1C2=C(C(=O)N(C1=O)C)NC(=N2)C3=CC=C(C=C3)C4CC(=O)NC4,Cn1c(=O)c2[nH]c(-c3ccc(C4CNC(=O)C4)cc3)nc2n(C)c1=O,3.062206395008089,9,15,-0.15396639704704285,0.07056722044944763,0.242557555437088,0.03966253995895386,0.1591583788394928,-0.042673882097005844,-0.0011257454752922058,0.15270039439201355,0.38095238095238093
C1CN(CCN1C2=NC=CC=N2)C(=O)/C=C\C3=CC=C(C=C3)[N+](=O)[O-],O=C(/C=C\c1ccc([N+](=O)[O-])cc1)N1CCN(c2ncccn2)CC1,2.2004031592535664,8,12,0.08846129477024078,0.10945382714271545,-0.038779862225055695,0.07622165977954865,0.15913525968790054,0.12035224586725235,0.03620196506381035,0.04627610743045807,0.26666666666666666
CC(=O)CCC1=NC2=C(NC1=O)N=C(N=C2OCC3=CC=CC=C3)N,CC(=O)CCc1nc2c(OCc3ccccc3)nc(N)nc2[nH]c1=O,2.5899680292427316,9,15,0.16031286120414734,0.05165284872055054,-0.05284738540649414,0.12764257192611694,0.15911832451820374,0.15190665423870087,0.1412547379732132,-0.02482491172850132,0.3
CCN(C1=C(C(=O)N2C=CC=CC2=N1)[N+](=O)[O-])C(C)C3=CN=CC=C3,CCN(c1nc2ccccn2c(=O)c1[N+](=O)[O-])C(C)c1cccnc1,3.1973646367663306,12,17,0.16341114044189453,-0.06587181240320206,0.0615016371011734,0.06898954510688782,0.15904096513986588,0.05055740103125572,0.13626570999622345,0.003078106790781021,0.2672672672672673
CC1=CC(=NC=C1C2(CC2)N3C=C(N=N3)C(=O)O)N4C[C@H]5C[C@H]5C4=O,Cc1cc(N2C[C@H]3C[C@H]3C2=O)ncc1C1(n2cc(C(=O)O)nn2)CC1,4.147548797656613,10,16,-0.07524099946022034,0.12295986711978912,0.11079291254281998,0.06705604493618011,0.15851178020238876,0.04557202756404877,0.024932101368904114,0.09513803571462631,0.18095238095238095
C1C[C@H](CN(C1)C2=NN=C(C=C2)C3=CC=CO3)C(=O)NC4=NOC=C4,O=C(Nc1ccon1)[C@@H]1CCCN(c2ccc(-c3ccco3)nn2)C1,2.9875266563683507,13,17,0.12715184688568115,0.10084940493106842,-0.06992495059967041,0.07245222479104996,0.15807630121707916,0.12450681626796722,0.0741870179772377,-0.000764346681535244,0.20520231213872833
C1CC(OC1)COC2=CC3=NC(=NN3C=C2)NC(=O)C4=CN=CC=C4,O=C(Nc1nc2cc(OCC3CCCO3)ccn2n1)c1cccnc1,2.9762719786136724,13,17,0.05467752739787102,0.021869994699954987,0.08144118636846542,-0.03454405069351196,0.15798870846629143,-0.013995704241096973,0.011302120983600616,0.028441324830055237,0.3436426116838488
CC1=C(NC(=C1CCC(=O)O)C)/C=C\2/C(=NNC2=O)C3=NC=CN=C3,Cc1[nH]c(/C=C2\C(=O)NN=C2c2cnccn2)c(C)c1CCC(=O)O,3.05776376364917,11,17,0.10008865594863892,0.038985952734947205,0.01797644793987274,0.0378510020673275,0.15705105662345886,0.045616742223501205,0.06953144073486328,0.0293277520686388,0.13866666666666666
C[C@H](C1=NN2CCN(CC2=C1)C(=O)C3=NC(=O)NC4=CC=CC=C43)O,C[C@@H](O)c1cc2n(n1)CCN(C(=O)c1nc(=O)[nH]c3ccccc13)C2,3.319448348266099,12,17,-0.0469866544008255,0.018998390063643456,0.1850198358297348,0.02865513600409031,0.15703157149255276,-0.0005196277052164078,0.04367933049798012,0.044640619307756424,0.17403314917127072
C1=CC=C(C=C1)OC2=CC=CC(=C2)C3=NN(N=N3)C[C@@H](CC(=O)O)N,N[C@H](CC(=O)O)Cn1nnc(-c2cccc(Oc3ccccc3)c2)n1,2.765954307096001,12,15,0.09595140069723129,-0.12018558382987976,0.18123240768909454,0.08472558856010437,0.15699822455644608,0.027151407673954964,0.10973705351352692,0.04894303157925606,0.2536231884057971
CC1=C(C=CC(=N1)N2CCOCC2)NC3=C(C=C(C=C3)[N+](=O)[O-])C#N,Cc1nc(N2CCOCC2)ccc1Nc1ccc([N+](=O)[O-])cc1C#N,2.4632679209003694,9,15,0.017859453335404396,-0.21264149248600006,0.3514237701892853,-0.04593074321746826,0.1566417310386896,-0.13103216886520386,0.145410418510437,-0.039457809180021286,0.1751592356687898
CC1=NOC(=N1)C2=C(N=CC=C2)N3CC[C@H](C3)NC(=O)C4=CC=CO4,Cc1noc(-c2cccnc2N2CC[C@@H](NC(=O)c3ccco3)C2)n1,2.9117572575701853,12,17,0.033893465995788574,0.15298007428646088,-0.03030267171561718,0.06984846293926239,0.15657086856663227,0.08937782049179077,0.06846942007541656,0.032396383583545685,0.2185089974293059
CC1=CC=C(O1)C(=O)N2CCN3C(=C(N=N3)COC4=CN=CC=C4)C2,Cc1ccc(C(=O)N2CCn3nnc(COc4cccnc4)c3C2)o1,2.8029532382841236,11,17,-0.1510401964187622,0.13097310066223145,0.17591890692710876,-0.0316782146692276,0.155851811170578,-0.04463909938931465,-0.04569189250469208,0.09259374439716339,0.16709511568123395
CN1C2=C(C=C(C=N2)C(=O)NCC3=CC4=C(C=C3)OCCCO4)N=N1,Cn1nnc2cc(C(=O)NCc3ccc4c(c3)OCCCO4)cnc21,2.4359258410238507,11,17,-0.08009864389896393,-0.043736789375543594,0.2792457342147827,-0.08996319025754929,0.1554103009402752,-0.10886089503765106,0.006814558990299702,0.004523290321230888,0.2724252491694352
COC1=C(C=C(C=C1)NC(=O)CN2N=C(N=N2)C3=CC=CC=C3)OC,COc1ccc(NC(=O)Cn2nnc(-c3ccccc3)n2)cc1OC,1.9061666207920283,10,15,0.04306028410792351,0.14950907230377197,-0.0372101329267025,0.03929091617465019,0.15535922348499298,0.06871071457862854,0.05260306969285011,0.02440301701426506,0.31226765799256506
COCCNC(=O)C1=CC(=NC2=C(N=CN12)C(=O)N)C3=CC=CC=C3,COCCNC(=O)c1cc(-c2ccccc2)nc2c(C(N)=O)ncn12,2.3786328179751255,10,15,0.11355754733085632,-0.03601551428437233,0.0777169018983841,0.09017209708690643,0.1552589349448681,0.00973391905426979,0.18169450759887695,0.029278293251991272,0.2852233676975945
C1CCC(C1)N2C(=O)C(=O)N(C2=O)CC3=NN(N=C3)C4=CC=CC=C4,O=C1C(=O)N(C2CCCC2)C(=O)N1Cc1cnn(-c2ccccc2)n1,2.5287666207920267,8,13,-0.29925262928009033,0.06989221274852753,0.3843936622142792,0.05815023183822632,0.15503324568271637,-0.06902048736810684,-0.03701048344373703,0.20829546451568604,0.10876132930513595
CN1CCN=C(N1)C2=CC=CC=C2NC(=O)C3=CC=C(C=C3)[N+](=O)[O-],CN1CCN=C(c2ccccc2NC(=O)c2ccc([N+](=O)[O-])cc2)N1,2.48022263379311,11,15,0.25734755396842957,0.00505521334707737,-0.10741832852363586,0.11520031839609146,0.15498443879187107,0.14745305478572845,0.1833697259426117,-0.06335833668708801,0.11890243902439024
CCOC(=O)NC1=CC=C(C=C1)NC(=O)C2=C3N=CC=CN3N=C2C,CCOC(=O)Nc1ccc(NC(=O)c2c(C)nn3cccnc23)cc1,2.1954716045406713,10,15,0.10912684351205826,-0.010830690152943134,0.05616677552461624,0.07890398800373077,0.15446292888373137,0.05924103036522865,0.09841211140155792,0.04142569378018379,0.20833333333333334
CC(C)C1=NC(=NO1)C2=C3CNC(=O)C4=C(N3C=N2)C=CC(=C4)OC,COc1ccc2c(c1)C(=O)NCc1c(-c3noc(C(C)C)n3)ncn1-2,2.861522308766025,9,16,-0.20292584598064423,0.30876439809799194,0.04856342077255249,-0.008889459073543549,0.1544019728899002,-0.014172125607728958,-0.11935620754957199,0.19801673293113708,0.21794871794871795
C[C@@H](C1=NN2CCN(CC2=C1)C(=O)C3=NC(=O)NC4=CC=CC=C43)O,C[C@H](O)c1cc2n(n1)CCN(C(=O)c1nc(=O)[nH]c3ccccc13)C2,3.319448348266099,12,17,-0.04156143218278885,0.01817214861512184,0.17759212851524353,0.028235817328095436,0.15420284494757652,0.0011949995532631874,0.04485359415411949,0.04119574651122093,0.17403314917127072
C1C[C@@H](N(C1)CC2=CC3=CC=CC=C3NC2=O)C4=NC(=NO4)C(=O)N,NC(=O)c1noc([C@H]2CCCN2Cc2cc3ccccc3[nH]c2=O)n1,3.0271831532498474,12,17,-0.08737455308437347,0.23366662859916687,0.007739320397377014,0.09092982113361359,0.1540313959121704,0.09891314804553986,-0.026374027132987976,0.1376165896654129,0.1790633608815427
CN1C2=C(CN(CC2)C(=O)C3=COC=C3)C(=N1)COC4=NC=CN=C4,Cn1nc(COc2cnccn2)c2c1CCN(C(=O)c1ccoc1)C2,2.851974313099719,11,17,0.03513792157173157,0.01627654954791069,0.10253271460533142,0.0020468570291996002,0.15394718572497368,0.005109403282403946,0.050190478563308716,0.013220373541116714,0.12307692307692308
C1CN(CCC12C(=O)NC3=CC=CC=C3N2)C(=O)C4=CN=CC(=O)N4,O=C(c1cncc(=O)[nH]1)N1CCC2(CC1)Nc1ccccc1NC2=O,3.2330562301729238,11,15,0.057799533009529114,0.11086655408143997,-0.015196846798062325,0.06590814888477325,0.15346924029290676,0.09804873168468475,0.03166598826646805,0.04436198249459267,0.182370820668693
C1CC1NC2=NC(=NC=C2C(=O)O)NC3=CC4=C(C=C3)NC(=O)CC4,O=C1CCc2cc(Nc3ncc(C(=O)O)c(NC4CC4)n3)ccc2N1,2.4660176500444653,12,16,0.20595061779022217,0.15997043251991272,-0.21251679956912994,0.11601558327674866,0.15340425074100494,0.18021425604820251,0.04945065453648567,0.04550986737012863,0.25163398692810457
C1COC(=O)N1C2=CC3C=C(N=CC3C(=C2)N)NC(=O)[C@H]4C[C@@H]4C#N,N#C[C@H]1C[C@@H]1C(=O)NC1=CC2C=C(N3CCOC3=O)C=C(N)C2C=N1,5.216736897651649,13,17,0.11247249692678452,0.13145622611045837,-0.09074470400810242,0.03697214275598526,0.15318401902914047,0.07513128966093063,0.051560401916503906,0.024864651262760162,0.12138728323699421
CCC1=NC2=CC=CC=C2C(=C1)NC(=O)CN3C=C(N=C3C)[N+](=O)[O-],CCc1cc(NC(=O)Cn2cc([N+](=O)[O-])nc2C)c2ccccc2n1,2.441402225187632,11,17,0.1553310602903366,0.142297625541687,-0.14455397427082062,0.0897073894739151,0.153074711561203,0.12647658586502075,0.09489220380783081,0.008485391736030579,0.19648093841642228
C1=CC=C2C(=C1)NC(=N2)NC(=O)[C@H](CO)NC(=O)CC3=CC=NC=C3,O=C(Cc1ccncc1)N[C@@H](CO)C(=O)Nc1nc2ccccc2[nH]1,2.6530081532498464,13,15,0.14737728238105774,-0.09759959578514099,0.10321025550365448,0.05052494257688522,0.15298794209957123,0.024913903325796127,0.11893482506275177,-0.002563830465078354,0.2915129151291513
CN(CC1=CN(N=C1)C2=CC(=CC=C2)OC)C(=O)C3=CNC(=O)C=N3,COc1cccc(-n2cc(CN(C)C(=O)c3c[nH]c(=O)cn3)cn2)c1,2.539747444193978,12,17,0.04939759895205498,-0.08739891648292542,0.19083291292190552,0.0010916152969002724,0.15283159539103508,-0.04301118850708008,0.08571380376815796,0.01805512234568596,0.20496894409937888
CC1=NC2=CC=CC=C2N1CCNC(=O)C3=CC(=C(C=C3)N)[N+](=O)[O-],Cc1nc2ccccc2n1CCNC(=O)c1ccc(N)c([N+](=O)[O-])c1,2.141055412000819,12,17,0.06690274178981781,0.013293400406837463,0.07200410962104797,0.04228842630982399,0.15220025181770325,0.0003505311906337738,0.13423404097557068,0.008701663464307785,0.15384615384615385
CNC(=O)NNC(=O)C1=CC(=CC=C1)OCC2=CN3C=CC=CC3=N2,CNC(=O)NNC(=O)c1cccc(OCc2cn3ccccc3n2)c1,2.3098896977151053,14,17,0.33093011379241943,0.008480474352836609,-0.1872110664844513,0.11831165105104446,0.15219952166080475,0.16134895384311676,0.19724752008914948,-0.07020542025566101,0.23367697594501718
CC1=C(N2C=CC=CC2=N1)C(=O)NC3COCC3N4C(=O)C=CC=N4,Cc1nc2ccccn2c1C(=O)NC1COCC1n1ncccc1=O,3.5508018196346365,13,17,0.3181774616241455,-0.18242812156677246,0.015988100320100784,0.02634403295814991,0.15173744037747383,0.05233366787433624,0.2505171298980713,-0.17884531617164612,0.1820580474934037
COC1=CC=CC(=C1)/C=C\C(=O)NCC2=NN=C3N2C=CN=C3OC,COc1cccc(/C=C\C(=O)NCc2nnc3c(OC)nccn23)c1,2.475897390022796,12,17,0.036929838359355927,0.012182939797639847,0.1021413505077362,-0.028328459709882736,0.15125412866473198,-0.015324464067816734,0.03664765879511833,0.007029050961136818,0.23529411764705882
COC1=CC=CC=C1OC2=C(C=CC=N2)CNC(=O)CN3C=NC=N3,COc1ccccc1Oc1ncccc1CNC(=O)Cn1cncn1,2.2118514469247987,13,17,-0.030641524121165276,0.19104835391044617,-0.009637190029025078,0.03717693313956261,0.1507696397602558,0.06488916277885437,-0.014386394992470741,0.08437465131282806,0.22118380062305296
COC1=C(C=C(C=C1)N2C=NC(=NC2=O)NN)OC.C1=CC2=C1C=C2,COc1ccc(-n2cnc(NN)nc2=O)cc1OC.c1cc2ccc1=2,2.7442967306821373,9,13,0.2876037061214447,0.03255884349346161,-0.17007407546043396,0.08419051021337509,0.15008847415447235,0.15272843837738037,0.13997498154640198,-0.05906257405877113,0.25196850393700787
C1CC(OC1)CN2C=C(C=N2)NC(=O)C3=NNC(=O)C4=CC=CC=C43,O=C(Nc1cnn(CC2CCCO2)c1)c1n[nH]c(=O)c2ccccc12,2.8149783323857793,13,17,0.11459459364414215,0.016718169674277306,0.018400784581899643,0.01776624470949173,0.1497135479003191,0.06345109641551971,0.06894715130329132,-0.03606298565864563,0.19940476190476192
CCC1=CC(=O)NC(=N1)N2C(=CC(=N2)C3=CC=CO3)NC(=O)C4CC4,CCc1cc(=O)[nH]c(-n2nc(-c3ccco3)cc2NC(=O)C2CC2)n1,2.7754811386685176,11,16,0.40640202164649963,-0.02169462852180004,-0.23503577709197998,0.09176644682884216,0.1496716160327196,0.17474137246608734,0.18168145418167114,-0.10009251534938812,0.26842105263157895
CNC(CC1=CN=C(C=C1)N2C(=O)C3=C(C=NC=C3)N(C2=O)C)C=O,CNC(C=O)Cc1ccc(-n2c(=O)c3ccncc3n(C)c2=O)nc1,3.2397793620410553,12,17,0.1358126401901245,0.044885363429784775,-0.03123260661959648,0.09441230446100235,0.1494653970003128,0.11971701681613922,0.0988299772143364,0.007269382476806641,0.22580645161290322
CC1CN(C2=C(O1)N=CC=C2)C(=O)C3=CC4=C(N=C3)N(CC(=O)N4)C,CC1CN(C(=O)c2cnc3c(c2)NC(=O)CN3C)c2cccnc2O1,3.458081501028829,11,17,-0.11006183922290802,-0.11474591493606567,0.37413740158081055,-0.00043635256588459015,0.14932964742183685,-0.10428757220506668,0.07208672910928726,0.04442097991704941,0.23796033994334279
CN1C(=O)CCC(=N1)C2=NC(=NO2)C3=CC(=CC=C3)NC(=O)C4CC4,CN1N=C(c2nc(-c3cccc(NC(=O)C4CC4)c3)no2)CCC1=O,2.475544193923122,10,16,0.08772869408130646,0.1840236335992813,-0.12244808673858643,0.12756897509098053,0.14930424094200134,0.11363547295331955,0.10124897956848145,0.07714749872684479,0.21329639889196675
CN1C(=C(C(=O)N(C1=O)C)C#N)NC2=CC3=C(C=C2)N(C=C3)CCO,Cn1c(Nc2ccc3c(ccn3CCO)c2)c(C#N)c(=O)n(C)c1=O,2.6549234769793184,11,17,-0.11435601860284805,-0.12241077423095703,0.38605496287345886,-0.05265044420957565,0.14928817003965378,-0.1331934928894043,0.02761523425579071,0.048322033137083054,0.22784810126582278
C1[C@@H]2[C@H](CN1C(=O)C3=NC=CN=C3)OCC(=O)N2CC4=CC=NC=C4,O=C(c1cnccn1)N1C[C@@H]2OCC(=O)N(Cc3ccncc3)[C@@H]2C1,3.39347560783274,11,15,-0.06438695639371872,-0.03609577193856239,0.24958594143390656,0.022040069103240967,0.14910321310162544,-0.025913739576935768,0.04711347073316574,0.04516777768731117,0.153125
COC1=CC=CC=C1C2=NNC(=C2)C(=O)N3CC[C@H](C3)C4=NOC=N4,COc1ccccc1-c1cc(C(=O)N2CC[C@@H](c3ncon3)C2)[nH]n1,3.0963037275385723,12,17,-0.07207592576742172,0.20232689380645752,0.018513206392526627,0.00724136084318161,0.14876417443156242,0.06160007044672966,-0.07225462049245834,0.0908127874135971,0.2577903682719547
CC(C(=O)NC1=CC=C(C=C1)OC)N2C(=O)C=CC(=N2)N3C=CC=N3,COc1ccc(NC(=O)C(C)n2nc(-n3cccn3)ccc2=O)cc1,2.704273483694049,11,15,0.10989993810653687,-0.021750349551439285,0.06061306595802307,0.09793785959482193,0.14876265451312065,0.04283559322357178,0.1500849574804306,0.03794149309396744,0.22535211267605634
CN1C2=C(C=C3C4=C2C=CC=C4C(=O)N(C3=O)CC[N+](C)(C)[O-])N=N1,Cn1nnc2cc3c4c(cccc4c21)C(=O)N(CC[N+](C)(C)[O-])C3=O,3.087714112430822,8,16,-0.2800483703613281,0.06441935151815414,0.36429697275161743,-0.04585525393486023,0.14866795390844345,-0.15194885432720184,-0.07544156908988953,0.1830277442932129,0.12459016393442623
C1CC1CNC(=O)C2=CC3=C(C=C2)N(C4=NC=NC(=C34)N)CC(=O)O,Nc1ncnc2c1c1cc(C(=O)NCC3CC3)ccc1n2CC(=O)O,2.422638708704115,11,16,0.05640218034386635,0.2339683175086975,-0.14200188219547272,0.13394515216350555,0.14836861565709114,0.1215655505657196,0.06833220273256302,0.1098339855670929,0.25
CC1=C(N=CN(C1=O)CC(=O)NCC2=NC=CN=C2C3=CC=CO3)C,Cc1ncn(CC(=O)NCc2nccnc2-c2ccco2)c(=O)c1C,2.6977827638039447,11,17,-0.0950726717710495,-0.000581483356654644,0.24394306540489197,0.006817418150603771,0.14828891027718782,-0.07838153839111328,0.06703868508338928,0.07228384912014008,0.2562674094707521
CCOC(=O)C1=C(N(N=C1)C2=NN=C(C=C2)C3=CC=C(C=C3)OC)N,CCOC(=O)c1cnn(-c2ccc(-c3ccc(OC)cc3)nn2)c1N,2.2180505861224695,9,15,0.11917389184236526,0.11461599916219711,-0.08550433814525604,0.08150763809680939,0.14828555285930634,0.09048455953598022,0.0538923442363739,0.0785648375749588,0.20728291316526612
CC1=CC(=NC2=C1N3CCC(C3)N2C(=O)NC4=CC=CC=N4)C(=O)O,Cc1cc(C(=O)O)nc2c1N1CCC(C1)N2C(=O)Nc1ccccn1,4.1485597162020555,12,17,0.15241825580596924,-0.16415688395500183,0.15989074110984802,0.05699519068002701,0.14815211296081543,0.03393494337797165,0.17222079634666443,-0.07067355513572693,0.1855072463768116
COC1=CC=C(C=C1)C2=NOC(=N2)CCCC(=O)N(CC#N)CC#N,COc1ccc(-c2noc(CCCC(=O)N(CC#N)CC#N)n2)cc1,2.502676804974042,7,13,-0.03621450439095497,0.0947141945362091,0.08955221623182297,0.00711279921233654,0.1480519063770771,-0.0001688702031970024,-0.012492109090089798,0.09324319660663605,0.2881944444444444
COC1=CC=C(C=C1)C2=NN3C=NN(C(=O)C3=C2)CC(=O)NC4CC4,COc1ccc(-c2cc3c(=O)n(CC(=O)NC4CC4)ncn3n2)cc1,2.3314037822221465,9,14,0.025168603286147118,0.13377492129802704,-0.010961698368191719,0.056696198880672455,0.14798182621598244,0.03463706374168396,0.042196013033390045,0.101573646068573,0.3119266055045872
CN1C2=C(C=N1)C(=O)N(C=N2)CC(=O)NC[C@@H]3CC4=CC=CC=C4O3,Cn1ncc2c(=O)n(CC(=O)NC[C@@H]3Cc4ccccc4O3)cnc21,2.8435735378652325,12,17,0.20188522338867188,-0.13623464107513428,0.08206794410943985,0.04061559587717056,0.14771852642297745,0.01133724395185709,0.1542665660381317,-0.019919833168387413,0.3385093167701863
C1=CC=C(C=C1)COC(=O)NCCC=CC2=C3C(=O)NC=NC3=NN2,O=C(NCCC=Cc1[nH]nc2nc[nH]c(=O)c12)OCc1ccccc1,2.786400445871058,12,15,0.3860466480255127,-0.028264496475458145,-0.21034900844097137,0.10769787430763245,0.14743314310908318,0.17731019854545593,0.16234764456748962,-0.09645421802997589,0.2905405405405405
C1CN(CCN1C2=NC=CC=N2)C(=O)/C=C/C3=CC(=CC=C3)[N+](=O)[O-],O=C(/C=C/c1cccc([N+](=O)[O-])c1)N1CCN(c2ncccn2)CC1,2.2371377746381818,10,14,0.033921048045158386,0.14534220099449158,-0.032347649335861206,0.053240276873111725,0.14691559970378876,0.10110209882259369,-0.001737811602652073,0.05848947539925575,0.2647058823529412
CC1=CC2=C(C=CC=C2N1)C(=O)N3C(=C4CN(CCC4=N3)C(=O)O)N,Cc1cc2c(C(=O)n3nc4c(c3N)CN(C(=O)O)CC4)cccc2[nH]1,2.8731549724403784,11,17,-0.13362188637256622,0.18548113107681274,0.09470987319946289,0.021370526403188705,0.1465691179037094,0.012349003925919533,-0.03868013620376587,0.12651365995407104,0.1315136476426799
CN1C(=CC=N1)C(=O)N(C)CC2=CN(C=N2)C3=CC=CC=C3C(=O)O,CN(Cc1cn(-c2ccccc2C(=O)O)cn1)C(=O)c1ccnn1C,2.5808804669458727,12,17,-0.005516950041055679,0.03960094973444939,0.11201860755681992,0.06531591713428497,0.14610260725021362,0.0020421557128429413,0.0953531563282013,0.07179713249206543,0.1349862258953168
CCOC1=C(C=CC(=C1)C(=O)NC2=NC=NN2)OCC3=CN=CC=C3,CCOc1cc(C(=O)Nc2ncn[nH]2)ccc1OCc1cccnc1,2.209673996977486,13,17,0.08306358754634857,0.0034468593075871468,0.05946258082985878,0.049837369471788406,0.1459730276837945,0.036766525357961655,0.076004259288311,0.034969475120306015,0.32575757575757575
CC(C(=O)NC1=CC=C(C=C1)N2C(=O)N(N=N2)C)OC3=CC=CC=C3,CC(Oc1ccccc1)C(=O)Nc1ccc(-n2nnn(C)c2=O)cc1,2.5095907101295865,9,13,0.24400988221168518,-0.3578542470932007,0.25967082381248474,0.079287089407444,0.14582645893096924,-0.036342911422252655,0.2770417332649231,-0.07032610476016998,0.23529411764705882
COC1=C(C=C(C=C1)/C=N\NC(=O)CN2C3=CC=CC=C3N=N2)OC,COc1ccc(/C=N\NC(=O)Cn2nnc3ccccc32)cc1OC,2.0849243130997177,12,17,0.09191668778657913,0.12877850234508514,-0.07492651045322418,0.05387406051158905,0.1457686796784401,0.0819254219532013,0.07524003833532333,0.006915204226970673,0.18874172185430463
CC1=NN(C(=C1)NC(=O)CN2C=C(C=N2)C3=CC4=C(C=C3)OCO4)C,Cc1cc(NC(=O)Cn2cc(-c3ccc4c(c3)OCO4)cn2)n(C)n1,2.425482005407412,11,17,0.02897544577717781,-0.03859978914260864,0.15538203716278076,-0.06197991222143173,0.14575769379734993,-0.07767374813556671,0.043952226638793945,0.007274066563695669,0.27936507936507937
CC1=CN=C(C=N1)C(=O)N2CCC(CC2)C3=NN=C(O3)C4=COC=C4,Cc1cnc(C(=O)N2CCC(c3nnc(-c4ccoc4)o3)CC2)cn1,2.687332163468529,9,15,-0.03222154080867767,0.2185286283493042,-0.040712229907512665,0.05385176092386246,0.14559485763311386,0.08943670988082886,-0.02096208930015564,0.09334990382194519,0.14824797843665768
COC1=C(C=C(C=C1)N2C=NC(=NC2=O)NNC3=CC=CC=C3)OC,COc1ccc(-n2cnc(NNc3ccccc3)nc2=O)cc1OC,2.3131262361766414,11,15,0.12596946954727173,0.06474727392196655,-0.04529332369565964,0.06471046060323715,0.14542341977357864,0.09711464494466782,0.050691548734903336,0.03047492727637291,0.2423076923076923
CC(=C)C1=C(C=C(C(=C1)OC)C2=NC=CO2)OC3=CN=C(N=C3N)N,C=C(C)c1cc(OC)c(-c2ncco2)cc1Oc1cnc(N)nc1N,2.9312217856271925,10,17,-0.012163592502474785,0.14821770787239075,0.009283479303121567,0.03859744966030121,0.14533759467303753,0.05389166623353958,0.057165756821632385,0.012198850512504578,0.3485342019543974
COC1=C(C(=CC=C1)OC)C(=O)NC2=NN3C(=CC=NC3=N2)C4CC4,COc1cccc(OC)c1C(=O)Nc1nc2nccc(C3CC3)n2n1,2.5370289176500975,8,13,0.27249136567115784,-0.07480356842279434,-0.052572183310985565,0.07819758355617523,0.14511561393737793,0.09655983746051788,0.14125187695026398,-0.029830846935510635,0.29508196721311475
CNC(=O)N1C=CC2=C1C=CC(=C2)OC3=CC(=NC=C3)N(C)C(=O)N,CNC(=O)n1ccc2cc(Oc3ccnc(N(C)C(N)=O)c3)ccc21,2.745062225187631,12,17,0.14681383967399597,0.04014430195093155,-0.04184436798095703,0.07509162276983261,0.1451137736439705,0.04443669319152832,0.10893470793962479,0.05891907587647438,0.23426573426573427
CCCCNC(=O)C1=CC2=C(N1C3=NC=CC=N3)C=CC=C2[N+](=O)[O-],CCCCNC(=O)c1cc2c([N+](=O)[O-])cccc2n1-c1ncccn1,2.4797779967400224,11,16,0.2741321921348572,0.05264110863208771,-0.18233811855316162,0.09261329472064972,0.14443518221378326,0.13264572620391846,0.13265153765678406,0.0030612442642450333,0.18018018018018017
CN(C)C(=O)C1=CC=C(C=C1)NC(=O)CN2C(=O)N3C=CC=CC3=N2,CN(C)C(=O)c1ccc(NC(=O)Cn2nc3ccccn3c2=O)cc1,2.1177305768359833,9,14,0.18428009748458862,0.09198546409606934,-0.1325201392173767,0.09611435979604721,0.14374542236328125,0.11553774774074554,0.09283298254013062,0.03787361830472946,0.20943952802359883
COC1=NNC2=CC(=NC=C21)NC(=O)NC3CC4=CC=CC=C4OC3,COc1n[nH]c2cc(NC(=O)NC3COc4ccccc4C3)ncc12,3.125888975167655,13,17,0.02465873956680298,-0.16058029234409332,0.2795972526073456,0.012548394501209259,0.14367569983005524,-0.07127083092927933,0.09728117287158966,0.047955289483070374,0.284375
C1CC(N(C1)C(=O)CN2C=NC(=N2)C#N)C3=CC4=C(C=C3)OCCO4,N#Cc1ncn(CC(=O)N2CCCC2c2ccc3c(c2)OCCO3)n1,3.0464423998251897,11,17,-0.1095694899559021,0.1251625418663025,0.1280367225408554,-0.0434986837208271,0.1436297744512558,-0.006105728447437286,-0.07285703718662262,0.061913877725601196,0.21470588235294116
CC1=CN(N=C1)CC2=CC=C(C=C2)C(=O)NC3=C(NC(=O)NC3=O)C,Cc1cnn(Cc2ccc(C(=O)Nc3c(C)[nH]c(=O)[nH]c3=O)cc2)c1,2.369427939473347,10,15,0.02014959789812565,-0.01462553720921278,0.1379595398902893,0.03140360862016678,0.14348360057920218,0.0039039626717567444,0.10446169227361679,-0.002967430278658867,0.21341463414634146
C1=CC=C2C(=C1)N=C3C=CC(C(=O)C3=N2)NC(=O)[C@H](CCC(=O)N)N,NC(=O)CC[C@H](N)C(=O)NC1C=Cc2nc3ccccc3nc2C1=O,3.597532094359911,13,17,0.24559490382671356,0.21336382627487183,-0.3158719539642334,0.1226668655872345,0.143086776137352,0.23725919425487518,0.09138864278793335,-0.037112265825271606,0.1394658753709199
CCOC1=C(C=CC(=C1)/C=N\NC(=O)CN2C3=CC=CC=C3N=N2)O,CCOc1cc(/C=N\NC(=O)Cn2nnc3ccccc32)ccc1O,2.223135851561258,13,17,0.11221516132354736,0.016388868913054466,0.014461725950241089,0.07542754709720612,0.14306575618684292,0.0477004200220108,0.13834410905838013,0.007572942413389683,0.20860927152317882
CCOC(=O)C1=C(N(N=C1)C2=CC(=NC=N2)OC3=CC=CC=C3C)N,CCOC(=O)c1cnn(-c2cc(Oc3ccccc3C)ncn2)c1N,2.402372146252482,11,17,0.11516471207141876,-0.010272476822137833,0.03794410824775696,0.09859588742256165,0.1428363434970379,0.048772431910037994,0.11871543526649475,0.061223071068525314,0.1693121693121693
CNC1=CC(=NC2=C(C=NN12)C(=O)O)NC3=CC=CC4=C3OCCC4,CNc1cc(Nc2cccc3c2OCCC3)nc2c(C(=O)O)cnn12,2.870651236176643,12,17,0.2194509357213974,0.007890414446592331,-0.08510614931583405,0.023956352844834328,0.14223520085215569,0.09560585021972656,0.06979250907897949,-0.041927941143512726,0.2796352583586626
CC1=CC(=C(C=C1)OC)N2C(=CN3C2=NC4=C3C(=O)NC(=O)N4C)C,COc1ccc(C)cc1-n1c(C)cn2c3c(=O)[nH]c(=O)n(C)c3nc12,2.601098058919117,9,17,-0.16997621953487396,0.09949829429388046,0.21224868297576904,-0.029622331261634827,0.14177075773477554,-0.09545451402664185,-0.02782658115029335,0.13573245704174042,0.27044025157232704
CC1=NC=C(C=C1)C2=NOC(=C2COC3=NN=C(C=C3C)C(=O)N)C,Cc1ccc(-c2noc(C)c2COc2nnc(C(N)=O)cc2C)cn1,2.7937453021107093,9,17,-0.06505392491817474,0.17253372073173523,0.03428451716899872,0.04966849833726883,0.1417643129825592,0.018758876249194145,0.019178159534931183,0.1172046810388565,0.1796875
CN1C2=C(C=N1)C(=O)N(C=N2)CC(=O)NC[C@H]3CC4=CC=CC=C4O3,Cn1ncc2c(=O)n(CC(=O)NC[C@H]3Cc4ccccc4O3)cnc21,2.8435735378652325,12,17,0.18237319588661194,-0.12607423961162567,0.08545233309268951,0.037105076014995575,0.14175128936767578,0.0059137484058737755,0.1422969400882721,-0.012181814759969711,0.3385093167701863
CCNC1=C(C=C(C=C1)C(=O)NN2CC3=CC=CC=C3C2=N)[N+](=O)[O-],CCNc1ccc(C(=O)NN2Cc3ccccc3C2=N)cc1[N+](=O)[O-],2.5963723350777403,13,17,0.19540850818157196,0.06155144050717354,-0.11579820513725281,0.11132336407899857,0.1411617435514927,0.11149603873491287,0.12833699584007263,0.028143078088760376,0.11635220125786164
C=C(/C=C(/C1=CC=C(C=C1)C2=CN=CC=C2)\N=C(N)NO)C(=O)NO,C=C(/C=C(\N=C(N)NO)c1ccc(-c2cccnc2)cc1)C(=O)NO,3.161732554857961,13,15,-0.07877667993307114,0.2431274950504303,-0.023219000548124313,0.059429824352264404,0.14113181456923485,0.06300388276576996,-0.028722530230879784,0.13368172943592072,0.19292604501607716
CN1C2=CC=CC=C2N=C1CN(C)C3=C(C=C(C=C3)[N+](=O)[O-])C(=O)N,CN(Cc1nc2ccccc2n1C)c1ccc([N+](=O)[O-])cc1C(N)=O,2.3411375238020593,11,17,-0.11398908495903015,0.02219337970018387,0.2325165867805481,-0.009677905589342117,0.1407208815217018,-0.08789195865392685,0.02906828373670578,0.0969529002904892,0.15384615384615385
C1=CC=C(C=C1)CNC(=O)C2=CN=C3N=CC(=NN3C2=O)CCCO,O=C(NCc1ccccc1)c1cnc2ncc(CCCO)nn2c1=O,2.464724313099719,11,15,0.004755517467856407,0.2581828832626343,-0.12222404032945633,0.12078970670700073,0.14071436040103436,0.17124463617801666,-0.020142652094364166,0.12061680853366852,0.24918032786885247
C1CC(C1)C(C2=NC3=CC=CC=C3O2)N4C=C(N=N4)/C=C/C(=O)NO,O=C(/C=C/c1cn(C(c2nc3ccccc3o2)C2CCC2)nn1)NO,3.4939293070960016,13,16,-0.056033916771411896,0.07519175112247467,0.12064427137374878,0.053201816976070404,0.13980210572481155,0.010035905987024307,0.05013533681631088,0.07356268167495728,0.13022113022113022
C1CC1C(=O)NC2=NNC3=C2CN(C3)C(=O)NC(=O)C4=CC=CC=C4,O=C(NC(=O)N1Cc2[nH]nc(NC(=O)C3CC3)c2C1)c1ccccc1,2.424670304432331,10,14,0.31675976514816284,-0.17967714369297028,0.0020895730704069138,0.11956222355365753,0.13917219452559948,0.0925789475440979,0.23986029624938965,-0.07629798352718353,0.1681159420289855
COC1=CC(=CC(=C1)NC(=O)CN2N=C(N=N2)C3=CC=CC=C3)OC,COc1cc(NC(=O)Cn2nnc(-c3ccccc3)n2)cc(OC)c1,2.015276236176641,8,12,0.14235854148864746,0.04882197827100754,-0.0521075464785099,0.08684481680393219,0.1390729732811451,0.07419318705797195,0.1290779411792755,0.015993483364582062,0.3146067415730337
CC(C)CNC(=O)C1=C2N=CC=C(N2N=C1)C3=CC(=CC=C3)[N+](=O)[O-],CC(C)CNC(=O)c1cnn2c(-c3cccc([N+](=O)[O-])c3)ccnc12,2.322989917495324,11,16,0.24171039462089539,-0.038670025765895844,-0.06428328901529312,0.07211913913488388,0.13875707983970642,0.10366854816675186,0.1530272364616394,-0.05997094511985779,0.27848101265822783
C1=CC2=C(C=CC3=C2C(=C1)C(=O)N(C3=O)CCO)NCCCN=[N+]=[N-],[N-]=[N+]=NCCCNc1ccc2c3c(cccc13)C(=O)N(CCO)C2=O,2.631325125667434,12,17,-0.042858727276325226,0.16024981439113617,0.021231845021247864,0.07495899498462677,0.1386229321360588,0.06685073673725128,-0.0008315201848745346,0.12017537653446198,0.14084507042253522
C1CN(CCC1C2=NNC(=O)N2)C(=O)C3=CC(=NO3)C4=CC=CC=C4,O=C(c1cc(-c2ccccc2)no1)N1CCC(c2n[nH]c(=O)[nH]2)CC1,2.6213258410238502,9,13,-0.007519352249801159,0.15643203258514404,-0.01068837195634842,0.09745671600103378,0.13822430837899446,0.1016554906964302,0.013528352603316307,0.1011442244052887,0.18256130790190736
CC1=NC=NC=C1C2=NN=C(O2)C3CCN(CC3)C(=O)C4=CC=CO4,Cc1ncncc1-c1nnc(C2CCN(C(=O)c3ccco3)CC2)o1,2.640759771476958,9,15,-0.10226805508136749,0.26754772663116455,-0.02713678404688835,0.09231917560100555,0.1381428875029087,0.0930069088935852,-0.04047280550003052,0.1640200912952423,0.15584415584415584
CN1C=CC=C1C2=NNC(=C2)C(=O)N/N=C\C3=C(C(=CC=C3)OC)O,COc1cccc(/C=N\NC(=O)c2cc(-c3cccn3C)n[nH]2)c1O,2.606084172254649,13,17,0.16683804988861084,-0.0032086102291941643,-0.025843851268291473,0.026737838983535767,0.1377855883911252,0.057625479996204376,0.09524532407522202,-0.03803543001413345,0.23511904761904762
C1COCCC1C2=CC(=NN2)NC(=O)C3=CC=CC(=C3)C4=NOC=N4,O=C(Nc1cc(C2CCOCC2)[nH]n1)c1cccc(-c2ncon2)c1,2.7248235854489913,11,15,0.08798947185277939,0.14473402500152588,-0.09495459496974945,0.02764130011200905,0.13776890188455582,0.08580847084522247,-0.014055934734642506,0.06517954915761948,0.2404692082111437
CC1=CC=CC2=NC(=CC(=O)N12)COC(=O)CCNC3=NC=CC=N3,Cc1cccc2nc(COC(=O)CCNc3ncccn3)cc(=O)n12,2.497347390022796,11,16,0.19033102691173553,0.13208523392677307,-0.18481315672397614,0.04567979276180267,0.13760310411453247,0.12427294999361038,0.048375435173511505,-0.005477180704474449,0.37735849056603776
CC1=NC=C(N1C2=CC=CC=C2)CNC(=O)C3=C(C=NN3C)C(=O)O,Cc1ncc(CNC(=O)c2c(C(=O)O)cnn2C)n1-c1ccccc1,2.4922987087041157,10,15,-0.05647744983434677,-0.04225115850567818,0.23626607656478882,0.06314672529697418,0.13753746822476387,-0.03755137324333191,0.10507609695196152,0.07836656272411346,0.13440860215053763
CCOC1=CC2=C(C=CC=C2N3C=C(C(=N3)C(=O)N)NC(=O)N)C=C1,CCOc1ccc2cccc(-n3cc(NC(N)=O)c(C(N)=O)n3)c2c1,2.3726560713414777,12,17,0.05810775235295296,-0.028790926560759544,0.10763970017433167,0.08418077230453491,0.13695652596652508,0.027677923440933228,0.08849622309207916,0.07885371148586273,0.20496894409937888
C1COCCN1C2=CC=CC3=C2N=C(N3)NC4=CC=CC=C4[N+](=O)[O-],O=[N+]([O-])c1ccccc1Nc1nc2c(N3CCOCC3)cccc2[nH]1,2.356316146608677,11,15,0.10592617094516754,-0.11569943279027939,0.14633509516716003,0.028224090114235878,0.1365618333220482,0.010602438822388649,0.11901123821735382,-0.04364342615008354,0.2054794520547945
COC1=CC(=C(C=C1)CNC(=O)C2=CC=C(C=C2)N3C=NN=N3)OC,COc1ccc(CNC(=O)c2ccc(-n3cnnn3)cc2)c(OC)c1,2.0168262361766427,10,15,-0.0013256017118692398,0.19625678658485413,-0.058448635041713715,0.005030417814850807,0.13648254983127117,0.04265982285141945,-0.01403991598635912,0.06258930265903473,0.16262975778546712
COC1=NC=NC2=C1N(N=C2)CC(=O)NCC3CC4=CC=CC=C4O3,COc1ncnc2cnn(CC(=O)NCC3Cc4ccccc4O3)c12,3.0517475631550113,12,17,0.12311512976884842,-0.02958797663450241,0.0423462837934494,0.09204179048538208,0.1358734369277954,0.07153747975826263,0.0952548235654831,0.043455369770526886,0.22413793103448276
CC(C)NC(=O)C1=CC(=CN1)C2=NNN=C2C3=CC(=CC=C3)C(=O)O,CC(C)NC(=O)c1cc(-c2n[nH]nc2-c2cccc(C(=O)O)c2)c[nH]1,2.6096567306821363,12,16,0.17836812138557434,0.11981981992721558,-0.1623278558254242,0.06267283111810684,0.13586008548736572,0.13824045658111572,0.07443805038928986,-0.015633033588528633,0.20063694267515925
COC1=C(C=C(C=C1)C(=O)NCC2=NN=NN2C3=CC=CC=C3)OC,COc1ccc(C(=O)NCc2nnnn2-c2ccccc2)cc1OC,1.9114089284843345,10,15,0.022702466696500778,0.07967075705528259,0.03310949355363846,0.03555627912282944,0.13548271730542183,0.021811647340655327,0.06756828725337982,0.03900444507598877,0.16393442622950818
COC1=CC(=C(C=C1)CC(=O)NC2=CC(=CC=C2)N3C=NN=N3)OC,COc1ccc(CC(=O)Nc2cccc(-n3cnnn3)c2)c(OC)c1,2.1003281592535643,12,17,0.07267826795578003,-0.00181635282933712,0.06452957540750504,0.02062920108437538,0.13539149053394794,0.010753966867923737,0.09267351031303406,-0.0034096278250217438,0.20945945945945946
C1CN(CCC1N2C3=CC=CC=C3NC2=O)C(=O)C4=CN=CC(=O)N4,O=C(c1cncc(=O)[nH]1)N1CCC(n2c(=O)[nH]c3ccccc32)CC1,2.552987774638181,11,15,0.06963860988616943,-0.02371189557015896,0.08939264714717865,0.05273396521806717,0.13531936146318913,0.06095916032791138,0.0870693176984787,-0.01746153086423874,0.17365269461077845
COC1=CC=CC=C1C2=NNC(=C2)C(=O)N3CC[C@@H](C3)C4=NOC=N4,COc1ccccc1-c1cc(C(=O)N2CC[C@H](c3ncon3)C2)[nH]n1,3.0963037275385723,12,17,-0.07595119625329971,0.1935344636440277,0.01761023886501789,0.006343858316540718,0.1351935062557459,0.06126184016466141,-0.07497584819793701,0.08473367989063263,0.2577903682719547
C1=CC=C(C=C1)C(=O)C2=CC=CC(=C2N=C(N)N=C(N)N)CC(=O)O,NC(N)=NC(N)=Nc1c(CC(=O)O)cccc1C(=O)c1ccccc1,2.6006465539023953,10,15,0.056043896824121475,0.12011002004146576,-0.04100605472922325,0.11419977247714996,0.13514786213636398,0.09747662395238876,0.09454315155744553,0.06059810519218445,0.10508474576271186
COC1=CC(=C(C=C1)OC)NC(=O)C2=C(N(N=N2)C3=CC=CC=C3)N,COc1ccc(OC)c(NC(=O)c2nnn(-c3ccccc3)c2N)c1,2.0158616370433826,10,15,0.16515487432479858,-0.03094734624028206,0.0007169619202613831,0.04868214577436447,0.1349244900047779,0.04674950987100601,0.13766352832317352,-0.0383814200758934,0.17002881844380405
CC1=CC(=NN1)C(=O)NC2=NC=CC(=C2)C#C[C@@]3(CCN(C3=O)C)O,Cc1cc(C(=O)Nc2cc(C#C[C@]3(O)CCN(C)C3=O)ccn2)n[nH]1,3.640657164238858,11,17,0.20689477026462555,-0.10026327520608902,0.02799605019390583,0.055586136877536774,0.13462754525244236,0.0329841673374176,0.18534016609191895,-0.056772440671920776,0.18611111111111112
CCOC(=O)C1=NN(C=C1OC2=C(C=CC=N2)NC)C3=CN=CC=C3,CCOC(=O)c1nn(-c2cccnc2)cc1Oc1ncccc1NC,2.5736339284843357,12,17,-0.003411274403333664,0.21746797859668732,-0.0798444002866745,0.024610048159956932,0.13421230390667915,0.06592544913291931,-0.029717614874243736,0.08162691444158554,0.15544041450777202
CC1=CC=C(C=C1)CN2C=CC(=N2)NC(=O)C3=C(N(N=C3)C)C(=O)O,Cc1ccc(Cn2ccc(NC(=O)c3cnn(C)c3C(=O)O)n2)cc1,2.2736066207920267,10,15,0.22497880458831787,-0.1991182416677475,0.10741210728883743,0.04150111973285675,0.1332726702094078,0.004472700878977776,0.1834087371826172,-0.060708433389663696,0.1384180790960452
CC1=NC(=NO1)C2=CC3=C(C=C2)C=CN=C3NC4CC(C4)NC(=O)O,Cc1nc(-c2ccc3ccnc(NC4CC(NC(=O)O)C4)c3c2)no1,2.6282360682459824,12,16,0.1311001479625702,0.1367591768503189,-0.13464558124542236,0.10240835696458817,0.13321374356746674,0.1384931206703186,0.08921149373054504,0.016240639612078667,0.3053691275167785
CN1C=CC(=N1)C2=NOC(=N2)C3=CC4=C(N=C3)OC5(CCC5)[C@@H](C4)O,Cn1ccc(-c2noc(-c3cnc4c(c3)C[C@@H](O)C3(CCC3)O4)n2)n1,4.092143916476899,10,16,0.03974750638008118,-0.12042061984539032,0.21379227936267853,-0.03555954992771149,0.13311916589736938,-0.06906268000602722,0.057493556290864944,0.009649449959397316,0.24739583333333334
COC1=CC(=C(C=C1)OC)CC(=O)NC2=CC(=CC=C2)N3C=NN=N3,COc1ccc(OC)c(CC(=O)Nc2cccc(-n3cnnn3)c2)c1,2.0860204669458735,12,17,0.04040021449327469,-0.03449036926031113,0.12710192799568176,-0.0014104358851909637,0.13301177322864532,-0.011866047978401184,0.09245772659778595,-0.029342494904994965,0.20875420875420875
C1CN2C(C[C@H]1O)C3=C(C2=O)C=CC=C3NC(=O)NC4=NC=CN=C4,O=C(Nc1cnccn1)Nc1cccc2c1C1C[C@@H](O)CCN1C2=O,3.3066095119423284,14,17,0.22171789407730103,-0.022891009226441383,-0.06603434681892395,0.027842815965414047,0.1327925380319357,0.10426081717014313,0.09069958329200745,-0.08004724979400635,0.16569767441860464
COC1=NC=C(C=C1)C(=O)N2CCC[C@H](C2)OC3=NC=CN=C3C#N,COc1ccc(C(=O)N2CCC[C@@H](Oc3nccnc3C#N)C2)cn1,3.0320793070960015,11,17,0.010848106816411018,0.02185046300292015,0.09972001612186432,-0.009828886017203331,0.1324185859411955,0.03300313651561737,0.00872178003191948,-0.0182823296636343,0.19161676646706588
CCC1=C2C(=O)N(N=CN2C=N1)CC(=O)NC3=CC=CC(=C3)C(=O)C,CCc1ncn2cnn(CC(=O)Nc3cccc(C(C)=O)c3)c(=O)c12,2.586327939473346,11,17,0.1320749819278717,-0.058705564588308334,0.05900589004158974,0.08108747005462646,0.1323753073811531,0.061702124774456024,0.1597418189048767,-0.03994312509894371,0.2056338028169014
C1CN(CCC1C(=O)NNC(=O)C2=CC=CO2)C3=NC=C(C=C3)C#N,N#Cc1ccc(N2CCC(C(=O)NNC(=O)c3ccco3)CC2)nc1,2.3315800823304897,11,15,0.25276774168014526,-0.08286841958761215,-0.037651948630809784,0.06158507615327835,0.13224737346172333,0.06612778455018997,0.19007080793380737,-0.07529810816049576,0.18128654970760233
C1COCCN1C2=C3C(=NOC3=NC=N2)C(=O)NCC4=CC=CC=C4,O=C(NCc1ccccc1)c1noc2ncnc(N3CCOCC3)c12,2.3482830449084506,8,13,-0.043920669704675674,-0.025986284017562866,0.20170658826828003,0.06575329601764679,0.1317996345460415,-0.020079875364899635,0.0791386142373085,0.07975064218044281,0.2063953488372093
CC1=C(C(=O)N(N1)C2=CC=CC=N2)N=NC3=CC(=C(C=C3)OC)OC,COc1ccc(N=Nc2c(C)[nH]n(-c3ccccn3)c2=O)cc1OC,2.711508007574258,11,17,-0.04359229654073715,0.0033043865114450455,0.1716344803571701,0.009199919179081917,0.131346570327878,-0.0026119984686374664,0.025077546015381813,0.034139178693294525,0.19710144927536233
C1CC(N(C1)CC2=CC3=CC=CC=C3NC2=O)C4=NC(=NO4)C(=O)N,NC(=O)c1noc(C2CCCN2Cc2cc3ccccc3[nH]c2=O)n1,3.0271831532498474,12,17,-0.09265607595443726,0.2171202003955841,0.006558069959282875,0.07600410282611847,0.13102219440042973,0.08940461277961731,-0.030345432460308075,0.1142568439245224,0.1790633608815427
C1C[C@@H](N(C1)C(=O)CN2C=CC(=O)NC2=O)C3=NC4=CC=CC=C4N3,O=C(Cn1ccc(=O)[nH]c1=O)N1CCC[C@@H]1c1nc2ccccc2[nH]1,2.8410639224806165,13,17,0.055493250489234924,0.048833563923835754,0.02662382274866104,0.03883188217878342,0.13095063716173172,0.09463320672512054,0.01536768488585949,-0.0027858801186084747,0.22611464968152867
COC1=CC(=CC(=C1)C(=O)NCC2=NN=NN2C3=CC=CC=C3)OC,COc1cc(OC)cc(C(=O)NCc2nnnn2-c2ccccc2)c1,2.0213608515612584,8,12,0.12481515109539032,0.022323306649923325,-0.016518527641892433,0.03423432260751724,0.1306199301034212,0.016385266557335854,0.11126117408275604,0.014357405714690685,0.1611842105263158
CC1=CC(=NC=C1[N+](=O)[O-])N2CCN(CC2)C3=NC4=CC=CC=C4O3,Cc1cc(N2CCN(c3nc4ccccc4o3)CC2)ncc1[N+](=O)[O-],2.4285550823304884,9,15,-0.006315022706985474,-0.1837952584028244,0.3202226161956787,0.04950004070997238,0.13011233508586884,-0.04601093381643295,0.16374395787715912,-0.023283030837774277,0.16863905325443787
CC(C(=O)N/N=C\C1=CC(=C(C=C1)O)OC)N2C3=CC=CC=C3N=N2,COc1cc(/C=N\NC(=O)C(C)n2nnc3ccccc32)ccc1O,2.7505118368901513,13,17,0.0978768914937973,0.11064128577709198,-0.07863819599151611,0.05717752128839493,0.12987998127937317,0.07545220851898193,0.08545263856649399,0.0017101950943470001,0.18808777429467086
C1COCC1C2=NOC(=N2)CC3CN4C(=C5C=CC=CC5=N4)NC3=O,O=C1Nc2c3ccccc3nn2CC1Cc1nc(C2CCOC2)no1,3.962592516100333,12,17,-0.019115813076496124,0.25605034828186035,-0.1072089746594429,0.04660297557711601,0.12972556054592133,0.11199963837862015,-0.04594861716032028,0.08466377854347229,0.18204488778054864
CC(C1=NN2CCN(CC2=C1)C(=O)C3=NC(=O)NC4=CC=CC=C43)O,CC(O)c1cc2n(n1)CCN(C(=O)c1nc(=O)[nH]c3ccccc13)C2,3.319448348266099,12,17,-0.06160182133316994,0.002479309681802988,0.1882794201374054,0.014404399320483208,0.12915690848603845,-0.0129223158583045,0.02862287312746048,0.0357825793325901,0.17403314917127072
CC1=CC=C(C=C1)C2=NNC(=C2)C(=O)NC3=CN(N=C3C(=O)OC)C,COC(=O)c1nn(C)cc1NC(=O)c1cc(-c2ccc(C)cc2)n[nH]1,2.3206004669458746,9,15,0.03280271962285042,-0.27043095231056213,0.3666030764579773,-0.043295327574014664,0.12897484377026558,-0.1098480373620987,0.10129563510417938,-0.02703976258635521,0.18128654970760233
C1COC[C@H]([C@@H]1NC(=O)C2=NN3C=CC=NC3=C2)OC4=CC=CC=N4,O=C(N[C@@H]1CCOC[C@H]1Oc1ccccn1)c1cc2ncccn2n1,3.461212058719875,14,17,0.3154694736003876,-0.05275958776473999,-0.1345510631799698,0.024999350309371948,0.1281588226556778,0.10670682787895203,0.1430598646402359,-0.11885905265808105,0.23423423423423423
CC(C1=NC=CN1C2=CC=CC=C2)NC3=NC=CN(C3=O)CC(=O)O,CC(Nc1nccn(CC(=O)O)c1=O)c1nccn1-c1ccccc1,2.9470628661425877,12,15,-0.06337442249059677,-0.07184973359107971,0.26336872577667236,0.09581895917654037,0.12814456969499588,-0.001944519579410553,0.11519283056259155,0.06749498844146729,0.21407624633431085
COC1=CC=C(C=C1)NC(=O)C2=C(N(N=N2)C3=CC=C(C=C3)OC)N,COc1ccc(NC(=O)c2nnn(-c3ccc(OC)cc3)c2N)cc1,1.9440235005320048,8,13,0.1491098701953888,-0.08133922517299652,0.060310617089271545,0.07166749238967896,0.12808126211166382,0.028123952448368073,0.131247416138649,0.01564878784120083,0.168141592920354
CC1=NC=CN1C2=NC=C(C=N2)NC(=O)COC3=CC=C(C=C3)OC,COc1ccc(OCC(=O)Nc2cnc(-n3ccnc3C)nc2)cc1,2.206699313099719,9,14,-0.06235908344388008,0.1297011822462082,0.06004524976015091,0.03481413051486015,0.12738734856247902,-0.0055061932653188705,0.048440709710121155,0.08389505743980408,0.31343283582089554
CC1=CC=NC2=NC(=NN12)C(=O)NC(C)(C)C3=CC4=C(C=C3)OCO4,Cc1ccnc2nc(C(=O)NC(C)(C)c3ccc4c(c3)OCO4)nn12,2.694800965320738,9,16,0.08238861709833145,-0.06902740895748138,0.11401989310979843,-0.014230307191610336,0.1273811012506485,-0.03734583407640457,0.07557450234889984,0.0032590962946414948,0.2467948717948718
CN1C=C(C=CC1=O)C(=O)NCC2=NC(=NN2)C3=CC=C(C=C3)OC,COc1ccc(-c2n[nH]c(CNC(=O)c3ccc(=O)n(C)c3)n2)cc1,2.2796191668375307,10,15,-0.08482986688613892,-0.07217524945735931,0.28438037633895874,-0.004736803472042084,0.1273752599954605,-0.08255022764205933,0.032481513917446136,0.0603991262614727,0.35034013605442177
CC1=CC(=NC2=NC(=NN12)C(=O)NCC3COC4=CC=CC=C4O3)C,Cc1cc(C)n2nc(C(=O)NCC3COc4ccccc4O3)nc2n1,2.9210850763267704,11,17,0.2061859369277954,-0.11124478280544281,0.03240983933210373,0.02918325737118721,0.12735099345445633,0.028757570311427116,0.14953702688217163,-0.0759546309709549,0.27181208053691275
CN1C=C(C(=N1)C2=CC(=O)NC(=N2)N)CC3=CC=CC=C3C(=O)OC,COC(=O)c1ccccc1Cc1cn(C)nc1-c1cc(=O)[nH]c(N)n1,2.812251675737082,11,17,0.1884993612766266,-0.18507009744644165,0.12358956784009933,-0.002230171114206314,0.12701883167028427,-0.017542649060487747,0.16684678196907043,-0.10282018780708313,0.2807570977917981
C1CN(CCN1C2=NC=CC=N2)C(=O)/C=C/C3=CC=CC=C3[N+](=O)[O-],O=C(/C=C/c1ccccc1[N+](=O)[O-])N1CCN(c2ncccn2)CC1,2.2566473900227955,10,14,0.01275138184428215,0.1625203788280487,-0.04830830171704292,0.060139574110507965,0.12696345895528793,0.08851124346256256,0.00845860131084919,0.06844840943813324,0.26071428571428573
CC1=C(C=NN1)C(=O)NC2=CC=C(C=C2)OCC3=NOC(=N3)C4CC4,Cc1[nH]ncc1C(=O)Nc1ccc(OCc2noc(C3CC3)n2)cc1,2.3414608515612585,9,14,0.032479867339134216,0.12193948030471802,-0.027531255036592484,0.07604047656059265,0.12688809260725975,0.07630883157253265,0.03934060409665108,0.07165493816137314,0.18662952646239556
CC1=NC(=C(C=C1)[N+](=O)[O-])N2CCN(CC2)C3=NC4=CC=CC=C4O3,Cc1ccc([N+](=O)[O-])c(N2CCN(c3nc4ccccc4o3)CC2)n1,2.391305082330488,9,15,-0.06387510150671005,-0.10657384991645813,0.2971370220184326,0.030436821281909943,0.12668807059526443,-0.05159001424908638,0.10199002921581268,0.0179440937936306,0.16569767441860464
C1CN2[C@@H](C[C@@H]1O)C3=C(C2=O)C=CC=C3NC(=O)NC4=NC=CN=C4,O=C(Nc1cnccn1)Nc1cccc2c1[C@@H]1C[C@H](O)CCN1C2=O,3.3066095119423284,14,17,0.1945817470550537,-0.02269304171204567,-0.04569007456302643,0.02775941975414753,0.1261986307799816,0.08671145886182785,0.09150656312704086,-0.06777563691139221,0.16569767441860464
CC1=CC=CC=C1CN2C=CC(=N2)NC(=O)C3=C(N(N=C3)C)C(=O)O,Cc1ccccc1Cn1ccc(NC(=O)c2cnn(C)c2C(=O)O)n1,2.3314598076052135,12,17,0.29357534646987915,-0.3502504825592041,0.18284916877746582,0.04222254082560539,0.12617403268814087,-0.026116803288459778,0.2459530383348465,-0.11632728576660156,0.13764044943820225
CCC1=NC(=NO1)C2=CC3=C(C=C2)C(CC3)NC(=O)C4=NON=C4C,CCc1nc(-c2ccc3c(c2)CCC3NC(=O)c2nonc2C)no1,3.0693254609421547,10,17,-0.04147370904684067,0.3562685549259186,-0.18872177600860596,0.04644181951880455,0.12607306987047195,0.11838892102241516,-0.10127588361501694,0.14961187541484833,0.1871508379888268
CC1=CC(=NO1)C(=O)N2CCN(CC2)C(=O)C3=CC4=C(C=C3)N=CN4,Cc1cc(C(=O)N2CCN(C(=O)c3ccc4nc[nH]c4c3)CC2)no1,2.313680082330489,9,15,-0.2782282531261444,0.1885589063167572,0.2157137095928192,-0.027630234137177467,0.126044362783432,-0.104477658867836,-0.08702907711267471,0.190017968416214,0.14240506329113925
CN(C)CCNC(=O)C1=C2C(=C(C=C1)[N+](=O)[O-])C=C3C(=N2)C=CC=N3,CN(C)CCNC(=O)c1ccc([N+](=O)[O-])c2cc3ncccc3nc12,2.390337609803016,10,16,-0.07083871960639954,0.026323620229959488,0.1703568696975708,0.03273249417543411,0.12584177032113075,-0.039615824818611145,0.06856095045804977,0.06162404268980026,0.14576271186440679
COC1=CC=CC=C1N2CC(CCC2=O)C3=NC(=NO3)C4=NC=CN4,COc1ccccc1N1CC(c2nc(-c3ncc[nH]3)no2)CCC1=O,3.006007837127613,12,17,-0.014750372618436813,0.21748656034469604,-0.07709267735481262,0.02033749222755432,0.1256435103714466,0.09227254241704941,-0.060077015310525894,0.06521119177341461,0.24709302325581395
COCCN1C(=O)C=CC(=N1)C(=O)NC2=CC=C(C=C2)N3C=CC=N3,COCCn1nc(C(=O)Nc2ccc(-n3cccn3)cc2)ccc1=O,2.196935851561257,11,15,-0.048444755375385284,-0.021083934232592583,0.19514378905296326,0.02888174168765545,0.1256150994449854,-0.03937126696109772,0.08851698040962219,0.0361996591091156,0.15921787709497207
COC1=NC=C(C=C1)C(=O)N2CCC[C@@H](C2)OC3=NC=CN=C3C#N,COc1ccc(C(=O)N2CCC[C@H](Oc3nccnc3C#N)C2)cn1,3.0320793070960015,11,17,0.00683312863111496,0.0214427150785923,0.09710115194320679,-0.013389335945248604,0.12537699565291405,0.029977263882756233,0.0045729754492640495,-0.01971890963613987,0.19161676646706588
C1CC2=C(C1)NN=C2C(=O)NCCN3C4=CC=CC=C4NC(=O)C3=O,O=C(NCCn1c(=O)c(=O)[nH]c2ccccc21)c1n[nH]c2c1CCC2,2.5225031592535654,12,17,0.13624940812587738,0.026208262890577316,-0.037172071635723114,0.06993478536605835,0.12528559938073158,0.13597513735294342,0.06306998431682587,-0.03896690905094147,0.15056818181818182
C1C[C@H](N(C1)C(=O)CN2C=CC(=O)NC2=O)C3=NC4=CC=CC=C4N3,O=C(Cn1ccc(=O)[nH]c1=O)N1CCC[C@H]1c1nc2ccccc2[nH]1,2.8410639224806165,13,17,0.042679689824581146,0.05944942682981491,0.023048385977745056,0.0382784903049469,0.1251775026321411,0.09153200685977936,0.008526758290827274,0.00474452693015337,0.22611464968152867
CN1C=NC(=C1N(C)CC(=O)NC2=CC=CC3=CC=CC=C32)[N+](=O)[O-],CN(CC(=O)Nc1cccc2ccccc12)c1c([N+](=O)[O-])ncn1C,2.4246444229898287,12,17,0.05602339655160904,-0.13892732560634613,0.20793989300727844,0.07169350981712341,0.12503596395254135,-0.050660841166973114,0.19559329748153687,0.018491003662347794,0.22508038585209003
C1C[C@H](OC[C@H]1O)N2C=NC3=C(N=CN=C32)NC(=O)C4=CC=CC=C4,O=C(Nc1ncnc2c1ncn2[C@@H]1CC[C@H](O)CO1)c1ccccc1,3.1792300862310547,12,15,0.1249559074640274,0.02455991506576538,-0.024945251643657684,0.027733882889151573,0.1245705708861351,0.05464895814657211,0.11111621558666229,-0.05432730168104172,0.24471299093655588
CC1=C(OC=C1)C(=O)NC(C)C2=NN3C=NC4=C(C3=N2)C(=C(O4)C)C,Cc1ccoc1C(=O)NC(C)c1nc2c3c(C)c(C)oc3ncn2n1,3.47092507632677,9,17,0.07868912070989609,-0.05660618096590042,0.10234808921813965,0.05788793787360191,0.12443102896213531,-0.008038237690925598,0.15190957486629486,0.005933225154876709,0.18406593406593408
CC1=C(C=NN1C2=CC=CC=N2)C(=O)NCC(C3=CC=CC(=O)N3)O,Cc1c(C(=O)NCC(O)c2cccc(=O)[nH]2)cnn1-c1ccccn1,3.0720234295228694,14,17,0.198399618268013,0.08857723325490952,-0.16292789578437805,0.06422654539346695,0.12404895573854446,0.12055124342441559,0.09061180055141449,-0.02755705639719963,0.16272965879265092
CC1=NCCN1C2=NC(=C(C=C2)[N+](=O)[O-])NC3=CC=CC(=C3)C(=O)C,CC(=O)c1cccc(Nc2nc(N3CCN=C3C)ccc2[N+](=O)[O-])c1,2.6421477196931242,11,17,0.1386878490447998,-0.18800663948059082,0.1728552281856537,-0.006416834890842438,0.12353643774986267,0.0010959440842270851,0.1537417769432068,-0.1275201439857483,0.16147308781869688
CN1C2=C(C(=O)N(C1=O)CC#C)NC(=N2)C3=CN=C(C=C3)CCOC,C#CCn1c(=O)c2[nH]c(-c3ccc(CCOC)nc3)nc2n(C)c1=O,2.822090357055764,10,17,-0.018425848335027695,-0.044529251754283905,0.18623189628124237,-0.0007638703100383282,0.12327679619193077,-0.058730047196149826,0.054225578904151917,0.05193278566002846,0.32459016393442625
CC1CC(CC2=CC(=O)NN=C12)NC(=O)NC3=NOC4=CC=CC=C43,CC1CC(NC(=O)Nc2noc3ccccc23)Cc2cc(=O)[nH]nc21,3.712392204250021,13,17,0.3769705891609192,-0.06138000637292862,-0.19237473607063293,0.12770336866378784,0.12321584671735764,0.178733229637146,0.17748680710792542,-0.08752165734767914,0.1769436997319035
C1C[C@H](O[C@@H]1CO)N2C=NC3=C(N=CN=C32)NC(=O)C4=CC=CC=C4,O=C(Nc1ncnc2c1ncn2[C@@H]1CC[C@@H](CO)O1)c1ccccc1,3.1006294539865866,12,15,0.13521847128868103,0.043261557817459106,-0.05567753687500954,0.044683728367090225,0.1228024922311306,0.07147565484046936,0.10196401178836823,-0.033946990966796875,0.24397590361445784
C1CC1C2=NC(=C(O2)N3CCN(CC3)C(=O)C4=CC=CNC4=O)C#N,N#Cc1nc(C2CC2)oc1N1CCN(C(=O)c2ccc[nH]c2=O)CC1,2.6742228504778343,8,14,0.09106144309043884,0.02142072655260563,0.01028335839509964,0.10251346230506897,0.12276552803814411,0.06522435694932938,0.1138315498828888,0.04909712076187134,0.15789473684210525
CC1=NN=C(O1)C2=C(C=CC(=C2)NC3=NC=C(C=C3)C(=O)N(C)C)O,Cc1nnc(-c2cc(Nc3ccc(C(=O)N(C)C)cn3)ccc2O)o1,2.4466973900227966,10,16,-0.2080194056034088,0.19095063209533691,0.1394841969013214,0.027761325240135193,0.12241542339324951,-0.057456567883491516,-0.05665714293718338,0.2148957997560501,0.23353293413173654
CCC1=NN=C2N1CCN(C2)C(=O)C3=CC=C(NC3=O)C4=CC=CO4,CCc1nnc2n1CCN(C(=O)c1ccc(-c3ccco3)[nH]c1=O)C2,2.6816262361766423,11,17,0.0923856645822525,-0.006370579823851585,0.03638778626918793,0.01743350923061371,0.12240287102758884,0.04115495830774307,0.058206379413604736,-0.017453724518418312,0.22077922077922077
CC1=CC(=NN1)NC2=NC(=NC=C2)C(=O)C3=CC(=CC(=C3)OC)OC,COc1cc(OC)cc(C(=O)c2nccc(Nc3cc(C)[nH]n3)n2)c1,2.595543543868949,9,14,0.13157689571380615,-0.02474920265376568,0.015383243560791016,0.032200463116168976,0.12221093662083149,0.043857596814632416,0.08218386769294739,-0.013832639902830124,0.21768707482993196
COC1=C(C=C(C=C1)NC(=O)C2=C(N(N=N2)C3=CC=CC=C3)N)OC,COc1ccc(NC(=O)c2nnn(-c3ccccc3)c2N)cc1OC,1.981398365104054,10,15,0.15157824754714966,-0.046624571084976196,0.01710720732808113,0.04094456881284714,0.12206088379025459,0.036974288523197174,0.13321268558502197,-0.04810096323490143,0.1749271137026239
CCC1=NN(C2=C1C(=NCC(=N2)C(=NO)C(=O)O)C3=CC=CC=C3)C,CCc1nn(C)c2c1C(c1ccccc1)=NCC(C(=NO)C(=O)O)=N2,3.2132521152975215,9,15,0.000671793706715107,-0.05948764458298683,0.1805528700351715,0.04304061084985733,0.12173701915889978,-0.020650405436754227,0.09830217063426971,0.03491390123963356,0.12077294685990338
C1CN2C(CNC2=O)CN1C(=O)C3=CC(=CC=C3)OC4=NC=CN=C4,O=C(c1cccc(Oc2cnccn2)c1)N1CCN2C(=O)NCC2C1,2.969220692765127,13,17,0.12390203773975372,0.03279443085193634,-0.0351283885538578,0.08997359871864319,0.12156808003783226,0.09689772874116898,0.09507271647453308,0.020635290071368217,0.16333333333333333
C/C(=N\NC(=O)C1=CC(=C(C=C1)O)OC)/CN2C3=CC=CC=C3N=N2,COc1cc(C(=O)N/N=C(\C)Cn2nnc3ccccc32)ccc1O,2.288617216675018,12,17,0.14247871935367584,-0.051102012395858765,0.030175980180501938,0.04767335206270218,0.12155268713831902,0.03555511683225632,0.16392284631729126,-0.07373248040676117,0.18095238095238095
CCNC(=O)NC1=NC2=C(C=C(C=C2N1)C3=CN=CC=C3)C(=O)OC,CCNC(=O)Nc1nc2c(C(=O)OC)cc(-c3cccnc3)cc2[nH]1,2.454205515699936,12,17,0.2921788990497589,0.015772774815559387,-0.186416357755661,0.06508533656597137,0.12153531610965729,0.1561996042728424,0.08869339525699615,-0.06522024422883987,0.29225352112676056
CCNC(=O)NC1=NC=C(C(=C1)C#N)C2=CC(=CN=C2)C(=O)OCC,CCNC(=O)Nc1cc(C#N)c(-c2cncc(C(=O)OCC)c2)cn1,2.5197081592535664,11,17,0.2650511860847473,0.06468896567821503,-0.20853334665298462,0.09960898756980896,0.12120680510997772,0.1518571823835373,0.12687836587429047,-0.019930725917220116,0.23174603174603176
C1=CC(=C(N=C1)/C=C/C2=CC=C(C=C2)C(=O)O)OC/C=N\N=C(N)N,NC(N)=N/N=C\COc1cccnc1/C=C/c1ccc(C(=O)O)cc1,2.813466404107304,11,15,-0.06210038810968399,0.316359281539917,-0.13320094347000122,0.06780530512332916,0.12105794996023178,0.10019724071025848,-0.0475100576877594,0.1344444900751114,0.2179930795847751
C1CC(N(C1)C(=O)C2=NNC(=C2)C3=CC=CO3)C4=NC(=NO4)C5CC5,O=C(c1cc(-c2ccco2)[nH]n1)N1CCCC1c1nc(C2CC2)no1,3.1819905557788246,11,16,-0.08343914151191711,0.3153786361217499,-0.11093869060277939,0.016346022486686707,0.12100080400705338,0.07966146618127823,-0.10244874656200409,0.12021539360284805,0.15254237288135594
C1COCCC1OC2=NC=NC(=C2)OC3=CC=CC(=C3)N4C=CN=N4,c1cc(Oc2cc(OC3CCOCC3)ncn2)cc(-n2ccnn2)c1,2.7301724669458736,11,15,0.03289113938808441,0.07077449560165405,0.017159592360258102,0.03322545066475868,0.12082522734999657,0.04071138799190521,0.04172441363334656,0.028682425618171692,0.2236842105263158
C1CC1C2=CC(=NN2)NC(=O)CCN3C4=CC=CC=C4C(=O)NC3=O,O=C(CCn1c(=O)[nH]c(=O)c2ccccc21)Nc1cc(C2CC2)[nH]n1,2.4182562199252864,12,16,0.31596434116363525,-0.01958478055894375,-0.17584063112735748,0.08460675179958344,0.12053892947733402,0.13171257078647614,0.14183470606803894,-0.06605446338653564,0.2774390243902439
COC1=CC(=CC(=C1OC)OC)NC2=NC=CC(=N2)C3=NC=CN=C3,COc1cc(Nc2nccc(-c3cnccn3)n2)cc(OC)c1OC,2.298520466945874,9,14,0.10945303738117218,0.02239501103758812,-0.012147646397352219,0.05146098509430885,0.11970040202140808,0.06851186603307724,0.04163975268602371,0.03413473814725876,0.33739837398373984
CN1C=C(N=N1)CCN2C(=O)C=CC(=N2)C3=CC4=C(C=C3)OCCO4,Cn1cc(CCn2nc(-c3ccc4c(c3)OCCO4)ccc2=O)nn1,2.5410560833842304,11,17,-0.07835552841424942,-0.0058740973472595215,0.2038523554801941,-0.06472061574459076,0.11962272971868515,-0.07956967502832413,-0.008822544477880001,0.024053562432527542,0.2721518987341772
C1C[C@H](O[C@H]1CO)N2C=NC3=C(N=CN=C32)NC(=O)C4=CC=CC=C4,O=C(Nc1ncnc2c1ncn2[C@@H]1CC[C@H](CO)O1)c1ccccc1,3.1006294539865866,12,15,0.14360913634300232,0.03069719299674034,-0.05504056066274643,0.043628111481666565,0.11926576867699623,0.07016433775424957,0.10707207769155502,-0.04153946042060852,0.24397590361445784
CC1=CC=C(C=C1)C2=NC(=NO2)CN3CC4=C(CC3C(=O)O)N=CN4,Cc1ccc(-c2nc(CN3Cc4[nH]cnc4CC3C(=O)O)no2)cc1,3.139354307096001,10,15,-0.05803322419524193,0.1709659844636917,0.00519387423992157,0.00209750235080719,0.11812663450837135,0.05799104645848274,-0.0576532743871212,0.05092226713895798,0.2056338028169014
CC1=C(C(N2C(=NC=N2)N1)C3=CC=C(C=C3)C#N)C(=O)OCCOC,COCCOC(=O)C1=C(C)Nc2ncnn2C1c1ccc(C#N)cc1,3.2384307968034767,9,15,-0.21151837706565857,-0.08793921768665314,0.4169241189956665,-0.040285635739564896,0.1174665242433548,-0.18655207753181458,0.07720263302326202,0.08115983009338379,0.1815856777493606
COC1=CC=CC(=C1)N2C(=C3C(=N2)C(=NC=N3)NC4CC4)C(=O)OC,COC(=O)c1c2ncnc(NC3CC3)c2nn1-c1cccc(OC)c1,2.581935309849449,10,16,0.08916717767715454,-0.10146400332450867,0.12969987094402313,0.0740993469953537,0.117403045296669,0.02882097288966179,0.12582887709140778,0.0046828147023916245,0.23655913978494625
CC1=C2C(C3=C(NC2=NN1)N(C(=O)N(C3=O)C)C)C4=CC(=CC=C4)O,Cc1[nH]nc2c1C(c1cccc(O)c1)c1c(n(C)c(=O)n(C)c1=O)N2,3.4416151766612186,11,17,0.08968104422092438,-0.15455365180969238,0.18203365802764893,0.020856063812971115,0.11716105043888092,-0.017076997086405754,0.10555478185415268,-0.013489644974470139,0.22189349112426035
CN(C)CC1=NC2=CC=CC=C2C(=N1)NC3=C(C=CC(=C3)[N+](=O)[O-])O,CN(C)Cc1nc(Nc2cc([N+](=O)[O-])ccc2O)c2ccccc2n1,2.3326683790337857,11,16,-0.04605501890182495,-0.09240560233592987,0.25533851981163025,0.0646214634180069,0.11687789857387543,-0.02407730184495449,0.0942913368344307,0.05755862221121788,0.2097902097902098
CN(CCC1=NOC(=N1)C2CC2)C(=O)C3=NC4=CC=CC=C4NC3=O,CN(CCc1noc(C2CC2)n1)C(=O)c1nc2ccccc2[nH]c1=O,2.5731673791885594,10,16,0.09900284558534622,0.16238504648208618,-0.1451302021741867,0.1327180117368698,0.1162576898932457,0.13924579322338104,0.07177923619747162,0.06395111978054047,0.16022099447513813
CC(C)C1=CC(=NC=N1)NCC2=NOC(=N2)C3=CC4=C(C=C3)OCO4,CC(C)c1cc(NCc2noc(-c3ccc4c(c3)OCO4)n2)ncn1,2.608898443763577,10,16,0.0017355307936668396,0.27551957964897156,-0.161000058054924,0.03749696910381317,0.11625505238771439,0.0882154107093811,-0.07200305163860321,0.13236390054225922,0.31230283911671924
C1CN(CC1O)C(=O)C(C2=CC=CC=C2)N3C=NC4=C(C3=O)C=NN4,O=C(C(c1ccccc1)n1cnc2[nH]ncc2c1=O)N1CCC(O)C1,3.352599896557713,12,15,0.1645607054233551,0.0016582198441028595,-0.0510668009519577,0.07079488039016724,0.11515212431550026,0.11368042230606079,0.08528939634561539,-0.037425149232149124,0.2672672672672673
COC1=CC=CC(=C1OC)CN2C(=CC=N2)NC(=O)C3=NC=CN=C3,COc1cccc(Cn2nccc2NC(=O)c2cnccn2)c1OC,2.3108800823304882,12,17,0.20221064984798431,-0.03932177275419235,-0.04806094989180565,0.04528497904539108,0.11482792720198631,0.10567774623632431,0.10913734138011932,-0.08446180820465088,0.20527859237536658
CC1=C2C(C3=C(NC2=NN1)N(C(=O)N(C3=O)C)C)C4=CC=C(C=C4)O,Cc1[nH]nc2c1C(c1ccc(O)cc1)c1c(n(C)c(=O)n(C)c1=O)N2,3.402649290373593,9,15,0.0728878453373909,-0.15829575061798096,0.19959864020347595,0.02228666841983795,0.1141907349228859,-0.030050860717892647,0.10455331206321716,0.0011909380555152893,0.22255192878338279
CC1=NC2=CC=CC=C2N1CCNC(=O)NC3=CC(=CC=C3)[N+](=O)[O-],Cc1nc2ccccc2n1CCNC(=O)Nc1cccc([N+](=O)[O-])c1,2.054938993489751,13,17,0.13213291764259338,-0.05780462175607681,0.038878556340932846,0.04217740520834923,0.11320685222744942,0.01663602888584137,0.1387535035610199,-0.03569379821419716,0.17207792207792208
C1CN(CC1(CN2C=CN=N2)O)C(=O)C3=CC=C(C=C3)C4=CN=CO4,O=C(c1ccc(-c2cnco2)cc1)N1CCC(O)(Cn2ccnn2)C1,3.252869586337307,11,15,-0.006963592022657394,0.18569761514663696,-0.06559903919696808,-0.005333412438631058,0.11313498392701149,0.05988553911447525,-0.018992260098457336,0.01682852953672409,0.152
CC1=CC(=CC=C1)NC(=O)[C@@H](C)OC(=O)C2=NN3C(=CC=NC3=N2)C,Cc1cccc(NC(=O)[C@@H](C)OC(=O)c2nc3nccc(C)n3n2)c1,2.742043757645451,11,17,0.1818632185459137,-0.26461759209632874,0.19581592082977295,0.01700112596154213,0.11306154727935791,-0.033532459288835526,0.1928347647190094,-0.08807364106178284,0.22570532915360503
C1CN(CC1N2C(=O)CNC2=O)C(=O)C3=CC(=NN3)C4=CC=CC=C4,O=C(c1cc(-c2ccccc2)n[nH]1)N1CCC(N2C(=O)CNC2=O)C1,2.978998537865232,11,15,-0.0677839070558548,0.13198032975196838,0.04878557473421097,0.06361996382474899,0.11298199743032455,0.080135777592659,-0.004187023267149925,0.057212866842746735,0.18518518518518517
C1CN(CCC1N2C3=C(C=N2)C(=NC=N3)OC4=CC=CC=C4)C(=O)O,O=C(O)N1CCC(n2ncc3c(Oc4ccccc4)ncnc32)CC1,2.3867625112029867,9,13,-0.06380245089530945,0.08590760827064514,0.09071557223796844,0.09491031616926193,0.11282072961330414,0.07845662534236908,0.0013944245874881744,0.10293412208557129,0.2329192546583851
C=CCN(CC1=NC(=NO1)C2=CC=CC=C2)C(=O)C3=NNC(=O)CC3,C=CCN(Cc1nc(-c2ccccc2)no1)C(=O)C1=NNC(=O)CC1,2.64404354386895,10,15,0.040982455015182495,0.274003803730011,-0.20267026126384735,0.09957799315452576,0.11231599748134613,0.16316524147987366,-0.004369067028164864,0.069989413022995,0.19941348973607037
CCC1=NC(=NO1)C2=CC3=C(C=C2)[C@@H](CC3)NC(=O)C4=NON=C4C,CCc1nc(-c2ccc3c(c2)CC[C@H]3NC(=O)c2nonc2C)no1,3.0693254609421547,10,17,-0.03180582448840141,0.33953529596328735,-0.19565215706825256,0.04254782199859619,0.11207731440663338,0.12055501341819763,-0.09948134422302246,0.12844157218933105,0.1871508379888268
CN1C=CC(=N1)C2=NOC(=N2)C3=CC4=C(N=C3)OC5(CCC5)C(C4)O,Cn1ccc(-c2noc(-c3cnc4c(c3)CC(O)C3(CCC3)O4)n2)n1,4.092143916476899,10,16,0.04596012458205223,-0.13624969124794006,0.20228077471256256,-0.04434935003519058,0.11199120804667473,-0.07678740471601486,0.058635320514440536,-0.0063791219145059586,0.24739583333333334
CC1=C(NC(=C1C(=O)OC)C)C(=O)CN2N=C(N=N2)C3=CC=CC=C3,COC(=O)c1c(C)[nH]c(C(=O)Cn2nnc(-c3ccccc3)n2)c1C,2.324942225187632,8,15,-0.057099297642707825,0.1366749107837677,0.03230384737253189,-0.0036434088833630085,0.11187946051359177,0.029162753373384476,-0.023442044854164124,0.03567644953727722,0.18421052631578946
CCOC(=O)NCC1=NC=CC(=C1)C(=O)NC2=CC3=C(C=C2)N=CN3,CCOC(=O)NCc1cc(C(=O)Nc2ccc3nc[nH]c3c2)ccn1,2.30032431309972,13,17,0.09231369197368622,0.1029043197631836,-0.0835890918970108,0.06860597431659698,0.11162891983985901,0.07777836918830872,0.05194742605090141,0.051045820116996765,0.18092105263157895
CN1CCC2=C(C1=O)C=C(C=C2)N3CCC4=C(C3=O)NN=C4C(=O)N,CN1CCc2ccc(N3CCc4c(C(N)=O)n[nH]c4C3=O)cc2C1=O,2.8135690383744443,10,17,-0.18283133208751678,0.2942977547645569,-0.00034931302070617676,0.05287117511034012,0.11111710965633392,0.10030725598335266,-0.1485719382762909,0.1767207533121109,0.12573099415204678
CC(C1=CC(=CC=C1)NC(=O)O)C2=NN(C=CC2=O)C3=CN(N=C3)C,CC(c1cccc(NC(=O)O)c1)c1nn(-c2cnn(C)c2)ccc1=O,3.150103757645452,13,17,0.04637061432003975,-0.04370611906051636,0.10814591497182846,0.04101930558681488,0.11081041023135185,-0.012701230123639107,0.08696329593658447,0.040765032172203064,0.15819209039548024
COC1=CC=C(C=C1)NCC(=O)NNC(=O)C2=NNC3=CC=CC=C32,COc1ccc(NCC(=O)NNC(=O)c2n[nH]c3ccccc23)cc1,2.0678396977151046,12,15,0.013398595154285431,0.1391841024160385,-0.04178806021809578,0.07095431536436081,0.11079463735222816,0.09165962785482407,0.014275474473834038,0.06194069981575012,0.2185430463576159
CC1=CC=C(C=C1)NC(=O)C(C)OC(=O)C2=NN3C(=CC=NC3=N2)C,Cc1ccc(NC(=O)C(C)OC(=O)c2nc3nccc(C)n3n2)cc1,2.6948461752278696,9,15,0.10381932556629181,-0.21531127393245697,0.22213850915431976,0.025340238586068153,0.1106465607881546,-0.051000580191612244,0.1654735654592514,-0.033696483820676804,0.22641509433962265
C1CC(=O)NN=C1C(=O)N2CCN(CC2)C(=O)C3=CC=CC(=C3)C#N,N#Cc1cccc(C(=O)N2CCN(C(=O)C3=NNC(=O)CC3)CC2)c1,2.402859686880868,9,15,-0.13059821724891663,0.1963518261909485,0.04477228596806526,0.041305650025606155,0.11052589491009712,0.02777506783604622,-0.03670851141214371,0.12126649916172028,0.1
COC1=CC=CC2=C1OCCCN(C2)C(=O)C3=NN4C=CC=NC4=N3,COc1cccc2c1OCCCN(C(=O)c1nc3ncccn3n1)C2,2.6320898030891833,11,17,-0.073950856924057,0.03413498401641846,0.15034008026123047,-0.04892772063612938,0.11052420735359192,-0.021844718605279922,-0.054244253784418106,0.02757607027888298,0.27666666666666667
C1CCN(C1)C2=CC=C(C=C2)NC(=O)CN3C=C(C(=O)NC3=O)C#N,N#Cc1cn(CC(=O)Nc2ccc(N3CCCC3)cc2)c(=O)[nH]c1=O,2.2257712795135873,8,13,-0.06582936644554138,-0.1386319100856781,0.31498098373413086,0.015112578868865967,0.11051970720291138,-0.07900384068489075,0.10605248808860779,0.019206266850233078,0.26158940397350994
CN1C(=O)N2C=CC(=CC2=N1)N(CC3CC3)C4=NC=C(C=C4)C(=O)O,Cn1nc2cc(N(CC3CC3)c3ccc(C(=O)O)cn3)ccn2c1=O,2.9585580493634556,11,16,-0.005831925198435783,-0.029634790495038033,0.14504452049732208,0.05182553455233574,0.10957780480384827,-0.033181335777044296,0.08558664470911026,0.07712843269109726,0.2334293948126801
CN1C=CC=C1C2=NNC(=C2)C(=O)NN=CC3=C(C(=CC=C3)OC)O,COc1cccc(C=NNC(=O)c2cc(-c3cccn3C)n[nH]2)c1O,2.606084172254649,13,17,0.16432957351207733,0.00829246174544096,-0.06369475275278091,0.019070766866207123,0.10892728250473738,0.06471698731184006,0.08486555516719818,-0.061163175851106644,0.23511904761904762
C[C@H]([C@@H](C(=O)NO)NC(=O)C1=CC=C(C=C1)C#CC2=CN=CN=C2)N,C[C@@H](N)[C@H](NC(=O)c1ccc(C#Cc2cncnc2)cc1)C(=O)NO,3.3223239624917795,11,14,0.15272733569145203,0.027749640867114067,-0.07182849943637848,0.06587732583284378,0.10864847712218761,0.0407743938267231,0.10846847295761108,0.04397072270512581,0.16610169491525423
C1CC1C(C2=CC3=CC=CC=C3O2)NC(=O)C4=CN(N=N4)CC(=O)N,NC(=O)Cn1cc(C(=O)NC(c2cc3ccccc3o2)C2CC2)nn1,3.0534364306062933,12,16,0.058680661022663116,0.07131436467170715,-0.021648600697517395,0.11325245350599289,0.10834642499685287,0.07379215955734253,0.10515887290239334,0.061455078423023224,0.12694300518134716
CCOC1=C(C=CC(=C1)/C=N/NC(=O)CN2C3=CC=CC=C3N=N2)O,CCOc1cc(/C=N/NC(=O)Cn2nnc3ccccc32)ccc1O,2.223135851561258,13,17,0.10600630939006805,-0.06866340339183807,0.07093140482902527,0.059707485139369965,0.10827431082725525,0.012819557450711727,0.1561262607574463,-0.02599468268454075,0.20860927152317882
COC1=CC=C(C=C1)C2=C(C(=NC(=C2C#N)N(CCO)CO)N)C#N,COc1ccc(-c2c(C#N)c(N)nc(N(CO)CCO)c2C#N)cc1,2.737731503735171,9,15,-0.04300253093242645,-0.22743086516857147,0.37808820605278015,-0.05155095458030701,0.10765480995178223,-0.15022782981395721,0.0951530784368515,-0.027615614235401154,0.2852233676975945
C1=CC=C(C(=C1)NC(=O)CCCNC(=O)C2=CC=CO2)N3C=NC=N3,O=C(CCCNC(=O)c1ccco1)Nc1ccccc1-n1cncn1,2.1721281592535657,14,17,0.0992693156003952,0.0343816839158535,-0.026791928336024284,0.04235755279660225,0.10685907118022442,0.03274673968553543,0.11069195717573166,-0.007974023930728436,0.15056818181818182
CN(C)C(=O)NCC1=NC=CC(=C1)C(=O)NC2=CC3=C(C=C2)OC=N3,CN(C)C(=O)NCc1cc(C(=O)Nc2ccc3ocnc3c2)ccn1,2.4864943564366637,11,16,0.07812542468309402,0.05242496728897095,-0.023710258305072784,0.10475952923297882,0.10684013366699219,0.04719352722167969,0.11227898299694061,0.07485458254814148,0.13230769230769232
CN1C=CC(=N1)C2=NOC(=N2)C3=CC4=C(N=C3)OC5(CCC5)[C@H](C4)O,Cn1ccc(-c2noc(-c3cnc4c(c3)C[C@H](O)C3(CCC3)O4)n2)n1,4.092143916476899,10,16,0.028536180034279823,-0.1275753527879715,0.20570921897888184,-0.046194739639759064,0.10667004622519016,-0.07925304770469666,0.0458841510117054,0.00202256441116333,0.24739583333333334
COC(=O)[C@@H]1CC[C@@H](C1)C(=O)NC2=CC=CC=C2N3C=NC(=N3)C#N,COC(=O)[C@@H]1CC[C@H](C(=O)Nc2ccccc2-n2cnc(C#N)n2)C1,3.219408509775482,12,17,0.03236527740955353,-0.10270720720291138,0.1765335202217102,0.047222550958395004,0.10619159042835236,0.006006866693496704,0.10367950797080994,-0.008783746510744095,0.17522658610271905
CC1=CC(=NO1)NC(=O)CN(C)C(=O)C2=CC=C(C=C2)N3C=CN=C3,Cc1cc(NC(=O)CN(C)C(=O)c2ccc(-n3ccnc3)cc2)no1,2.3078380184084963,10,15,-0.1037023589015007,0.22279644012451172,-0.013107769191265106,0.040013208985328674,0.10598631203174591,0.005675025284290314,-0.007680442184209824,0.14161160588264465,0.1844380403458213
CN1C=CC=C1C2C[C@@H]2C3=CC(=NN=C3OC)C4=CNC(=O)NC4=O,COc1nnc(-c2c[nH]c(=O)[nH]c2=O)cc1[C@H]1CC1c1cccn1C,3.9113417708805738,12,17,0.12192066758871078,-0.09768921136856079,0.08119551092386246,0.018632471561431885,0.10542696714401245,0.01025425735861063,0.10299525409936905,-0.0408446341753006,0.2631578947368421
C1=CC=C2C(=C1)N=C3C(=CC(C(=O)C3=N2)C(=O)[C@H](CCC(=O)N)N)N,NC(=O)CC[C@H](N)C(=O)C1C=C(N)c2nc3ccccc3nc2C1=O,3.7118759835142345,12,17,0.22327250242233276,0.1371927261352539,-0.25505614280700684,0.10130976885557175,0.10540908575057983,0.21173793077468872,0.08721938729286194,-0.08178091049194336,0.14244186046511628
CC1=NN(C=C1CNC(=O)C2=CC(=NN2)C3=CC4=C(C=C3)OCO4)C,Cc1nn(C)cc1CNC(=O)c1cc(-c2ccc3c(c2)OCO3)n[nH]1,2.4785281592535657,11,17,0.05904616788029671,-0.14753219485282898,0.19384023547172546,-0.08598992228507996,0.10535420849919319,-0.099876768887043,0.037281159311532974,-0.03092777170240879,0.24050632911392406
CCOC1=C(C=C(C=C1)/C(=N\NC2=NC3=CC=CC=C3N2)/C)[N+](=O)[O-],CCOc1ccc(/C(C)=N\Nc2nc3ccccc3[nH]2)cc1[N+](=O)[O-],2.328704757303404,12,17,0.008835254237055779,-0.17341646552085876,0.2697255611419678,-0.021658260375261307,0.10514434985816479,-0.10343925654888153,0.11059197783470154,0.0010002469643950462,0.24067796610169492
C1CCC2(CC1)OC3=C(O2)C=C(C=C3)NC(=O)CN4C=NN=C4C#N,N#Cc1nncn1CC(=O)Nc1ccc2c(c1)OC1(CCCCC1)O2,3.181159786548056,9,15,-0.33134758472442627,-0.06695328652858734,0.5031852126121521,-0.09837377071380615,0.10488434135913849,-0.2440231591463089,-0.04369494691491127,0.123716801404953,0.2532467532467532
COC1=C(C=CC(=C1)/C=N/NC(=O)CCN2C3=CC=CC=C3N=N2)O,COc1cc(/C=N/NC(=O)CCn2nnc3ccccc32)ccc1O,2.226628159253565,13,17,0.07459677755832672,0.15481704473495483,-0.1245330423116684,0.04471743106842041,0.10488077998161316,0.08006658405065536,0.049098625779151917,0.0186186321079731,0.19801980198019803
C1COC2=C(O1)C=CC(=C2)C(=O)C3=CC=C(C=C3)N=C(N)N=C(N)N,NC(N)=NC(N)=Nc1ccc(C(=O)c2ccc3c(c2)OCCO3)cc1,2.4939771300011273,9,15,0.03955373167991638,-0.012516818940639496,0.07784311473369598,-0.011324364691972733,0.10488002747297287,0.004028353840112686,0.0551830418407917,-0.036487430334091187,0.21052631578947367
C1=CC=C(C=C1)C2=CC(=CC=C2)NC(=O)CCN3C=NC(=N3)N(O)O,O=C(CCn1cnc(N(O)O)n1)Nc1cccc(-c2ccccc2)c1,2.48361277463818,12,15,-0.05942657217383385,0.021485673263669014,0.14267994463443756,0.09144575148820877,0.10473904572427273,0.015020482242107391,0.0817447155714035,0.07850288599729538,0.2491349480968858
CC(C)C(C1=NC(=NO1)C2=CC=NC=C2)NC3=CC=CC=C3[N+](=O)[O-],CC(C)C(Nc1ccccc1[N+](=O)[O-])c1nc(-c2ccncc2)no1,2.8433181207471385,10,14,0.03949667513370514,0.0784112811088562,-0.01325685903429985,0.044796817004680634,0.10465109720826149,0.031126920133829117,0.05725611746311188,0.04450519382953644,0.22289156626506024
CNCC(=O)NC1=CN=C2C=CC(=NC2=N1)C3=CC(=C(C=C3)O)OC,CNCC(=O)Nc1cnc2ccc(-c3ccc(O)c(OC)c3)nc2n1,2.4543868808136953,12,17,0.0543222650885582,0.12830740213394165,-0.07802886515855789,0.05114889144897461,0.10460080206394196,0.08051125705242157,0.051401861011981964,0.008260000497102737,0.4801587301587302
C1C[C@@H](O[C@H]1CO)N2C=NC3=C(N=CN=C32)NC(=O)C4=CC=CC=C4,O=C(Nc1ncnc2c1ncn2[C@H]1CC[C@H](CO)O1)c1ccccc1,3.1006294539865866,12,15,0.13891662657260895,0.019796723499894142,-0.05423897132277489,0.03761633485555649,0.1044743787497282,0.0626666396856308,0.10450360178947449,-0.04859966039657593,0.24397590361445784
C1COC(CN1C(=O)COC2=CC=CC3=CC=CC=C32)C4=NNN=N4,O=C(COc1cccc2ccccc12)N1CCOC(c2nn[nH]n2)C1,2.889619379861074,13,17,-0.11217567324638367,0.10791778564453125,0.1080857664346695,-0.014662668108940125,0.10382787883281708,0.005780104547739029,-0.07502447068691254,0.07108396291732788,0.20921985815602837
C1COCC1N2C=C(C=N2)NC(=O)CN3C=NC4=CC=CC=C4C3=O,O=C(Cn1cnc2ccccc2c1=O)Nc1cnn(C2CCOC2)c1,2.866836920373135,13,17,0.04916111379861832,0.18263369798660278,-0.12799155712127686,0.034697454422712326,0.10380325466394424,0.1083173081278801,0.010760967619717121,0.0037374268285930157,0.2866043613707165
CN1C(=O)C=CC(=N1)C(=O)N2CCC(CC2)OC3=NC=C(C=C3)C#N,Cn1nc(C(=O)N2CCC(Oc3ccc(C#N)cn3)CC2)ccc1=O,2.5158365016154303,9,15,-0.06181459128856659,-0.018220465630292892,0.18377408385276794,-0.0440220907330513,0.10373902693390846,-0.07150848954916,0.0027510104700922966,0.03281509131193161,0.21714285714285714
CC1=C(NC(=C1CCC(=O)O)C)/C=C/2\C(=NNC2=O)C3=NC=CN=C3,Cc1[nH]c(/C=C2/C(=O)NN=C2c2cnccn2)c(C)c1CCC(=O)O,3.05776376364917,11,17,0.06559513509273529,0.018269920721650124,0.019317682832479477,0.0190235897898674,0.10318273864686489,0.017357349395751953,0.05072195827960968,0.018758421763777733,0.13866666666666666
COC1=CC=CC=C1N=C(C2=NON=C2N)NOCC3=CC=CC=C3,COc1ccccc1N=C(NOCc1ccccc1)c1nonc1N,2.629720783068107,11,15,0.23657235503196716,-0.1384316235780716,0.004401657730340958,0.04563317075371742,0.10254238918423653,0.044675081968307495,0.17857475578784943,-0.09579785168170929,0.14697406340057637
C1CCN(C1)C2=C(C=C(C=C2)C=NNC(=O)C3=CN=CC=C3)[N+](=O)[O-],O=C(NN=Cc1ccc(N2CCCC2)c([N+](=O)[O-])c1)c1cccnc1,2.201733928484334,11,15,-0.049107201397418976,-0.056492432951927185,0.20745038986206055,0.01148038636893034,0.10185075551271439,-0.029846912249922752,0.06303651630878448,-0.0006553446874022484,0.14506172839506173
C1CC1C#N.C1COC(=O)N1C2=CC(=C3C=NC(=CC3=C2)NC=O)N,N#CC1CC1.Nc1cc(N2CCOC2=O)cc2cc(NC=O)ncc12,3.1252855218909286,11,16,0.005075199529528618,-0.09147285670042038,0.18811097741127014,0.01630159094929695,0.10171332024037838,-0.0608479343354702,0.09778894484043121,0.02776585891842842,0.22525597269624573
C1C[C@H]2CN(C1)C3=C(N2C(=O)NC4=CC=CC=N4)N=C(C=C3)C(=O)O,O=C(O)c1ccc2c(n1)N(C(=O)Nc1ccccn1)[C@H]1CCCN2C1,4.014017787708014,13,17,0.07659529149532318,0.11061245203018188,-0.08555475622415543,0.04587710648775101,0.10165298730134964,0.1284118890762329,0.007995372638106346,-0.01601812243461609,0.1933534743202417
CC1=NC=CN1C2=NN=C(C=C2)C(=O)NC3=CC(=CC(=C3)OC)OC,COc1cc(NC(=O)c2ccc(-n3ccnc3C)nn2)cc(OC)c1,2.325806815808278,9,14,-0.08708862960338593,0.13403472304344177,0.054673437029123306,0.030394453555345535,0.10161953046917915,-0.01376788504421711,0.03328081592917442,0.08301956206560135,0.19584569732937684
C[C@H]1C(=O)N(CC2=NN=C(N12)C3=CN=CO3)CC4=CC=C(C=C4)OC,COc1ccc(CN2Cc3nnc(-c4cnco4)n3[C@@H](C)C2=O)cc1,3.2572639224806164,9,15,-0.01626328006386757,-0.10382609069347382,0.2215348482131958,0.03315922990441322,0.10144547745585442,-0.04378686100244522,0.08933744579553604,0.025089068338274956,0.23138297872340424
CC(C(=O)O)NC(=O)C1=CC2=C(C=C1)NC(=C2)C3=NC(=NC=C3)NC,CNc1nccc(-c2cc3cc(C(=O)NC(C)C(=O)O)ccc3[nH]2)n1,2.8558354059971,13,17,0.31984612345695496,0.027234576642513275,-0.2458254098892212,0.09206124395132065,0.10125529021024704,0.15268757939338684,0.1209176629781723,-0.04500530660152435,0.34532374100719426
CC1=C(C(=NC2=NC=NN12)C)CC(=O)NCC3=CC4=C(C=C3)OCO4,Cc1nc2ncnn2c(C)c1CC(=O)NCc1ccc2c(c1)OCO2,2.406222390022796,10,17,0.02013719454407692,0.05977782607078552,0.021235933527350426,-0.027037274092435837,0.10115095414221287,-0.023094847798347473,-0.005663391202688217,0.048327118158340454,0.25666666666666665
COC1=C(C=C(C=C1)CNC(=O)C2=CC(=CC=C2)N3C=NN=N3)OC,COc1ccc(CNC(=O)c2cccc(-n3cnnn3)c2)cc1OC,1.997910851561258,12,17,-0.08621490001678467,0.2595396637916565,-0.07287570834159851,-0.014445295557379723,0.10044905543327332,0.05805230513215065,-0.07607638090848923,0.055008649826049805,0.176056338028169
CC1=NOC(=N1)C2(CCN(C2)C(=O)C3=CC(=CC=C3)N4C=CN=C4)O,Cc1noc(C2(O)CCN(C(=O)c3cccc(-n4ccnc4)c3)C2)n1,3.2165331532498476,12,17,0.05990973860025406,0.09630805253982544,-0.05634180083870888,0.01506110280752182,0.09987599030137062,0.053361039608716965,0.05901365727186203,-0.02838270179927349,0.12315270935960591
C1COCCOC2=C(C=CC(=C2)C3=C4N=C(N1)C=CN4N=C3)C(=O)N,NC(=O)c1ccc2cc1OCCOCCNc1ccn3ncc-2c3n1,4.44513932890583,12,17,-0.031954992562532425,-0.021346574649214745,0.15289051830768585,-0.06562779098749161,0.09958895109593868,-0.09071352332830429,0.038288526237010956,-0.0015157423913478851,0.3488372093023256
CN1C=C(C(=O)NC1=O)C(=O)N(C)CC2=CC=C(C=C2)N3C=CC=N3,CN(Cc1ccc(-n2cccn2)cc1)C(=O)c1cn(C)c(=O)[nH]c1=O,2.432958049363455,10,15,-0.02135627344250679,-0.1456749141216278,0.2665587067604065,0.03843007609248161,0.0995275191962719,-0.06438790261745453,0.10087232291698456,0.04750917851924896,0.19938650306748465
COC1=CC=C(C=C1)NC(=O)C2=NN(N=C2N)C3=CC=C(C=C3)OC,COc1ccc(NC(=O)c2nn(-c3ccc(OC)cc3)nc2N)cc1,2.1129056240422983,8,13,0.036754801869392395,0.0023474283516407013,0.060287293046712875,0.0559513196349144,0.09938952326774597,0.010800110176205635,0.0543072447180748,0.07426364719867706,0.17391304347826086
CC1=CC(=CC=C1)NC(=O)C(C)OC(=O)C2=NN3C(=CC=NC3=N2)C,Cc1cccc(NC(=O)C(C)OC(=O)c2nc3nccc(C)n3n2)c1,2.742043757645451,11,17,0.1711479127407074,-0.26578277349472046,0.19386698305606842,0.01992151141166687,0.09923212230205536,-0.03694252297282219,0.1908000409603119,-0.08458109945058823,0.22570532915360503
CC1=NC2=C(C=CC=C2N1)C(=O)N3CCN4C(=CC(=N4)C(=O)OC)C3,COC(=O)c1cc2n(n1)CCN(C(=O)c1cccc3[nH]c(C)nc13)C2,2.6560785384518315,10,17,0.0464768260717392,-0.10960409790277481,0.16226640343666077,0.00526801124215126,0.09913913160562515,-0.009873460978269577,0.07561102509498596,-0.03699629753828049,0.14324324324324325
CC1=CC(=C(C=C1)OC)NC(=O)C2=CC(=C(C=C2)N3C=NN=N3)OC,COc1ccc(C)cc1NC(=O)c1ccc(-n2cnnn2)c(OC)c1,2.066310391106219,11,17,-0.15544533729553223,0.09988196194171906,0.1546277403831482,-0.06363725662231445,0.09906436502933502,-0.06850838661193848,-0.038325853645801544,0.044074561446905136,0.17363344051446947
COC1=NC=NC2=C1C=C(C=C2)N3CCN(CC3)C(=O)C4=CC=NO4,COc1ncnc2ccc(N3CCN(C(=O)c4ccno4)CC3)cc12,2.479924365786758,9,15,-0.14230608940124512,-0.016731934621930122,0.2575695216655731,0.022513657808303833,0.09853149764239788,-0.04834691062569618,-0.00859476625919342,0.08587753027677536,0.21194029850746268
CC1=CC(=NC2=NC(=NN12)C(=O)NC[C@@H]3COC4=CC=CC=C4O3)C,Cc1cc(C)n2nc(C(=O)NC[C@@H]3COc4ccccc4O3)nc2n1,2.9210850763267704,11,17,0.2241222858428955,-0.14489591121673584,0.019075259566307068,0.013108261860907078,0.09830163419246674,0.017543446272611618,0.15490072965621948,-0.10803119838237762,0.27181208053691275
C1CN([C@H]2[C@]13N(CCO3)C(=O)C2)C(=O)C4=CC(=NN4)C5=CC=CC=N5,O=C(c1cc(-c2ccccn2)n[nH]1)N1CC[C@@]23OCCN2C(=O)C[C@@H]13,4.367518194031339,12,17,-0.10322877764701843,0.16934284567832947,0.03215371444821358,-0.009936060756444931,0.09826778247952461,0.02403213083744049,-0.09783999621868134,0.09758228063583374,0.19137466307277629
CC1=CC(=CC(=C1)OC2=NC=NC(=C2[N+](=O)[O-])N3C(=CC(=N3)C)C)C,Cc1cc(C)cc(Oc2ncnc(-n3nc(C)cc3C)c2[N+](=O)[O-])c1,2.5374358515612574,7,14,0.07739682495594025,-0.024822095409035683,0.04549451172351837,0.07252615690231323,0.09806924127042294,0.046758413314819336,0.10573368519544601,-0.00036646798253059387,0.15384615384615385
COC1=C(C=C(C=C1)CC(=O)NC2=CN=C(C=C2)N3C=NN=C3)OC,COc1ccc(CC(=O)Nc2ccc(-n3cnnc3)nc2)cc1OC,2.249795466945873,11,16,-0.01270870678126812,0.10239920765161514,0.007830499671399593,0.015599636361002922,0.09752100054174662,0.019593778997659683,0.02641163021326065,0.028748752549290657,0.24916943521594684
CCN(CC)C1=C(C=C(C=C1)C2=NC(=NO2)C3=CC=NC=C3)[N+](=O)[O-],CCN(CC)c1ccc(-c2nc(-c3ccncc3)no2)cc1[N+](=O)[O-],2.4108261007486895,7,13,-0.028019879013299942,0.06020018830895424,0.06533756852149963,0.01733524352312088,0.09751787781715393,-0.027994010597467422,0.017485955730080605,0.09184563905000687,0.24749163879598662
C1=CC(=O)N(C=C1)CCCC(=O)NC2=CC3=C(C=C2)NN=C3C(=O)N,NC(=O)c1n[nH]c2ccc(NC(=O)CCCn3ccccc3=O)cc12,2.352672254594843,13,17,-0.0025945641100406647,0.1772925853729248,-0.077299103140831,0.04426257312297821,0.09739891812205315,0.08164668083190918,-0.011342193931341171,0.0531841516494751,0.221875
CCN1N=C(C(=N1)C(=O)COC(=O)C2=CC(=NN2)C3=CC=CC=C3)C,CCn1nc(C)c(C(=O)COC(=O)c2cc(-c3ccccc3)n[nH]2)n1,2.675077021658767,9,15,0.14531588554382324,-0.20458410680294037,0.15652281045913696,0.012370191514492035,0.09725458920001984,-0.020970536395907402,0.14783255755901337,-0.07595118880271912,0.18289085545722714
CC1=CN=C(C(=C1OC)C)CN2C=NC(=N2)C3=CC(=CC=C3)[N+](=O)[O-],COc1c(C)cnc(Cn2cnc(-c3cccc([N+](=O)[O-])c3)n2)c1C,2.542269477934884,10,17,-0.04896153509616852,0.12332653999328613,0.022453119978308678,0.0012857485562562943,0.09681812487542629,0.020284229889512062,-0.00835697166621685,0.030632879585027695,0.2826086956521739
C#CC1(NN1)CNC2=CC=CC3=C2CN(C3=O)C4CCC(=O)NC4=O,C#CC1(CNc2cccc3c2CN(C2CCC(=O)NC2=O)C3=O)NN1,3.8420593620410557,12,17,0.08617451786994934,0.19920682907104492,-0.18886125087738037,0.011216716840863228,0.09652009606361389,0.13174088299274445,-0.03879747912287712,-0.010022278875112534,0.11918604651162791
COC1=C(C=C(C=C1)CC(=O)NC2=CC(=CC=C2)N3C=NN=N3)OC,COc1ccc(CC(=O)Nc2cccc(-n3cnnn3)c2)cc1OC,2.0256512361766426,12,17,0.014018319547176361,0.08392521739006042,-0.0016146497800946236,0.00882609561085701,0.09632888715714216,0.03432025760412216,0.031171174719929695,-0.00449929665774107,0.2150170648464164
CC1=CC(=NC2=NC(=NN12)C(=O)NC[C@H]3COC4=CC=CC=C4O3)C,Cc1cc(C)n2nc(C(=O)NC[C@H]3COc4ccccc4O3)nc2n1,2.9210850763267704,11,17,0.2144097089767456,-0.1325978934764862,0.014388998970389366,0.014416462741792202,0.09620081447064877,0.019895734265446663,0.14850473403930664,-0.10266326367855072,0.27181208053691275
COC1=CC(=C(C=C1)NC(=O)C2=C(N(N=N2)C3=CC=CC=C3)N)OC,COc1ccc(NC(=O)c2nnn(-c3ccccc3)c2N)c(OC)c1,2.0188063824388305,10,15,0.13733361661434174,-0.0849941223859787,0.043474309146404266,0.02082783728837967,0.0958138033747673,-0.008008822798728943,0.12487000972032547,-0.03629940003156662,0.16714697406340057
CCOC1(C(=NNC(=N[N+](=O)[O-])N1)C2=CC=CC=C2)C3=CC=CC=C3,CCOC1(c2ccccc2)NC(=N[N+](=O)[O-])NN=C1c1ccccc1,3.6132619994036927,10,13,0.19391466677188873,-0.35689491033554077,0.2587496340274811,0.043101053684949875,0.09576939046382904,-0.07289046049118042,0.26387280225753784,-0.1031198501586914,0.09523809523809523
CC(C(=O)NC1=CC=CC(=C1)CN2C=CC=N2)N3C(=CC=N3)C(=O)O,CC(C(=O)Nc1cccc(Cn2cccn2)c1)n1nccc1C(=O)O,2.763377058991992,14,17,0.1198047548532486,-0.07294411957263947,0.04863092303276062,0.0757642313838005,0.09549155831336975,0.02690272405743599,0.14437563717365265,-0.004529967904090881,0.1529745042492918
CC1=CC(=CC=C1)NC2=C(C(=NN2)N=CC3=CC=C(O3)CO)C(=O)N,Cc1cccc(Nc2[nH]nc(N=Cc3ccc(CO)o3)c2C(N)=O)c1,2.9887645622871517,13,17,-0.023014787584543228,0.11029260605573654,0.008087839931249619,0.019017819315195084,0.09536565840244293,0.03650559112429619,-0.037273257970809937,0.07738519459962845,0.09887005649717515
C1=CN=CC=C1CC2C(=NOC2(C(=O)N)C(=O)N)CC3=CC=NC=C3,NC(=O)C1(C(N)=O)ON=C(Cc2ccncc2)C1Cc1ccncc1,3.6300370806604647,8,12,-0.025115661323070526,0.12408412247896194,-0.0038109496235847473,0.07384514808654785,0.09515751153230667,0.05241304263472557,-0.004949397407472134,0.12215948849916458,0.15309446254071662
COC1=CC=C(C=C1)C2=NN3C(=C2)C(=O)NN=C3CC(=O)NCC=C,C=CCNC(=O)Cc1n[nH]c(=O)c2cc(-c3ccc(OC)cc3)nn12,2.532414833143056,10,15,0.07587133347988129,-0.056122902780771255,0.07527818530797958,-0.006086371839046478,0.09502661600708961,-0.029221512377262115,0.07148569077253342,-0.0025077033787965775,0.33114754098360655
CN1C=C(C(=O)NC1=O)C(=O)NCCC2=CN(N=C2)C3=CC=CC=C3,Cn1cc(C(=O)NCCc2cnn(-c3ccccc3)c2)c(=O)[nH]c1=O,2.35130519067285,11,15,0.06930860877037048,0.03435137867927551,-0.008665605448186398,0.06016203761100769,0.0949943820014596,0.03740043193101883,0.04514208436012268,0.0686909630894661,0.20359281437125748
COC1=NC=NC=C1NC(=O)N(CC2=CN=CC=C2)CC3=CC=CO3,COc1ncncc1NC(=O)N(Cc1cccnc1)Cc1ccco1,2.4598227851755894,13,17,-0.07677626609802246,0.023989593610167503,0.14777962863445282,0.03980523720383644,0.09499295614659786,-0.008993752300739288,0.02228047139942646,0.071448914706707,0.2006269592476489
CC1=NC(=CC=C1)N2C(=NN(C2=O)CC(=O)NC3CC3)C4=CC=CO4,Cc1cccc(-n2c(-c3ccco3)nn(CC(=O)NC3CC3)c2=O)n1,2.5664822220921337,11,16,0.01667211204767227,0.05025934427976608,0.02788984216749668,0.05624014511704445,0.09482129849493504,0.01817663386464119,0.10074712336063385,0.011031248606741428,0.228643216080402
CC1=C(N2C=CC=CC2=N1)C(=O)N/N=C/C3=C(C(=NC=C3CO)C)O,Cc1ncc(CO)c(/C=N/NC(=O)c2c(C)nc3ccccn23)c1O,2.7836672801326863,12,17,0.10387934744358063,-0.12630069255828857,0.11692798137664795,0.020854352042078972,0.09450663626194,-0.032929837703704834,0.15136176347732544,-0.049833379685878754,0.1901840490797546
CCCC1=NOC(=N1)CN2C=NC3=C(C2=O)NC4=C3C=C(C=C4)OC,CCCc1noc(Cn2cnc3c([nH]c4ccc(OC)cc43)c2=O)n1,2.524214697715104,10,17,-0.1476290076971054,0.2572828531265259,-0.015746187418699265,-0.00997103564441204,0.0939076580107212,0.00012927595525979996,-0.11699827760457993,0.1578400731086731,0.2515527950310559
C1=CC(=NC=C1OCCCCC2=CC(=NC=C2)C(=O)O)N3C=NC=N3,O=C(O)c1cc(CCCCOc2ccc(-n3cncn3)nc2)ccn1,2.418980424796242,13,17,-0.19010674953460693,0.2712737023830414,0.01269562542438507,0.023688407614827156,0.09386257827281952,0.038573578000068665,-0.09767264127731323,0.14560532569885254,0.21021021021021022
C1CC(C1)COC2=CC=C(C=C2)NC3=NC=CN=C3C4=NOC(=O)N4,O=c1[nH]c(-c2nccnc2Nc2ccc(OCC3CCC3)cc2)no1,2.8217422793800147,10,14,-0.18897674977779388,-0.0872163325548172,0.36967793107032776,-0.0004065237008035183,0.09348484873771667,-0.11040708422660828,0.018993472680449486,0.10409907251596451,0.3086816720257235
CCNC(=O)C1=NC(=NO1)CN2C(=O)C=CC(=N2)C3=CC=C(C=C3)C,CCNC(=O)c1nc(Cn2nc(-c3ccc(C)cc3)ccc2=O)no1,2.3701223087660246,9,15,0.11791232228279114,0.03812702000141144,-0.06279081106185913,0.05276225507259369,0.09324853122234344,0.06274738907814026,0.08393555134534836,-0.01213756576180458,0.19346049046321526
CC1=C(C=C(C=C1)NC(=O)C2=C(C=CC(=C2)OC)OC)N3C=NN=N3,COc1ccc(OC)c(C(=O)Nc2ccc(C)c(-n3cnnn3)c2)c1,2.0851996652123947,11,17,-0.08575593680143356,-0.020528119057416916,0.1995311975479126,-0.02501332014799118,0.09324714168906212,-0.06551707535982132,0.036663930863142014,0.018584728240966797,0.16560509554140126
C1CC(N(C1)C(=O)CNC(=O)C2=COC=C2)C3=NN=C4N3C=CC=C4,O=C(NCC(=O)N1CCCC1c1nnc2ccccn12)c1ccoc1,2.976291714893682,13,17,-0.04337257891893387,0.2507708966732025,-0.11447291076183319,0.02507070079445839,0.09292540699243546,0.08536029607057571,-0.03661033511161804,0.049754802137613297,0.16905444126074498
CC1=CC(=NO1)C(=O)N2CCN(CC2)C3=NN=C(C=C3)C4=CC=CO4,Cc1cc(C(=O)N2CCN(c3ccc(-c4ccco4)nn3)CC2)no1,2.3908708357551465,9,15,-0.07375980168581009,-0.0009944159537553787,0.16726502776145935,0.01823415979743004,0.09251081012189388,-0.054639700800180435,0.0617353692650795,0.056992243975400925,0.14871794871794872
CC(C)OC1=NC=C2C(=C1)C(=NN2)C3=CC(=NC=C3)N4CCOC4=O,CC(C)Oc1cc2c(-c3ccnc(N4CCOC4=O)c3)n[nH]c2cn1,2.8883377746381793,10,16,-0.042174432426691055,-0.0217105932533741,0.15628069639205933,-0.013696285896003246,0.09239567071199417,-0.04186207801103592,0.025468649342656136,0.021969372406601906,0.32335329341317365
CC1=CC(=NN1C2=C(C(=NC=N2)OC3=CC=C(C=C3)C(=O)OC)N)C,COC(=O)c1ccc(Oc2ncnc(-n3nc(C)cc3C)c2N)cc1,2.32806354386895,8,15,-0.056457407772541046,0.10341182351112366,0.04512578248977661,-0.00522185955196619,0.09208019822835922,0.014518381096422672,-0.0057108234614133835,0.019869524985551834,0.16310160427807488
CC1=C(C=CC(=C1)C(=O)N)NC(=O)CCN2C(=O)N3C=CC=CC3=N2,Cc1cc(C(N)=O)ccc1NC(=O)CCn1nc2ccccn2c1=O,2.20484464277005,12,17,0.12951582670211792,-0.04560934379696846,0.00792497768998146,0.034689761698246,0.09183146059513092,0.00541568361222744,0.12402724474668503,-0.017488181591033936,0.2215568862275449
CC1=CC(=NN1C)C(=O)NC2=NNC(=C2C3=CC4=C(C=C3)OCO4)C,Cc1[nH]nc(NC(=O)c2cc(C)n(C)n2)c1-c1ccc2c(c1)OCO2,2.575519275179891,10,17,0.037085406482219696,-0.1353801190853119,0.189909428358078,-0.05419453978538513,0.09161471575498581,-0.09173918515443802,0.04229939728975296,0.005956003442406654,0.22388059701492538
CC1=NN(C(=O)C=C1)C2COCC2NC(=O)C3=CNC4=C3C=CC=N4,Cc1ccc(=O)n(C2COCC2NC(=O)c2c[nH]c3ncccc23)n1,3.5465441273269445,13,17,0.161615252494812,-0.07975900918245316,0.00972825475037098,0.0029802415519952774,0.09158449806272984,0.036907292902469635,0.14139699935913086,-0.13311664760112762,0.20107238605898123
CCCC1=C(C(=NN1)C(=O)NC2=C3C=CC=NC3=C(C=C2)C)[N+](=O)[O-],CCCc1[nH]nc(C(=O)Nc2ccc(C)c3ncccc23)c1[N+](=O)[O-],2.5192848625502684,11,17,0.031474970281124115,0.009426223114132881,0.05035974830389023,0.011489477008581161,0.09126094169914722,0.023704158142209053,0.003532707691192627,0.031494706869125366,0.15517241379310345
CC1=C(C(=O)N(C(=C1C#N)O)C)N=NC2=CC=C(C=C2)C(=O)N(C)C,Cc1c(C#N)c(O)n(C)c(=O)c1N=Nc1ccc(C(=O)N(C)C)cc1,2.9114466437541395,6,14,0.09105983376502991,-0.11706976592540741,0.11720356345176697,0.058816637843847275,0.09119363129138947,-0.02221401035785675,0.12269240617752075,0.0467853806912899,0.17579250720461095
CC1=CC(=CC=C1)NC(=O)[C@H](C)OC(=O)C2=NN3C(=CC=NC3=N2)C,Cc1cccc(NC(=O)[C@H](C)OC(=O)c2nc3nccc(C)n3n2)c1,2.742043757645451,11,17,0.18263670802116394,-0.28724685311317444,0.19568438827991486,0.008973371237516403,0.09107424318790436,-0.043611492961645126,0.19002066552639008,-0.09747707843780518,0.22570532915360503
COC1=CC=CC=C1CCNC(=O)C(=O)NC2=C3C=CC=NC3=NN2,COc1ccccc1CCNC(=O)C(=O)Nc1[nH]nc2ncccc12,2.3789646977151033,13,17,0.17162586748600006,0.031217779964208603,-0.1118026003241539,0.05344972759485245,0.09104104712605476,0.0924546867609024,0.046224527060985565,0.003768692724406719,0.3063973063973064
CC1=C(C=C(C=C1)NC(=O)NC(=O)CN2C(=O)N3C=CC=CC3=N2)C,Cc1ccc(NC(=O)NC(=O)Cn2nc3ccccn3c2=O)cc1C,2.219129917495323,12,17,0.16247506439685822,-0.2159326821565628,0.14449112117290497,0.01147010363638401,0.09103350341320038,-0.0028700660914182663,0.1479882150888443,-0.10210731625556946,0.2132132132132132
CN1C2=C(C=N1)C(=O)NC(=N2)N3CCCC3C4=CC5=C(C=C4)OCO5,Cn1ncc2c(=O)[nH]c(N3CCCC3c3ccc4c(c3)OCO4)nc21,3.208552410362598,11,17,0.0808786004781723,-0.042239077389240265,0.05238772928714752,-0.03692462667822838,0.09102725237607956,0.002993360161781311,0.007705427706241608,-0.0284196138381958,0.3961038961038961
CC1=C(N=C(C(=N1)C(=O)NCC2=CC(=CC=C2)OC)N)C3=NC=CO3,COc1cccc(CNC(=O)c2nc(C)c(-c3ncco3)nc2N)c1,2.5344956565450065,11,17,0.008139805868268013,0.03164604306221008,0.05123510956764221,0.003480395767837763,0.09102095849812031,-0.00013892725110054016,0.03629690036177635,0.011627521365880966,0.21022727272727273
C#CCCC1(N=N1)CCNC(=O)CN2C3=CC=CC=C3NC(=O)C2=O,C#CCCC1(CCNC(=O)Cn2c(=O)c(=O)[nH]c3ccccc32)N=N1,3.0632685988140054,12,17,0.17055873572826385,-0.17067627608776093,0.09113269299268723,0.04623361676931381,0.09101515263319016,-0.0019455235451459885,0.19618386030197144,-0.07700786739587784,0.16393442622950818
CN1C(=C(C=N1)NC(=O)C2=CC=CC(=C2)CN3C=CC=N3)C(=O)OC,COC(=O)c1c(NC(=O)c2cccc(Cn3cccn3)c2)cnn1C,2.2786908894810853,12,17,0.23208051919937134,-0.20711886882781982,0.06577605754137039,0.034420184791088104,0.0907377079129219,0.02546258643269539,0.1814669966697693,-0.11927340924739838,0.12968299711815562
CC1=CC(=NN1CC2=CC=CC=C2)NC(=O)CN3C(=CC=N3)C(=O)O,Cc1cc(NC(=O)Cn2nccc2C(=O)O)nn1Cc1ccccc1,2.271100856978375,11,15,0.24235890805721283,-0.08774103969335556,-0.06396206468343735,0.07693933695554733,0.09065580368041992,0.08648057281970978,0.1713455617427826,-0.08487360179424286,0.16714697406340057
CC1=C(C=CC(=C1)C(=O)NC2=CC(=CC(=C2)OC)OC)N3C=NN=N3,COc1cc(NC(=O)c2ccc(-n3cnnn3)c(C)c2)cc(OC)c1,2.1295171083326565,9,14,0.10380436480045319,-0.04460560902953148,0.03129227086901665,0.044320717453956604,0.09049102663993835,0.014679975807666779,0.12418501079082489,-0.02409881353378296,0.17320261437908496
CC(C)N1C=C(C=CC1=O)C2=CN=C(N=C2C3=CC=CO3)NC(=O)N,CC(C)n1cc(-c2cnc(NC(N)=O)nc2-c2ccco2)ccc1=O,2.7354628845282907,11,16,0.12771064043045044,-0.0025156252086162567,-0.03488946706056595,0.08518393337726593,0.09030554816126823,0.0885317325592041,0.11319079995155334,-0.02691594511270523,0.36454849498327757
CC(C)(C)OC(=O)NC1=NC=C(C=C1)C(=O)C2=C3C=CC=NC3=NN2,CC(C)(C)OC(=O)Nc1ccc(C(=O)c2[nH]nc3ncccc23)cn1,2.5803226647480706,9,15,0.12480410933494568,-0.04151897132396698,0.006929311901330948,0.016661671921610832,0.09021444991230965,0.039789654314517975,0.08628023415803909,-0.049579519778490067,0.2361963190184049
CCCNC(=O)C1=NN=C(C=C1)OCC2=CON=C2C3=CC=CC=N3,CCCNC(=O)c1ccc(OCc2conc2-c2ccccn2)nn1,2.6593079274305946,12,17,0.12160483002662659,0.2609527111053467,-0.2927383780479431,0.1066598892211914,0.08981916308403015,0.1505381017923355,0.03920280933380127,0.08026681840419769,0.209366391184573
CCOC(=O)C1(C2=CC3=C(C=C2NC1=O)NC(N3)C4=NC=CN=C4)C,CCOC(=O)C1(C)C(=O)Nc2cc3c(cc21)NC(c1cnccn1)N3,3.987673081823152,12,17,-0.1080818846821785,0.1576113998889923,0.039937928318977356,-0.006992070935666561,0.08946744352579117,-0.012231366708874702,-0.05161995440721512,0.10398988425731659,0.16857142857142857
C1CC2CN(CC1N2)C3=NC4=C(O3)C(=CC(=C4)C(=O)O)N5C=CC=N5,O=C(O)c1cc(-n2cccn2)c2oc(N3CC4CCC(C3)N4)nc2c1,4.510995869899796,10,14,-0.20403380692005157,0.26145151257514954,0.031830210238695145,0.013914866372942924,0.0892479158937931,0.03303348645567894,-0.1228926032781601,0.14197665452957153,0.16844919786096257
CC1=CC=NC2=NC(=NN12)C(=O)N[C@H]3CCOC4=C3C=C(C=C4)OC,COc1ccc2c(c1)[C@@H](NC(=O)c1nc3nccc(C)n3n1)CCO2,2.971690845557541,11,17,0.03127514198422432,-0.013818774372339249,0.0717022642493248,-0.07072106748819351,0.08915863186120987,-0.04655645042657852,-0.00031045638024806976,-0.018206605687737465,0.259375
CC1=CC=C(C=C1)CN2C=CC(=N2)NC(=O)CN3C=CC(=N3)C(=O)O,Cc1ccc(Cn2ccc(NC(=O)Cn3ccc(C(=O)O)n3)n2)cc1,2.2416612036739334,11,15,0.17443719506263733,-0.03349028900265694,-0.05214846879243851,0.03391927480697632,0.08879843726754189,0.043466269969940186,0.10847067087888718,-0.03448588401079178,0.16666666666666666
CC1=CC(=NC2=NC(=NN12)C(=O)NC3=C(C=C(C=C3)C(=O)OC)C)C,COC(=O)c1ccc(NC(=O)c2nc3nc(C)cc(C)n3n2)c(C)c1,2.244100065608082,9,17,0.27115684747695923,-0.1269054114818573,-0.05572303384542465,0.024201370775699615,0.08852840214967728,0.06862513720989227,0.15208929777145386,-0.13162830471992493,0.17956656346749225
COC1=CC=CC(=C1)C=CC(=O)NCC2=NN=C3N2C=CN=C3OC,COc1cccc(C=CC(=O)NCc2nnc3c(OC)nccn23)c1,2.475897390022796,12,17,0.044406596571207047,-0.046853430569171906,0.0908648893237114,-0.01684204861521721,0.08841805532574654,-0.01783028617501259,0.05862798914313316,-0.028995200991630554,0.23529411764705882
CC1=NOC(=N1)C2=C(N=CC=C2)N3CCC(C3)NC(=O)C4=CC=CO4,Cc1noc(-c2cccnc2N2CCC(NC(=O)c3ccco3)C2)n1,2.9117572575701853,12,17,0.013970066793262959,0.08546454459428787,-0.011232534423470497,0.05201214551925659,0.08820207696408033,0.04748544842004776,0.07335324585437775,0.006532544270157814,0.2185089974293059
C1CCN(C1)C2=C(C=C(C=C2)/C=N/NC(=O)C3=CN=CC=C3)[N+](=O)[O-],O=C(N/N=C/c1ccc(N2CCCC2)c([N+](=O)[O-])c1)c1cccnc1,2.201733928484334,11,15,-0.10270030051469803,-0.008742483332753181,0.1993757039308548,-0.0025668609887361526,0.08793292008340359,-0.043740998953580856,0.025104662403464317,0.025440793484449387,0.14506172839506173
CCCNC(=O)C1=CN=C(C=N1)OCC2=CON=C2C3=CC=CC=N3,CCCNC(=O)c1cnc(OCc2conc2-c2ccccn2)cn1,2.687681162414787,12,17,0.07004807889461517,0.24897761642932892,-0.2317163646221161,0.11275612562894821,0.087309330701828,0.13549554347991943,0.03668278083205223,0.09194673597812653,0.2056338028169014
CN1C2=C(C(=N1)C(=O)N3CC(C3)OCC4=CC=CC=C4)N=CNC2=O,Cn1nc(C(=O)N2CC(OCc3ccccc3)C2)c2nc[nH]c(=O)c21,2.635806599123555,9,14,0.049560099840164185,-0.3380924165248871,0.3757529854774475,-0.007715810090303421,0.08722066879272461,-0.08549073338508606,0.1593003273010254,-0.12216790020465851,0.21246458923512748
C1CN(CCN1C2=NC=CC=N2)C(=O)C=CC3=CC=C(C=C3)[N+](=O)[O-],O=C(C=Cc1ccc([N+](=O)[O-])cc1)N1CCN(c2ncccn2)CC1,2.2004031592535664,8,12,0.03343437239527702,0.07809285074472427,-0.024453718215227127,0.060864996165037155,0.08707350492477417,0.0919128805398941,0.0013300245627760887,0.04178705811500549,0.26666666666666666
CN1C2=C(CN(CC2)C(=O)C3=CC=CO3)C(=N1)COC4=NC=CN=C4,Cn1nc(COc2cnccn2)c2c1CCN(C(=O)c1ccco1)C2,2.7382879063557777,11,17,0.039391569793224335,-0.04356342926621437,0.09119552373886108,-0.020340245217084885,0.08702366426587105,-0.022889727726578712,0.046878404915332794,-0.02234078012406826,0.1275
COC1=NC2=C(C=CN=C2C=C1)N3C=C4CC(CCC4=N3)NC(=O)O,COc1ccc2nccc(-n3cc4c(n3)CCC(NC(=O)O)C4)c2n1,3.297038922480616,12,17,0.17871126532554626,0.15224188566207886,-0.24425864219665527,0.09004952013492584,0.08669450879096985,0.1897411048412323,0.03964787721633911,-0.026531226933002472,0.16032608695652173
CCOC(=O)NCC1=NC=CC(=C1)C(=O)NC2=CC3=C(C=C2)NN=C3,CCOC(=O)NCc1cc(C(=O)Nc2ccc3[nH]ncc3c2)ccn1,2.289947390022796,13,17,0.028789376839995384,0.1477663367986679,-0.09001725912094116,0.08635355532169342,0.08653845451772213,0.09130038321018219,0.02504875138401985,0.07632766664028168,0.1715210355987055
C[C@H](C(=O)N/N=C\C1=C(C=CC(=C1)OC)O)N2C3=CC=CC=C3N=N2,COc1ccc(O)c(/C=N\NC(=O)[C@@H](C)n2nnc3ccccc32)c1,2.7987393558500635,13,17,0.08020886778831482,0.10619805753231049,-0.09997798502445221,0.0366765558719635,0.0864289402961731,0.06036665663123131,0.052708446979522705,0.002466995269060135,0.18322981366459629
CCC1=CC(=CC=C1)NC(=O)COC(=O)C2=NN3C(=CC=NC3=N2)C,CCc1cccc(NC(=O)COC(=O)c2nc3nccc(C)n3n2)c1,2.282957845060716,11,17,0.1990153193473816,-0.02330872043967247,-0.08937084674835205,0.047761932015419006,0.08633575215935707,0.06741880625486374,0.088240846991539,-0.02326289936900139,0.22364217252396165
COCC1=C(C=NN1C2=NC=CC(=N2)C3=CC=CO3)C(=O)NCC=C,C=CCNC(=O)c1cnn(-c2nccc(-c3ccco3)n2)c1COC,2.7197704669458727,12,17,0.17400145530700684,-0.02947394922375679,-0.05833718925714493,0.031126296147704124,0.08619031682610512,0.05526680871844292,0.10227522999048233,-0.050997767597436905,0.19220779220779222
CC(=O)C1=CC(=CC=C1)NC(=O)NCCN2C(=O)N3C=CC=CC3=N2,CC(=O)c1cccc(NC(=O)NCCn2nc3ccccn3c2=O)c1,2.213069871062883,13,17,0.25514280796051025,-0.1645757257938385,-0.004393070004880428,0.022546418011188507,0.08617401216179132,0.05172155424952507,0.17709538340568542,-0.14866933226585388,0.20118343195266272
CN(C)CC1=C(C(=CC(=C1)C2=C(C(=O)NC(=C2C#N)N)C#N)OC)O,COc1cc(-c2c(C#N)c(N)[nH]c(=O)c2C#N)cc(CN(C)C)c1O,2.859161913558962,8,16,0.11216701567173004,-0.08111043274402618,0.05502039194107056,0.022812552750110626,0.08607697486877441,0.001202169805765152,0.11184876412153244,-0.03446280211210251,0.28619528619528617
CC1=NC=CC(=N1)OC2CCN(C2)C(=O)C3=NNC(=C3)C4=CC=CO4,Cc1nccc(OC2CCN(C(=O)c3cc(-c4ccco4)[nH]n3)C2)n1,3.175219217528035,12,17,0.14412866532802582,0.05869977921247482,-0.11758184432983398,-0.003955630585551262,0.08524660021066666,0.08281464874744415,0.0490906685590744,-0.08281874656677246,0.22950819672131148
COCC1=CC(=NC=C1)NC2=NC=CC(=C2)N3CC[C@@](C3=O)(C#N)O,COCc1ccnc(Nc2cc(N3CC[C@](O)(C#N)C3=O)ccn2)c1,3.4479562572585145,12,17,-0.018788715824484825,-0.12342201918363571,0.22684718668460846,-0.030569039285182953,0.08463645167648792,-0.0841619074344635,0.049623362720012665,0.003674241714179516,0.19148936170212766
C1COC[C@H]([C@@H]1O)N=C2N/C(=C\C3=CC4=NC=CN=C4C=C3)/C(=O)N2,O=C1NC(=N[C@@H]2COCC[C@H]2O)N/C1=C\c1ccc2nccnc2c1,4.062142414998177,14,17,0.10928301513195038,-0.015195292420685291,-0.009815352037549019,-0.005934692919254303,0.08427237067371607,0.04333900660276413,0.04768737033009529,-0.0591166652739048,0.14540059347181009
CC1=CN(N=C1)CCC(=O)NC2=CC(=CC=C2)N3C=CC(=N3)C(=O)O,Cc1cnn(CCC(=O)Nc2cccc(-n3ccc(C(=O)O)n3)c2)c1,2.3301790801636404,13,17,0.010768070816993713,0.045351628214120865,0.02748282253742218,0.015590889379382133,0.08360252156853676,-0.004030734300613403,0.061018869280815125,0.010211472399532795,0.15168539325842698
C1C2C(CN1C(=O)C3=NC=CN=C3)OCC(=O)N2CC4=CC=CC=N4,O=C(c1cnccn1)N1CC2OCC(=O)N(Cc3ccccn3)C2C1,3.409905112574574,13,17,-0.06033099442720413,-0.001667659729719162,0.1455416977405548,0.013659698888659477,0.08354304358363152,-0.011347945779561996,0.0037658214569091797,0.04253605008125305,0.1550632911392405
C1CCC2=C(C1)C(=NO2)C(=O)N3CC[C@H](C3)OC4=NC=CN=C4C#N,N#Cc1nccnc1O[C@@H]1CCN(C(=O)c2noc3c2CCCC3)C1,3.360676119530143,10,17,-0.17651024460792542,0.128844752907753,0.1309918612241745,-0.011025108397006989,0.08332636952400208,0.009014938026666641,-0.10218873620033264,0.0984577015042305,0.13908872901678657
C1CC(CN(C1)C2=NN=C(C=C2)C3=CC=CO3)C(=O)NC4=NOC=C4,O=C(Nc1ccon1)C1CCCN(c2ccc(-c3ccco3)nn2)C1,2.9875266563683507,13,17,0.11183836311101913,0.050102345645427704,-0.07881158590316772,0.04410035163164139,0.08312912285327911,0.08919645845890045,0.0555674247443676,-0.027507463470101357,0.20520231213872833
C/C=C/C=C\C(=O)NC1=C(C(=NC(=N1)N)OCC2=CC=CC=C2)N=O,C/C=C/C=C\C(=O)Nc1nc(N)nc(OCc2ccccc2)c1N=O,2.891242785472418,11,15,0.3289310932159424,-0.14132985472679138,-0.1044900193810463,0.09575099498033524,0.0831112191081047,0.10633974522352219,0.22936660051345825,-0.12938010692596436,0.29333333333333333
CCCCNC1=C(C(=NC=N1)OC2=CC=CC3=C2N=CC=C3)[N+](=O)[O-],CCCCNc1ncnc(Oc2cccc3cccnc23)c1[N+](=O)[O-],2.384516620792027,12,17,0.11575362831354141,0.13581782579421997,-0.16855892539024353,0.10448013246059418,0.08301252871751785,0.12342244386672974,0.06333893537521362,0.05125273019075394,0.2647058823529412
CC1=C(C=C(C=C1)C(=O)NC)NC2=NC=NN3C2=C(C(=C3)C(=O)O)C,CNC(=O)c1ccc(C)c(Nc2ncnn3cc(C(=O)O)c(C)c23)c1,2.4630860187853383,11,17,0.10903403908014297,0.030136214569211006,-0.05638511851429939,0.044637538492679596,0.08278513513505459,0.06485287845134735,0.0775933563709259,-0.02354397624731064,0.1457725947521866
CC1=CC=CN2C1=NC=C2CC(=O)N3CCC4=C(C3)C(=NN4)C(=O)O,Cc1cccn2c(CC(=O)N3CCc4[nH]nc(C(=O)O)c4C3)cnc12,2.8302612036739347,11,17,-0.06853286921977997,-0.028850387781858444,0.1801247000694275,-0.0018700212240219116,0.08274144306778908,-0.03725313022732735,-0.005166735500097275,0.05782882869243622,0.17765042979942694
C1CN2C(=CC(=N2)C(=O)O)C(=O)N1CCCN3C4=CC=CC=C4C=N3,O=C(O)c1cc2n(n1)CCN(CCCn1ncc3ccccc31)C2=O,2.5823935438689514,12,17,-0.09831847995519638,0.06875364482402802,0.11172831058502197,0.01643521711230278,0.08216347545385361,0.013841976411640644,-0.03519276902079582,0.05933629721403122,0.11931818181818182
CN1C(=O)C2=CC=CC=C2C(=N1)C3=NN=C4N3CC(CC4)C(=O)OC,COC(=O)C1CCc2nnc(-c3nn(C)c(=O)c4ccccc34)n2C1,3.078671533531537,10,17,-0.047072917222976685,0.11406511813402176,0.015045810490846634,0.039694592356681824,0.08203801140189171,0.0807008445262909,-0.03594113141298294,0.04270516335964203,0.24788732394366197
CC1=CC2=C(C=C1)N(C(=N2)CNC(=O)C3=C(C=CC(=C3)[N+](=O)[O-])N)C,Cc1ccc2c(c1)nc(CNC(=O)c1cc([N+](=O)[O-])ccc1N)n2C,2.2335428749726294,11,17,-0.006967660039663315,-0.02588266134262085,0.11486800014972687,-0.04642493650317192,0.0820176787674427,-0.06470134109258652,0.061419062316417694,-0.031805675476789474,0.14826498422712933
C[C@@H](C(=O)NNC1=NC(=NO1)C2=CC=NC=C2)OCC3=CC=CC=C3,C[C@H](OCc1ccccc1)C(=O)NNc1nc(-c2ccncc2)no1,2.8173018308051674,10,13,0.04733724147081375,-0.1564106047153473,0.19091740250587463,0.02174840308725834,0.0818440392613411,-0.06678291410207748,0.12096112221479416,0.008418966084718704,0.2750809061488673
C1COCCN1C2=CC(=O)C3=C(O2)C(=NC=C3)NCC4=NC=CN=C4,O=c1cc(N2CCOCC2)oc2c(NCc3cnccn3)nccc12,2.7874512361766417,10,15,0.004411246627569199,-0.052457790821790695,0.1296456754207611,-0.004349641967564821,0.08159913122653961,-0.049507394433021545,0.05677725002169609,0.01702246442437172,0.18263473053892215
C1CN(CCN1C2=NC=CC=N2)C(=O)/C=C/C3=CC=C(C=C3)[N+](=O)[O-],O=C(/C=C/c1ccc([N+](=O)[O-])cc1)N1CCN(c2ncccn2)CC1,2.2004031592535664,8,12,0.03419116139411926,0.0752318874001503,-0.027941815555095673,0.04873069003224373,0.08148123323917389,0.08476315438747406,0.005000976845622063,0.02392967790365219,0.26666666666666666
CC1=CC(=NC2=NC(=NN12)C(=O)OCC(=O)NCC3=CC=CC=C3)C,Cc1cc(C)n2nc(C(=O)OCC(=O)NCc3ccccc3)nc2n1,2.1815181917562736,9,15,-0.06788928061723709,0.08394324779510498,0.06535656005144119,0.04458014667034149,0.08141052722930908,0.013860983774065971,0.03201105445623398,0.05641275271773338,0.2064516129032258
CC1=CC=NC2=NC(=NN12)C(=O)NC3=CC=C(C=C3)C(=O)OC(C)C,Cc1ccnc2nc(C(=O)Nc3ccc(C(=O)OC(C)C)cc3)nn12,2.2651327746381806,8,14,0.09122362732887268,0.009024322964251041,-0.01885819621384144,0.024032138288021088,0.08138975407928228,0.04787972941994667,0.06023207679390907,-0.027846453711390495,0.20249221183800623
C1CN(CCN1C2=NC=CC=N2)C(=O)CC3=CC4=C(C=C3)OC(=O)N4,O=C(Cc1ccc2oc(=O)[nH]c2c1)N1CCN(c2ncccn2)CC1,2.3940421740059357,9,14,-0.14741313457489014,0.009309478104114532,0.2182351052761078,-0.010007591918110847,0.08013144880533218,-0.10195155441761017,-0.013435296714305878,0.11090290546417236,0.2702702702702703
CC1=C(N=C(C=C1)CO)CNC(=O)C2=NC(=NC(=C2)C3=CC=CO3)N,Cc1ccc(CO)nc1CNC(=O)c1cc(-c2ccco2)nc(N)n1,2.6616579534030773,12,17,0.1390547752380371,-0.029295608401298523,-0.02963038720190525,0.04174759238958359,0.08012877963483334,0.021957017481327057,0.1416204273700714,-0.04006686806678772,0.23853211009174313
C1COCC1C2=NC3=C(O2)CCN(C3)C(=O)C4=NC5=C(C=C4)C=NN5,O=C(c1ccc2cn[nH]c2n1)N1CCc2oc(C3CCOC3)nc2C1,3.637654099195794,11,17,0.0005898047238588333,0.14293307065963745,-0.06410393863916397,0.011859629303216934,0.07941893674433231,0.08620560169219971,-0.051210902631282806,0.01936366781592369,0.15829145728643215
C[C@H](C(=O)N/N=C\C1=CC(=C(C=C1)O)OC)N2C3=CC=CC=C3N=N2,COc1cc(/C=N\NC(=O)[C@@H](C)n2nnc3ccccc32)ccc1O,2.7505118368901513,13,17,0.05975114554166794,0.10768286883831024,-0.08839212357997894,0.03347203880548477,0.07904189079999924,0.050128642469644547,0.053524330258369446,-0.002002354711294174,0.18808777429467086
CC1=C(C=C(C=C1)OC2=NC=NC(=C2[N+](=O)[O-])N3C(=CC(=N3)C)C)C,Cc1cc(C)n(-c2ncnc(Oc3ccc(C)c(C)c3)c2[N+](=O)[O-])n1,2.4583743130997195,9,17,-0.008360807783901691,-0.05291346460580826,0.140267476439476,0.026790427044034004,0.07899320404976606,-0.01017366349697113,0.05305534601211548,0.013853810727596283,0.15567282321899736
C1CC1[C@H](C2=CC3=CC=CC=C3O2)NC(=O)C4=CN(N=N4)CC(=O)N,NC(=O)Cn1cc(C(=O)N[C@@H](c2cc3ccccc3o2)C2CC2)nn1,3.0534364306062933,12,16,0.029679808765649796,0.09336728602647781,-0.04423220455646515,0.10720310360193253,0.07881489023566246,0.07309597730636597,0.07045698910951614,0.07048202306032181,0.12694300518134716
CC1=CC(=NC2=NC(=NN12)C(=O)NC3=CC4=C(C=C3)OCCCO4)C,Cc1cc(C)n2nc(C(=O)Nc3ccc4c(c3)OCCCO4)nc2n1,2.4050993130997202,10,17,0.03099128045141697,-0.15258820354938507,0.20015929639339447,-0.07089932262897491,0.07856237329542637,-0.0965186282992363,0.05977068096399307,-0.05023825168609619,0.29310344827586204
C1COCC1C2=NC3=C(O2)CCN(C3)C(=O)C4=C5N=CC=CN5N=C4,O=C(c1cnn2cccnc12)N1CCc2oc(C3CCOC3)nc2C1,3.512479255120949,11,17,-0.12526872754096985,0.20991134643554688,-0.006688002496957779,-0.012302626855671406,0.07795461639761925,0.02824077010154724,-0.108373261988163,0.09453195333480835,0.1518987341772152
CN1C(=CC(=N1)C2=CC=CC=C2)C(=O)N3CC(C3)N4C(=O)CNC4=O,Cn1nc(-c2ccccc2)cc1C(=O)N1CC(N2C(=O)CNC2=O)C1,2.595037170242575,9,14,-0.06659530103206635,-0.10467036813497543,0.24920502305030823,0.017142383381724358,0.07793935388326645,-0.07394445687532425,0.07948090136051178,0.01773645356297493,0.1871345029239766
CN1C2=CC=CC=C2C=C1C(=O)N3CCN4C(=CC(=N4)C(=O)NO)C3,Cn1c(C(=O)N2CCn3nc(C(=O)NO)cc3C2)cc2ccccc21,2.640543543868949,12,17,-0.0979221984744072,-0.1597827821969986,0.3353387415409088,-0.016451383009552956,0.07763376086950302,-0.13072329759597778,0.06178467720746994,0.026708297431468964,0.1346704871060172
CC1=C(C=C(C=C1)C(=O)N)NC2=NN=CC3=CC(=C(N32)C)C(=O)OC,COC(=O)c1cc2cnnc(Nc3cc(C(N)=O)ccc3C)n2c1C,2.709591704404067,10,17,-0.012091344222426414,-0.13246113061904907,0.22160755097866058,0.002144433557987213,0.0770550761371851,-0.0660547986626625,0.11140888929367065,-0.03429606184363365,0.14613180515759314
CC1=CC(=NC2=NC(=NN12)C(=O)NCC(=O)OCC3=CC=CC=C3)C,Cc1cc(C)n2nc(C(=O)NCC(=O)OCc3ccccc3)nc2n1,2.2383010736630986,9,15,-0.10477915406227112,0.13440638780593872,0.045793455094099045,0.04008530452847481,0.07542068883776665,0.0038560349494218826,0.0022994522005319595,0.09112042933702469,0.19169329073482427
CCCN1C(=NN=N1)COC(=O)C2=CC=CC=C2OC3=CN=CC=C3,CCCn1nnnc1COC(=O)c1ccccc1Oc1cccnc1,2.2735654616771708,12,17,-0.011410556733608246,0.1483127325773239,-0.06152480095624924,0.04611848294734955,0.07537737488746643,0.05161451920866966,0.0005025472491979599,0.06766428798437119,0.15902140672782875
CC1=NC=CN1C2=NN=C(C=C2)C(=O)NC3=CC(=C(C=C3)OC)OC,COc1ccc(NC(=O)c2ccc(-n3ccnc3C)nn2)cc1OC,2.2151604452774016,11,17,-0.18928015232086182,0.18823331594467163,0.07606764882802963,-0.02965286374092102,0.07502081245183945,-0.053486764430999756,-0.038758985698223114,0.07747173309326172,0.19822485207100593
C1CCC2=C(C1)C(=NO2)C(=O)N3CC[C@@H](C3)OC4=NC=CN=C4C#N,N#Cc1nccnc1O[C@H]1CCN(C(=O)c2noc3c2CCCC3)C1,3.360676119530143,10,17,-0.17976298928260803,0.1261720359325409,0.1284688115119934,-0.013427823781967163,0.07487785816192627,0.004701199010014534,-0.10423348844051361,0.09785070270299911,0.13908872901678657
C1=CC=C(C=C1)[C@@H](CN2C=CC=N2)NC(=O)CN3C=CC(=O)NC3=O,O=C(Cn1ccc(=O)[nH]c1=O)N[C@H](Cn1cccn1)c1ccccc1,2.8083543070959998,13,15,0.10439744591712952,-0.06121008098125458,0.03137311711907387,0.03390929102897644,0.0745604820549488,0.0451875701546669,0.06956999003887177,-0.032492056488990784,0.22641509433962265
C1CN(CCC1N2N=CC=N2)C(=O)CN3C(=O)C4=CC=CC=C4C3=O,O=C(CN1C(=O)c2ccccc2C1=O)N1CCC(n2nccn2)CC1,2.498145466945873,7,10,-0.23953890800476074,0.3653210699558258,-0.05166584998369217,0.017132870852947235,0.0741163119673729,0.08327241986989975,-0.179683655500412,0.16436867415905,0.1270358306188925
CN1C(=O)C=CC(=N1)C(=O)NC2=CC(=CC=C2)OCCN3C=CC=N3,Cn1nc(C(=O)Nc2cccc(OCCn3cccn3)c2)ccc1=O,2.2400704669458715,13,17,0.04032013937830925,-0.18824243545532227,0.22171157598495483,-0.03968043997883797,0.07378927990794182,-0.08963572978973389,0.09060756117105484,-0.05252305790781975,0.24050632911392406
CC1=NC(=NO1)CNC(=O)NC2=CC=C(C=C2)CN3C=CC=CC3=O,Cc1nc(CNC(=O)Nc2ccc(Cn3ccccc3=O)cc2)no1,2.2421550823304877,11,15,0.0828293189406395,-0.026754647493362427,0.017563248053193092,0.06335922330617905,0.07363791950047016,0.03922168165445328,0.09969787299633026,-0.004957711324095726,0.17404129793510326
CC1=CC=C(C=C1)CNC(=O)C2=CN3C(=NN(C3=O)CC(=O)N)C=C2,Cc1ccc(CNC(=O)c2ccc3nn(CC(N)=O)c(=O)n3c2)cc1,2.243841346066752,10,15,-0.014119083061814308,0.08011668920516968,0.007470932323485613,0.019389886409044266,0.07346853846684098,0.028938811272382736,0.005008984357118607,0.03095267340540886,0.19254658385093168
COC1=CC=CC(=C1)NC2=C(C(=O)C2=O)NC3=CC=CC(=C3NN)N,COc1cccc(Nc2c(Nc3cccc(N)c3NN)c(=O)c2=O)c1,2.471776730682137,13,17,0.14065666496753693,-0.10326454043388367,0.03526386246085167,-0.02751271426677704,0.07265598699450493,0.028485151007771492,0.06808091700077057,-0.11773718893527985,0.17427385892116182
COCCNC(=O)C1=NC(=NO1)C2=CC=CC(=C2)C3=CN=C(N3)C=C,C=Cc1ncc(-c2cccc(-c3noc(C(=O)NCCOC)n3)c2)[nH]1,2.761083928484336,12,17,-0.03510322421789169,0.1936894953250885,-0.0869809091091156,0.05900389701128006,0.07160536199808121,0.05281829088926315,-0.005012724548578262,0.09849131852388382,0.23974763406940064
CC1=NN(C(=O)C=C1)C2COCC2NC3=CC(=O)N4C=CC=CC4=N3,Cc1ccc(=O)n(C2COCC2Nc2cc(=O)n3ccccc3n2)n1,3.6725095119423283,13,17,0.17675147950649261,-0.02840602770447731,-0.07685354351997375,0.014661982655525208,0.07149190828204155,0.08124236762523651,0.10735505819320679,-0.13148367404937744,0.2627118644067797
CC(C)C1=C(N2C=CC=CC2=N1)N=NC3=CC(=C(C=C3)OC)[N+](=O)[O-],COc1ccc(N=Nc2c(C(C)C)nc3ccccn23)cc1[N+](=O)[O-],2.8108215658469717,10,16,0.11747967451810837,-0.09468075633049011,0.048549752682447433,-0.000697040930390358,0.07134867087006569,-0.008312544785439968,0.0974259227514267,-0.05992833152413368,0.23809523809523808
COC1=CC=C(C=C1)NC(=O)N2CCC3=C(C2)N=C4C=CNN4C3=O,COc1ccc(NC(=O)N2CCc3c(nc4cc[nH]n4c3=O)C2)cc1,2.6157089284843345,10,15,9.711738675832748e-05,-0.13516409695148468,0.2063935399055481,-0.0028400272130966187,0.07132656034082174,-0.0551082044839859,0.0700293779373169,-0.01332774292677641,0.28695652173913044
CCN1C2=CC=CC=C2N3C1=NN(C3=O)CC(=O)NCC4=CC=CO4,CCn1c2ccccc2n2c(=O)n(CC(=O)NCc3ccco3)nc12,2.433655082330489,12,17,0.052840374410152435,-0.07576773315668106,0.09407617151737213,-0.0015467745251953602,0.0711488127708435,-0.054947879165410995,0.10091221332550049,-0.008750390261411667,0.17231638418079095
COC1=NC=C(C=C1)[C@@H]2[C@H](CCO2)NC(=O)C3=CC4=NNN=C4C=C3,COc1ccc([C@H]2OCC[C@@H]2NC(=O)c2ccc3n[nH]nc3c2)cn1,3.419058747980263,13,17,0.24628804624080658,-0.05637911334633827,-0.11879758536815643,-0.044450078159570694,0.07111134752631187,0.071318618953228,0.06542394310235977,-0.17405793070793152,0.17094017094017094
C1CC(N(C1)C(=O)CN2C=CC(=O)NC2=O)C3=NC4=CC=CC=C4N3,O=C(Cn1ccc(=O)[nH]c1=O)N1CCCC1c1nc2ccccc2[nH]1,2.8410639224806165,13,17,0.03334663063287735,0.0020443489775061607,0.03545716032385826,-0.0037371963262557983,0.07084813993424177,0.04382586479187012,-0.006353972014039755,-0.024267125874757767,0.22611464968152867
CC1=C(N=C(N=C1C)NCC2=NOC(=N2)C3=CC4=C(C=C3)OCO4)C,Cc1nc(NCc2noc(-c3ccc4c(c3)OCO4)n2)nc(C)c1C,2.5391050823304884,8,15,-0.04810580238699913,0.20869719982147217,-0.08980046957731247,-0.02206505462527275,0.07079092785716057,0.011266853660345078,-0.0807325690984726,0.09882029891014099,0.3367003367003367
C1COC[C@H]([C@@H]1OC2=CC=CC=N2)NC(=O)C3=NC4=C(N3)C=CC=N4,O=C(N[C@@H]1COCC[C@H]1Oc1ccccn1)c1nc2ncccc2[nH]1,3.496791060798877,14,17,0.16763350367546082,-0.043676771223545074,-0.05337246134877205,0.00212273932993412,0.07058427110314369,0.050070807337760925,0.07735322415828705,-0.08110472559928894,0.24834437086092714
CC1=CC=C(O1)C(=O)N2CCN(CC2)C(=O)C3=CN4C=CC=NC4=N3,Cc1ccc(C(=O)N2CCN(C(=O)c3cn4cccnc4n3)CC2)o1,2.4703031592535645,9,15,-0.14556896686553955,-0.005766663700342178,0.2217644453048706,-0.010712201707065105,0.07042881473898888,-0.08686232566833496,0.02505573257803917,0.0475631058216095,0.14556962025316456
CC1=C(NC(=C1CCC(=O)O)C)C=C2C(=NNC2=O)C3=NC=CN=C3,Cc1[nH]c(C=C2C(=O)NN=C2c2cnccn2)c(C)c1CCC(=O)O,3.05776376364917,11,17,0.09231771528720856,-0.002248498611152172,-0.01994205266237259,0.022921236231923103,0.0701271640136838,0.02744748629629612,0.057695746421813965,-0.0039548324421048164,0.13866666666666666
CC1=CC=CC=C1CN2C=CC(=N2)NC(=O)CN3C=CC(=N3)C(=O)O,Cc1ccccc1Cn1ccc(NC(=O)Cn2ccc(C(=O)O)n2)n1,2.2986995568700337,13,17,0.23064061999320984,-0.1557682454586029,-0.005093468353152275,0.051165781915187836,0.06977890618145466,0.036607254296541214,0.17421291768550873,-0.08560585230588913,0.16715542521994134
CC(C(=O)NC1=CC=CC(=C1)CN2C=CC=N2)N3C=CC(=N3)C(=O)O,CC(C(=O)Nc1cccc(Cn2cccn2)c1)n1ccc(C(=O)O)n1,2.7341382724264456,14,17,0.11343492567539215,-0.07531405240297318,0.03156287223100662,0.06132856383919716,0.0696837455034256,0.020685473456978798,0.133286714553833,-0.020087119191884995,0.15072463768115943
C1=CC=C(C=C1)OCC(CNC(=O)C2=CC(=NC=C2)N3C=NC=N3)O,O=C(NCC(O)COc1ccccc1)c1ccnc(-n2cncn2)c1,2.66601837453541,13,15,-0.0034088073298335075,-0.06264004111289978,0.13572829961776733,0.02034318819642067,0.06967945117503405,-0.02562558278441429,0.06374232470989227,0.009850510396063328,0.2267080745341615
CN1C=CC=C1C2=NNC(=C2)C(=O)N/N=C/C3=C(C(=CC=C3)OC)O,COc1cccc(/C=N/NC(=O)c2cc(-c3cccn3C)n[nH]2)c1O,2.606084172254649,13,17,0.13177672028541565,-0.003413914702832699,-0.058884892612695694,0.003720410168170929,0.06947791296988726,0.03513016179203987,0.0656537264585495,-0.05372047424316406,0.23511904761904762
CN1C=C(C=N1)C(=O)N2CCNC(=O)C2CC3=NC4=CC=CC=C4O3,Cn1cc(C(=O)N2CCNC(=O)C2Cc2nc3ccccc3o2)cn1,3.106246614788308,12,17,-0.18055459856987,0.13642948865890503,0.11351047456264496,0.021869860589504242,0.06938536465167999,-0.03738667815923691,-0.045354146510362625,0.13660278916358948,0.12834224598930483
C1CC1[C@@H](C2=CC3=CC=CC=C3O2)NC(=O)C4=CN(N=N4)CC(=O)N,NC(=O)Cn1cc(C(=O)N[C@H](c2cc3ccccc3o2)C2CC2)nn1,3.0534364306062933,12,16,0.024421097710728645,0.09301964193582535,-0.04809097200632095,0.10450436174869537,0.06934976764023304,0.0702333003282547,0.06459125131368637,0.07084842026233673,0.12694300518134716
CCOC(=O)C1=CC=C(C=C1)CCC2=CN=C3C(=N2)C(=O)NC(=N3)N,CCOC(=O)c1ccc(CCc2cnc3nc(N)[nH]c(=O)c3n2)cc1,2.461432817975126,9,15,0.13315002620220184,0.1983565092086792,-0.2623853087425232,0.03922426700592041,0.06912122666835785,0.15399125218391418,-0.06071135401725769,0.022668559104204178,0.2968197879858657
COC1=CC=CC(=C1OC)/C=C(/C#N)\C2=NN(C(=C2C#N)N)CCO,COc1cccc(/C=C(/C#N)c2nn(CCO)c(N)c2C#N)c1OC,2.768251236176644,10,17,-0.014192605391144753,-0.116794653236866,0.19994336366653442,-0.04964391887187958,0.06895610503852367,-0.05555826798081398,0.040154729038476944,-0.07143353670835495,0.16266666666666665
CN1C=C(C=N1)C2=CC(=CC=C2)NC(=O)C(=O)NC(CC#C)C(=O)N,C#CCC(NC(=O)C(=O)Nc1cccc(-c2cnn(C)c2)c1)C(N)=O,3.0203489559254333,13,17,0.17280960083007812,-0.05252530425786972,-0.05160890519618988,0.03561915457248688,0.06867539137601852,0.03773381933569908,0.13979217410087585,-0.07609917968511581,0.19801980198019803
CC1=CC(=CC=C1)C(=O)N/N=C(\C)/C=N/NC2=CC=C(C=C2)[N+](=O)[O-],CC(/C=N/Nc1ccc([N+](=O)[O-])cc1)=N\NC(=O)c1cccc(C)c1,2.398247719693126,11,15,0.11501748114824295,-0.15564408898353577,0.10920798033475876,0.0349719300866127,0.06858137249946594,0.024259038269519806,0.12875452637672424,-0.08152663707733154,0.10437710437710437
CC(C)(COC1=NN2C(=NC=C2C3=CC4=C(O3)C=CNC4=O)C=C1)N,CC(C)(N)COc1ccc2ncc(-c3cc4c(=O)[nH]ccc4o3)n2n1,3.128659470196144,10,16,0.027572551742196083,-0.14619946479797363,0.1871071606874466,-0.018567517399787903,0.06848024763166904,-0.11300840228796005,0.10885323584079742,0.009915946051478386,0.3622291021671827
CC1=CC(=NN1CC2=CC=CC=C2)NC(=O)C3=NN(C=C3)CC(=O)O,Cc1cc(NC(=O)c2ccn(CC(=O)O)n2)nn1Cc1ccccc1,2.2459593618537834,11,15,0.24917924404144287,-0.212447851896286,0.03145672753453255,0.051613930612802505,0.06818811967968941,0.028590088710188866,0.20564141869544983,-0.1193818524479866,0.14124293785310735
C1COCCN1C2=CC=C(C=C2)NC(=O)C3=CN4C(=NNC4=O)C=C3,O=C(Nc1ccc(N2CCOCC2)cc1)c1ccc2n[nH]c(=O)n2c1,2.3487481803283803,9,13,-0.010441605001688004,-0.04914596676826477,0.1276700496673584,0.016432875767350197,0.06808247789740562,-0.022910110652446747,0.06019022315740585,0.006261567585170269,0.22044728434504793
CC1=C(C(=O)NN1)C(C2=CC=CC=C2OCC#N)C3=C(NNC3=O)C,Cc1[nH][nH]c(=O)c1C(c1ccccc1OCC#N)c1c(C)[nH][nH]c1=O,3.112841785627192,9,13,0.22771629691123962,-0.3590252995491028,0.1992182731628418,-0.005638573318719864,0.06790927052497864,-0.08545251190662384,0.22646775841712952,-0.1250217854976654,0.24907063197026022
CCC1=C(C=NN1C)C(=O)NC2=CC(=CC=C2)N3C=CC(=N3)C(=O)O,CCc1c(C(=O)Nc2cccc(-n3ccc(C(=O)O)n3)c2)cnn1C,2.3928576098030163,12,17,0.16060563921928406,-0.12609288096427917,0.03321850299835205,0.02047358825802803,0.06773126125335693,-0.009334092028439045,0.13474203646183014,-0.0550403967499733,0.12234042553191489
COC1=CC(=CC(=C1OC)C2=CN=CN2)NC(=O)NC3=CC=CC=N3,COc1cc(NC(=O)Nc2ccccn2)cc(-c2cnc[nH]2)c1OC,2.391214697715103,13,17,0.23004233837127686,-0.04128331318497658,-0.12197691202163696,0.046608395874500275,0.06678211316466331,0.10169962793588638,0.10400613397359848,-0.0961306244134903,0.4365079365079365
C1CC1CNC(=O)NC2=NC3=NC(=CN=C3C=C2)C4=CC=C(O4)CO,O=C(NCC1CC1)Nc1ccc2ncc(-c3ccc(CO)o3)nc2n1,2.6517723900227956,12,16,0.14391276240348816,0.03611594811081886,-0.11361534893512726,0.09936103224754333,0.06641336157917976,0.08910539746284485,0.10216037929058075,0.012137740850448608,0.2852941176470588
CC1=CC=C(C=C1)CN2C=CC(=N2)NC(=O)C3=NN(C=C3)CC(=O)O,Cc1ccc(Cn2ccc(NC(=O)c3ccn(CC(=O)O)n3)n2)cc1,2.250548094248149,11,15,0.14843705296516418,-0.06950438022613525,-0.01277494803071022,0.019194623455405235,0.06615772470831871,0.018482252955436707,0.10592976957559586,-0.04826180264353752,0.14492753623188406
COC1=CC(=CC(=C1)NC(=O)[C@@H](C2=CC=CC=C2)N3C=NN=N3)OC,COc1cc(NC(=O)[C@@H](c2ccccc2)n2cnnn2)cc(OC)c1,2.6843773840190774,9,12,0.05558158829808235,0.033869341015815735,-0.023303445428609848,0.05118093267083168,0.06614748388528824,0.02035686746239662,0.08454139530658722,0.01671060174703598,0.2087227414330218
C1COCCN1C2=CC=C(C=C2)C3=NC4=C(N3)C=C(C=N4)NC(=O)O,O=C(O)Nc1cnc2nc(-c3ccc(N4CCOCC4)cc3)[nH]c2c1,2.379598549137654,9,13,-0.002548114862293005,-0.08544683456420898,0.1538451611995697,0.009857355616986752,0.06585021177306771,-0.04515114799141884,0.08247940242290497,-0.00315658375620842,0.35877862595419846
CC(C)N1C(=CC=N1)C2=NC=CN=C2COC3=CNC(=O)C=C3C=O,CC(C)n1nccc1-c1nccnc1COc1c[nH]c(=O)cc1C=O,3.1750499360682998,11,16,0.20566773414611816,-0.1085950955748558,-0.03193044289946556,0.02960318885743618,0.0651421956717968,0.05068572610616684,0.14733099937438965,-0.11991745233535767,0.2605042016806723
CC1=NC=CN1C2=NC=C(C=N2)NC(=O)C3=CC(=CC(=C3)OC)OC,COc1cc(OC)cc(C(=O)Nc2cnc(-n3ccnc3C)nc2)c1,2.332172146252482,8,13,-0.09192758798599243,0.16568754613399506,-0.008736241608858109,0.02184632420539856,0.06502371653914452,-0.002612566575407982,-0.007756614126265049,0.08225081861019135,0.2482758620689655
COC1=CC=C(C=C1)CNC(=O)NC2=CC=CC3=C2N=C(N3)C(=O)N,COc1ccc(CNC(=O)Nc2cccc3[nH]c(C(N)=O)nc23)cc1,2.1979366099577913,11,15,0.20406216382980347,-0.08609775453805923,-0.05360402911901474,0.07398127019405365,0.06436038017272949,0.06347334384918213,0.1413687765598297,-0.044099148362874985,0.22837370242214533
CN1C=CN=C1C(=O)C2=CC=C(C=C2)NC(=O)C3=NN(C(=O)CC3)C,CN1N=C(C(=O)Nc2ccc(C(=O)c3nccn3C)cc2)CCC1=O,2.4848514559568624,9,15,-0.2409364879131317,0.27233678102493286,0.032936714589595795,0.044780854135751724,0.06433700770139694,0.010598361492156982,-0.07956549525260925,0.17850078642368317,0.16201117318435754
C[C@H](C(=O)N/N=C/C1=CC(=C(C=C1)O)OC)N2C3=CC=CC=C3N=N2,COc1cc(/C=N/NC(=O)[C@@H](C)n2nnc3ccccc32)ccc1O,2.7505118368901513,13,17,0.038432151079177856,0.1143573522567749,-0.08850115537643433,0.027959931641817093,0.06428834795951843,0.0432526171207428,0.0405278205871582,0.00015924498438835144,0.18808777429467086
C1COCCN1C2=CC=CC(=C2)NC3=NC(=O)N(C4=C3C=CC=N4)O,O=c1nc(Nc2cccc(N3CCOCC3)c2)c2cccnc2n1O,2.4282876956076223,11,15,0.09729498624801636,-0.12745241820812225,0.09436514973640442,0.030291758477687836,0.06420771777629852,0.008122898638248444,0.1000244989991188,-0.04255125671625137,0.25259515570934254
C[C@@H](C(=O)N/N=C\C1=CC(=C(C=C1)O)OC)N2C3=CC=CC=C3N=N2,COc1cc(/C=N\NC(=O)[C@H](C)n2nnc3ccccc32)ccc1O,2.7505118368901513,13,17,0.06198804825544357,0.09190579503774643,-0.08978692442178726,0.031800102442502975,0.06410691887140274,0.04817819595336914,0.05399998277425766,-0.010650912299752235,0.18808777429467086
CC1=C([C@H](N2C(=NC=N2)N1)C3=CC=C(C=C3)C#N)C(=O)OCCOC,COCCOC(=O)C1=C(C)Nc2ncnn2[C@@H]1c1ccc(C#N)cc1,3.2384307968034767,9,15,-0.2182072401046753,-0.13639050722122192,0.418557345867157,-0.06421791762113571,0.06395959854125977,-0.21407848596572876,0.06732380390167236,0.05627243220806122,0.1815856777493606
CCOC(=O)NCC1=NC=CC(=C1)C(=O)N2C3=CC=CC=C3N=C2N,CCOC(=O)NCc1cc(C(=O)n2c(N)nc3ccccc32)ccn1,2.4095155915395896,12,17,0.062126126140356064,0.11382535099983215,-0.11213478446006775,0.08504234999418259,0.06381669268012047,0.06720931082963943,0.06999290734529495,0.054423555731773376,0.19148936170212766
C1COCCN1CC2=NC3=C(C(=N2)C4=CC=CC=C4)ON=C3C(=O)N,NC(=O)c1noc2c(-c3ccccc3)nc(CN3CCOCC3)nc12,2.6028099295380756,7,13,-0.08087359368801117,0.06971045583486557,0.07464098185300827,0.09582586586475372,0.06347784399986267,0.02090594917535782,0.06140214577317238,0.09182985872030258,0.23391812865497075
CCC1=NN(C2=C1C(=NCC(=N2)/C(=N/O)/C(=O)O)C3=CC=CC=C3)C,CCc1nn(C)c2c1C(c1ccccc1)=NCC(/C(=N/O)C(=O)O)=N2,3.2132521152975215,9,15,0.008713524788618088,-0.11703815311193466,0.17179711163043976,0.03180859237909317,0.06347248330712318,-0.040166471153497696,0.1035621389746666,0.0013653747737407684,0.12077294685990338
C1CC1C2=NC(=NC=C2)NC(=O)N3CCC4=C(C3)C=C(C=C4)[N+](=O)[O-],O=C(Nc1nccc(C2CC2)n1)N1CCc2ccc([N+](=O)[O-])cc2C1,2.5241597952232304,11,16,0.24683788418769836,-0.08279561996459961,-0.10078033804893494,0.0963934063911438,0.06326192617416382,0.14403772354125977,0.10840431600809097,-0.06093204393982887,0.22935779816513763
C[C@@H](C(=O)N1CCC2=NN=C(C=C2C1)N)N3C4=CC=CC=C4OC3=O,C[C@@H](C(=O)N1CCc2nnc(N)cc2C1)n1c(=O)oc2ccccc21,3.2048138953950254,11,17,-0.0852818489074707,0.04964775592088699,0.09874672442674637,0.054033711552619934,0.06311263144016266,0.003291197121143341,0.010848810896277428,0.08603057265281677,0.14043583535108958
CCOC1=C(C=C(C=C1)C(=NNC2=NC3=CC=CC=C3N2)C)[N+](=O)[O-],CCOc1ccc(C(C)=NNc2nc3ccccc3[nH]2)cc1[N+](=O)[O-],2.328704757303404,12,17,-0.02909407578408718,-0.20517410337924957,0.29733002185821533,-0.03544209524989128,0.06306184269487858,-0.1258862018585205,0.09911659359931946,-0.013700924813747406,0.24067796610169492
CN(C)C(=O)N1N=C(N=N1)C2=CC=C(C=C2)OC3=CC=C(C=C3)OC,COc1ccc(Oc2ccc(-c3nnn(C(=O)N(C)C)n3)cc2)cc1,2.2362865557866094,6,12,0.0028379298746585846,-0.06726935505867004,0.12732505798339844,0.056003689765930176,0.06289363279938698,-0.03466189280152321,0.06104252487421036,0.08304755389690399,0.25092250922509224
CCN1C=C(C=N1)C2=NOC(=N2)CNC(=O)C3=CC=C(C=C3)C(=O)C,CCn1cc(-c2noc(CNC(=O)c3ccc(C(C)=O)cc3)n2)cn1,2.2425972816804354,9,15,-0.08428196609020233,0.061869002878665924,0.08451056480407715,-0.02796269953250885,0.06209760159254074,-0.01596769690513611,-0.03723759204149246,0.02676398865878582,0.18823529411764706
CC1=C(C=NN1C2=NNC(=O)C=C2)C(=O)N3CCCC3C4=CC=CO4,Cc1c(C(=O)N2CCCC2c2ccco2)cnn1-c1ccc(=O)[nH]n1,3.0737619994036924,12,17,-0.08518297225236893,0.12276265025138855,0.024333810433745384,-0.02057008445262909,0.06191348843276501,-0.004294801503419876,-0.04186573252081871,0.04334202781319618,0.13592233009708737
CC1=NN(C(=O)C=C1)C2COCC2NC(=O)C3=CC4=C(C=C3)N=CN4,Cc1ccc(=O)n(C2COCC2NC(=O)c2ccc3nc[nH]c3c2)n1,3.497746050403867,13,17,0.10975570976734161,0.013728326186537743,-0.06180460751056671,-0.0180856641381979,0.061679428443312645,0.0425039604306221,0.08027387410402298,-0.11829518526792526,0.1771117166212534
C[C@@H](C1=CC=CC=C1)N2C(=CC(=N2)C(=O)NC)C(=O)NC3=NC=CO3,CNC(=O)c1cc(C(=O)Nc2ncco2)n([C@@H](C)c2ccccc2)n1,3.1010476982119277,11,15,0.14758601784706116,0.01520196907222271,-0.1016547903418541,0.06244024634361267,0.06113319657742977,0.08534847944974899,0.07846929877996445,-0.03261922672390938,0.14473684210526316
CC1CCN(C2=C1C=CC=C2O)C(=O)CN3C(=O)C4=CC=NN4C=N3,CC1CCN(C(=O)Cn2ncn3nccc3c2=O)c2c(O)cccc21,3.4158955855358712,12,17,0.09763327240943909,-0.0118605587631464,-0.02478611469268799,0.06883794814348221,0.0609865989536047,0.06463178992271423,0.07235430926084518,0.004493598360568285,0.2198952879581152
CC1C2=CC=CN2CCN1C(=O)C3=NC4=C(C(=C3)C)C(=O)NC(=O)N4,Cc1cc(C(=O)N2CCn3cccc3C2C)nc2[nH]c(=O)[nH]c(=O)c12,3.332611889513583,11,17,0.25519633293151855,-0.1964191496372223,0.0009928029030561447,0.045192111283540726,0.05976998619735241,0.04795774072408676,0.16417279839515686,-0.12155389040708542,0.24773413897280966
C[C@@H](C(=O)NC(=O)NC1=CC=CC=C1)NC2=CC3=C(C=C2)NC(=O)N3,C[C@H](Nc1ccc2[nH]c(=O)[nH]c2c1)C(=O)NC(=O)Nc1ccccc1,2.6037738087211366,13,15,0.18228915333747864,-0.23264965415000916,0.10999411344528198,0.05591079592704773,0.059633612632751465,-0.016619395464658737,0.17657789587974548,-0.05035969987511635,0.2210144927536232
CC(C1=CC(=CC=C1)N2C=CC=C2)NC(=O)CN3C=CC(=N3)[N+](=O)[O-],CC(NC(=O)Cn1ccc([N+](=O)[O-])n1)c1cccc(-n2cccc2)c1,2.933829063325687,12,15,0.15455269813537598,-0.18196913599967957,0.08668042719364166,0.02288069762289524,0.059263989329338074,0.009693119674921036,0.16087248921394348,-0.12348859757184982,0.1358695652173913
C1COCCN1C2=NC(=NN3C2=CC=C3)C4=CC=C(C=C4)N.C(=O)=O,Nc1ccc(-c2nc(N3CCOCC3)c3cccn3n2)cc1.O=C=O,2.5757513445190057,8,13,0.0297007467597723,-0.12445080280303955,0.15344034135341644,-0.0032040104269981384,0.05869028531014919,-0.0323152057826519,0.09953845292329788,-0.07003287225961685,0.3037542662116041
CC1(CNC2=C(C(=C(C(=N)N2C1)C#N)C3=CC=CC=C3O)[N+](=O)[O-])C,CC1(C)CNc2c([N+](=O)[O-])c(-c3ccccc3O)c(C#N)c(=N)n2C1,3.382165942058996,10,16,-0.045660413801670074,-0.1940336376428604,0.29837170243263245,-0.005291617475450039,0.05867765098810196,-0.12997859716415405,0.08427390456199646,0.049560919404029846,0.22281167108753316
CC(C(=O)NC1=CC=C(C=C1)C(=O)N)NC2=CC3=C(C=C2)NC(=O)N3,CC(Nc1ccc2[nH]c(=O)[nH]c2c1)C(=O)Nc1ccc(C(N)=O)cc1,2.578643318085012,12,15,0.1427864283323288,-0.05525684356689453,-0.02890452742576599,0.06023610755801201,0.058625057339668274,0.027389544993638992,0.12266503274440765,-0.013173459097743034,0.2271062271062271
COC(=O)C1=NN2CCCC(C2=C1)NC(=O)CC3=CC(=CN=C3)C#N,COC(=O)c1cc2n(n1)CCCC2NC(=O)Cc1cncc(C#N)c1,3.2907185541165864,11,17,0.017515074461698532,0.06937210261821747,-0.02828628197312355,-0.017232714220881462,0.05860089510679245,0.03708039969205856,-0.025616755709052086,-0.01056959480047226,0.13283208020050125
C1C=C(C2=NC3=CC=CC=C3N=C2C1=O)NC(=O)[C@H](CCC(=O)N)N,NC(=O)CC[C@H](N)C(=O)NC1=CCC(=O)c2nc3ccccc3nc21,3.2258461752278693,12,17,0.26896023750305176,0.13965614140033722,-0.3501335680484772,0.08723758161067963,0.058482810854911804,0.2048797905445099,0.08973491936922073,-0.08462871611118317,0.1348314606741573
CC1=C(C=C(C=C1)C(=O)NC2=CN=C3C(=C2)C=NN3C(C)C)[N+](=O)[O-],Cc1ccc(C(=O)Nc2cnc3c(cnn3C(C)C)c2)cc1[N+](=O)[O-],2.2950699652736315,10,16,-0.040550343692302704,-0.04635187238454819,0.14508488774299622,-0.031676895916461945,0.058182671666145325,-0.06203095614910126,0.0493316724896431,-0.02358662337064743,0.19767441860465115
C1CCN([C@@H](C1)C2=NC=NN2)C(=O)C3=CC=C(NC3=O)C4=CC=CO4,O=C(c1ccc(-c2ccco2)[nH]c1=O)N1CCCC[C@H]1c1ncn[nH]1,3.1859566253257166,13,17,-0.2601300776004791,0.27097761631011963,0.04710137099027634,0.0035896748304367065,0.05794890969991684,0.028179889544844627,-0.1312255561351776,0.12782353162765503,0.232620320855615
C[C@@H](C(=O)N/N=C/C1=CC(=C(C=C1)O)OC)N2C3=CC=CC=C3N=N2,COc1cc(/C=N/NC(=O)[C@H](C)n2nnc3ccccc32)ccc1O,2.7505118368901513,13,17,0.05147530883550644,0.09655990451574326,-0.09024368971586227,0.031002763658761978,0.05779152363538742,0.04721377417445183,0.04812721163034439,-0.00979766808450222,0.18808777429467086
CCOC(=O)C1=CNC(=C1C)C(=NC=N)OC2=CN=C3C(=C2)C=CN3,CCOC(=O)c1c[nH]c(C(=NC=N)Oc2cnc3[nH]ccc3c2)c1C,3.410050369437747,12,17,-0.14554239809513092,0.2023308128118515,0.0009385030716657639,-0.028408709913492203,0.057726917788386345,-0.032599497586488724,-0.08910240232944489,0.11580658704042435,0.22935779816513763
CC1=NOC(=N1)[C@H]2C[C@H](CN2C(=O)C3=CC(=CC=C3)N4C=CC=N4)O,Cc1noc([C@H]2C[C@@H](O)CN2C(=O)c2cccc(-n3cccn3)c2)n1,3.3174614350192515,13,17,0.04288916289806366,0.15144377946853638,-0.13746218383312225,-0.015814486891031265,0.05687075853347778,0.05066490173339844,-0.00737481564283371,-0.019877977669239044,0.12781954887218044
C[C@H]1C2=CC=CN2CCN1C(=O)C3=NC4=C(C(=C3)C)C(=O)NC(=O)N4,Cc1cc(C(=O)N2CCn3cccc3[C@@H]2C)nc2[nH]c(=O)[nH]c(=O)c12,3.332611889513583,11,17,0.23938053846359253,-0.20040856301784515,0.017526471987366676,0.03732691705226898,0.05649844743311405,0.03441842645406723,0.15665221214294434,-0.11448176205158234,0.24773413897280966
CN1C2=C(CN(CC2)C(=O)C3=NN(C4=CC=CC=C43)C)C(=N1)C(=O)O,Cn1nc(C(=O)O)c2c1CCN(C(=O)c1nn(C)c3ccccc13)C2,2.5253178295832353,10,17,-0.08814045041799545,-0.12255801260471344,0.26703688502311707,-0.020944707095623016,0.05633842200040817,-0.09165918827056885,0.03056146204471588,0.01515874546021223,0.12121212121212122
CN1C(=CC=N1)COCC(=O)NC2=CC=C(C=C2)OC3=NC=CN=C3,Cn1nccc1COCC(=O)Nc1ccc(Oc2cnccn2)cc1,2.4280562941323858,11,15,-0.0984191969037056,-0.04692845419049263,0.20152440667152405,-0.040846724063158035,0.05617675557732582,-0.12493281066417694,0.032475546002388,0.03953409940004349,0.215625
CC1=C(C=C(C=C1)C2=C3C(=NC=N2)N(C=N3)C4CCCCO4)[N+](=O)[O-],Cc1ccc(-c2ncnc3c2ncn3C2CCCCO2)cc1[N+](=O)[O-],3.0334985378652313,11,17,-0.12571287155151367,-0.008862057700753212,0.1906958520412445,-0.0677693784236908,0.05612092278897762,-0.08905164152383804,-0.022582001984119415,0.0049840351566672325,0.26605504587155965
C[C@H](C(=O)N1CCC2=NN=C(C=C2C1)N)N3C4=CC=CC=C4OC3=O,C[C@H](C(=O)N1CCc2nnc(N)cc2C1)n1c(=O)oc2ccccc21,3.2048138953950254,11,17,-0.0992819145321846,0.06038464978337288,0.09491322189569473,0.0510345920920372,0.05601595714688301,0.0017151832580566406,0.00040948856621980667,0.09000198543071747,0.14043583535108958
CC(C(=O)NC1=CC2=C(C=C1)NC(=O)N2)N3C(=O)C=CC(=N3)C4CC4,CC(C(=O)Nc1ccc2[nH]c(=O)[nH]c2c1)n1nc(C2CC2)ccc1=O,2.9675758455575405,12,16,0.13302171230316162,0.012045351788401604,-0.08928264677524567,0.05961054936051369,0.05578441731631756,0.05783995985984802,0.09282758831977844,-0.00339435413479805,0.207492795389049
C1CN(CCN2C1=NC(=C2)C(=O)N)C(=O)CC3=NOC4=CC=CC=C43,NC(=O)c1cn2c(n1)CCN(C(=O)Cc1noc3ccccc13)CC2,2.6529185438689513,11,17,-0.23532022535800934,0.1667703539133072,0.12420022487640381,-0.005731040611863136,0.05565035343170166,-0.04502914100885391,-0.12896715104579926,0.16543003916740417,0.16804407713498623
CN1C(=O)C=C(N=C1N2CCOC(C2)C3=CC=CO3)C4=NC=NC=C4,Cn1c(N2CCOC(c3ccco3)C2)nc(-c2ccncn2)cc1=O,3.274259048929509,12,17,0.012297196313738823,-0.06729963421821594,0.11044897139072418,0.027337996289134026,0.05544653348624706,-0.014900323934853077,0.08112478256225586,-0.014191366732120514,0.30952380952380953
CC(C1=CC=C(C=C1)N2C=CC=C2)NC(=O)C3=NN(C=C3[N+](=O)[O-])C,CC(NC(=O)c1nn(C)cc1[N+](=O)[O-])c1ccc(-n2cccc2)cc1,2.8431305708322636,9,13,0.20690147578716278,-0.30415380001068115,0.1525890827178955,0.015440458431839943,0.055336758494377136,-0.04333634674549103,0.20915564894676208,-0.11764292418956757,0.1366120218579235
C1CCN([C@H](C1)C2=NC=NN2)C(=O)C3=CC=C(NC3=O)C4=CC=CO4,O=C(c1ccc(-c2ccco2)[nH]c1=O)N1CCCC[C@@H]1c1ncn[nH]1,3.1859566253257166,13,17,-0.2621770203113556,0.26061156392097473,0.05636141821742058,1.4975666999816895e-06,0.05479596182703972,0.020911462604999542,-0.1320895552635193,0.1271141767501831,0.232620320855615
COC1=CC(=C(C=C1)NC(=O)CC2=NC(=NN2)C3=CC=CC=N3)OC,COc1ccc(NC(=O)Cc2nc(-c3ccccn3)n[nH]2)c(OC)c1,2.225305082330488,12,17,-0.30014723539352417,0.20076479017734528,0.15413233637809753,-0.030214669182896614,0.05474989116191864,-0.0739864856004715,-0.11953386664390564,0.17613327503204346,0.34965034965034963
C/C=C/C=C/C(=O)NC1=C(C(=NC(=N1)N)OCC2=CC=CC=C2)N=O,C/C=C/C=C/C(=O)Nc1nc(N)nc(OCc2ccccc2)c1N=O,2.891242785472418,11,15,0.2645072937011719,-0.16169726848602295,-0.049021389335393906,0.08525580167770386,0.05378863587975502,0.06862661242485046,0.2191484272480011,-0.12023220956325531,0.29333333333333333
C1=CC=C(C=C1)[C@H](CN2C=CC=N2)NC(=O)CN3C=CC(=O)NC3=O,O=C(Cn1ccc(=O)[nH]c1=O)N[C@@H](Cn1cccn1)c1ccccc1,2.8083543070959998,13,15,0.0937449112534523,-0.07291651517152786,0.032840512692928314,0.02647426724433899,0.05366890877485275,0.035708192735910416,0.06329060345888138,-0.03996434807777405,0.22641509433962265
COC(CNC1=NC2=CC=CC=C2N3C1=NC(=N3)C4=CC=CO4)OC,COC(CNc1nc2ccccc2n2nc(-c3ccco3)nc12)OC,2.691956399506463,11,16,0.05130951479077339,-0.13417375087738037,0.13615387678146362,0.02743891067802906,0.053289640694856644,-0.04071657359600067,0.15208454430103302,-0.05455474555492401,0.2971246006389776
C1CN2C(=CC(=N2)C(=O)N3CCC(C3)OC4=NC=CC(=C4)C#N)OC1,N#Cc1ccnc(OC2CCN(C(=O)c3cc4n(n3)CCCO4)C2)c1,3.4947941384974763,11,17,-0.028400510549545288,0.0036538876593112946,0.07801908254623413,-0.07452243566513062,0.05327245965600014,-0.03507286310195923,-0.03253460302948952,-0.040763504803180695,0.17647058823529413
CC1=C(C(=C(C=C1)O)C)N2C(=C(C3=NC(=CN=C32)C(=O)C)C(=O)N)N,CC(=O)c1cnc2c(n1)c(C(N)=O)c(N)n2-c1c(C)ccc(O)c1C,2.9442082970262398,9,17,-0.004189919680356979,0.0686008483171463,-0.011209454387426376,0.03674941137433052,0.053201474249362946,0.04767289012670517,0.038500577211380005,-0.005601136013865471,0.2011173184357542
CN1C2=C(C=C(C=C2)C(=O)O)N=C1C(C3=CC=C(C=C3)/C(=N/O)/N)N,Cn1c(C(N)c2ccc(/C(N)=N/O)cc2)nc2cc(C(=O)O)ccc21,2.851783069637806,11,15,-0.10657360404729843,0.1553090214729309,0.004377561621367931,0.024202516302466393,0.05311297904700041,0.016536593437194824,-0.028965342789888382,0.07630761712789536,0.14285714285714285
CC1=CC=C(O1)C2COCCN2C(=O)C3=CC(=CC=C3)N4C=NN=N4,Cc1ccc(C2COCCN2C(=O)c2cccc(-n3cnnn3)c2)o1,3.045495929856801,12,17,-0.10872623324394226,0.17467719316482544,-0.013041352853178978,-0.07872877269983292,0.0529096070677042,-0.04081372916698456,-0.04874992370605469,0.0006273221224546432,0.12188365650969529
CN1C(=CN2C1=NC3=C(C2=O)N=CN3COCCO)C4=CC=CC=C4,Cn1c(-c2ccccc2)cn2c(=O)c3ncn(COCCO)c3nc12,2.813182005407411,10,15,-0.019179943948984146,-0.23121657967567444,0.3032855987548828,-0.0202125683426857,0.05288907513022423,-0.10938271880149841,0.14816409349441528,-0.09349767863750458,0.325
[HH].C1=CC=C(C=C1)CN=C/C(=C\N)/NC(=O)C2=NOC(=C2)C3=CN=CO3,N/C=C(\C=NCc1ccccc1)NC(=O)c1cc(-c2cnco2)on1.[HH],3.418596017530189,12,15,0.14239871501922607,-0.0744314044713974,-0.01553352177143097,0.08926796913146973,0.052433788776397705,0.060663122683763504,0.10638546198606491,0.009145666845142841,0.12532637075718014
C1C(CC1N2C(=CN=N2)CO)NC(=O)C3=NOC(=C3)C4=CC=CC=C4,O=C(NC1CC(n2nncc2CO)C1)c1cc(-c2ccccc2)on1,2.7236531592535655,11,14,-0.0026051821187138557,0.15951180458068848,-0.10460811853408813,0.06255081295967102,0.052298503927886486,0.08495551347732544,0.005667697638273239,0.0403229221701622,0.14720812182741116
COC1=NC=CC2=C1C=C(O2)C3=CN=C4N3N=C(C=C4)OCCCN,COc1nccc2oc(-c3cnc4ccc(OCCCN)nn34)cc12,2.8791772635739026,11,17,-0.07606017589569092,0.04526206851005554,0.08182086050510406,-0.0312078595161438,0.05102275311946869,-0.07758535444736481,-0.020030351355671883,0.08511891216039658,0.309375
CCC1=NOC(=N1)C2=CC=C(C=C2)CCNC3=NC=C(N=C3)C(=O)O,CCc1noc(-c2ccc(CCNc3cnc(C(=O)O)cn3)cc2)n1,2.390122390022796,10,15,0.01737097278237343,0.28850892186164856,-0.25496795773506165,0.03958725184202194,0.05091193690896034,0.10651570558547974,-0.08969371020793915,0.11699961870908737,0.24242424242424243
CC1=NOC(=C1)CN2C(=C(N=N2)C(=O)N[C@@H]3COC4=CC=CC=C34)C,Cc1cc(Cn2nnc(C(=O)N[C@@H]3COc4ccccc43)c2C)on1,3.0472889224806163,11,17,0.19687163829803467,-0.08966962993144989,-0.05633113160729408,-0.00024127401411533356,0.050870876759290695,0.02783859707415104,0.10746192932128906,-0.09073728322982788,0.16381418092909536
CCOC(=O)C1=NNC2=C1CN(CC2)C(=O)C3=CC4=C(C=C3)N=CN4,CCOC(=O)c1n[nH]c2c1CN(C(=O)c1ccc3nc[nH]c3c1)CC2,2.5839762361766425,11,17,-0.15589116513729095,0.14113950729370117,0.06552102416753769,-0.05797781050205231,0.050769366323947906,-0.025147687643766403,-0.15174280107021332,0.09664862602949142,0.1642651296829971
C1CCN(C1)C2=C(C=C(C=C2)[N+](=O)[O-])/C=N\NC(=O)C3=CN=CC=C3,O=C(N/N=C\c1cc([N+](=O)[O-])ccc1N1CCCC1)c1cccnc1,2.259201236176642,11,15,-0.04560380056500435,-0.07941120862960815,0.17513775825500488,-0.011888295412063599,0.05012274906039238,-0.039977677166461945,0.04093577712774277,-0.025708816945552826,0.1411042944785276
CC(C#N)NC(=O)C(CC1=CNC2=CC=CC=C21)NC(=O)OCC#N,CC(C#N)NC(=O)C(Cc1c[nH]c2ccccc12)NC(=O)OCC#N,3.2462571493049666,13,17,0.00436289981007576,-0.06519953906536102,0.11086059361696243,0.025870006531476974,0.05002395436167717,-0.006012788973748684,0.04141649603843689,0.013366950675845146,0.18032786885245902
CC1=CC=NC2=NC(=NN12)C(=O)N[C@H](C)C3=CC4=C(C=C3)OCCO4,Cc1ccnc2nc(C(=O)N[C@H](C)c3ccc4c(c3)OCCO4)nn12,2.9144562301729238,11,17,0.019914785400032997,-0.1285533607006073,0.15859413146972656,-0.07207228243350983,0.04995555616915226,-0.07393895089626312,0.030111227184534073,-0.06755606085062027,0.26732673267326734
C/C=C(\C=N/C(=C)N)/C1=NCC2=C(C=C1)OC(=C2)C3C(=O)NC(=O)N3,C=C(N)/N=C\C(=C/C)C1=NCc2cc(C3NC(=O)NC3=O)oc2C=C1,4.698534966436661,12,17,0.21441598236560822,-0.08784987777471542,-0.0766395702958107,0.05725034326314926,0.04992653429508209,0.09336109459400177,0.12519347667694092,-0.09809324145317078,0.11633663366336634
C1CCN(C1)C2=C(C=C(C=C2)/C=N\NC(=O)C3=CC=CC=N3)[N+](=O)[O-],O=C(N/N=C\c1ccc(N2CCCC2)c([N+](=O)[O-])c1)c1ccccn1,2.2221108515612578,11,15,-0.08041064441204071,-0.007925020530819893,0.1382533311843872,0.005960925482213497,0.049917666241526604,-0.021233515813946724,0.017586026340723038,0.0062464019283652306,0.15060240963855423
CC(C)C(C1=NC(=NO1)C2=CN=CC=C2)NC3=CC=CC=C3[N+](=O)[O-],CC(C)C(Nc1ccccc1[N+](=O)[O-])c1nc(-c2cccnc2)no1,2.8340821510830008,12,16,-0.09028907120227814,0.16661587357521057,-0.026534799486398697,0.00543617270886898,0.04979200288653374,-0.010589552111923695,-0.03250010311603546,0.09124112129211426,0.2195845697329377
COC1=CC(=C(C=C1)CC(=O)NC2=CN=C(C=C2)N3C=NC=N3)OC,COc1ccc(CC(=O)Nc2ccc(-n3cncn3)nc2)c(OC)c1,2.196237774638181,12,17,-0.11235885322093964,0.1254594922065735,0.036551184952259064,-0.004224617034196854,0.049651823937892914,-0.03682749718427658,-0.02891184762120247,0.08756061643362045,0.23052959501557632
CCC1=NC(=NO1)C2=CC3=C(C=C2)[C@@H](CC3)NC(=O)C4=NN=C(O4)C,CCc1nc(-c2ccc3c(c2)CC[C@H]3NC(=O)c2nnc(C)o2)no1,3.0873216147883102,10,17,-0.12855051457881927,0.3549806773662567,-0.17740657925605774,0.04377741366624832,0.0490235835313797,0.09625773876905441,-0.13160303235054016,0.1573880910873413,0.18559556786703602
COC1=C(C=C(C=C1)N=NC2=C(NNC2=O)C3=CC(=CC=C3)N)OC,COc1ccc(N=Nc2c(-c3cccc(N)c3)[nH][nH]c2=O)cc1OC,2.768285038993545,12,17,-0.006480802781879902,-0.04036576300859451,0.09577643871307373,-0.04449708014726639,0.048929872922599316,-0.0180271714925766,0.005932226777076721,-0.052203916013240814,0.31203007518796994
C1CN(CCN1)C2=CC=CC=C2N3C(=O)C=C4C(=C3N)C(=O)NC4=O,Nc1c2c(cc(=O)n1-c1ccccc1N1CCNCC1)C(=O)NC2=O,2.7279790801636405,10,15,0.13512815535068512,0.01577373594045639,-0.10206883400678635,0.09021010249853134,0.048833057284355164,0.0994747206568718,0.05404160916805267,0.017044242471456528,0.18028169014084508
C1=CC=C(C=C1)N2N=CC(=N2)C(=O)NCC(CN3C=CC=CC3=O)O,O=C(NCC(O)Cn1ccccc1=O)c1cnn(-c2ccccc2)n1,2.875267768634462,13,15,0.10870473086833954,0.05006701126694679,-0.1102362722158432,0.04230409860610962,0.04853546991944313,0.07028251141309738,0.08330102264881134,-0.0453508198261261,0.17101449275362318
CC1=NOC(=C1)CN2C(=C(N=N2)C(=O)N[C@H]3COC4=CC=CC=C34)C,Cc1cc(Cn2nnc(C(=O)N[C@H]3COc4ccccc43)c2C)on1,3.0472889224806163,11,17,0.1893324851989746,-0.07641807198524475,-0.06466922909021378,-0.003283856436610222,0.04824518412351608,0.02756781503558159,0.10018382966518402,-0.08778376132249832,0.16381418092909536
C1CCC(C1)(C#N)NC(=O)CN2C=C(C=N2)C3=CC=C(C=C3)[N+](=O)[O-],N#CC1(NC(=O)Cn2cc(-c3ccc([N+](=O)[O-])cc3)cn2)CCCC1,2.524208549286069,8,13,-0.14160513877868652,0.02709682658314705,0.16236907243728638,-0.03050481155514717,0.0478607602417469,-0.07446800917387009,-0.015297390520572662,0.04029074311256409,0.17378048780487804
CC(C1=CC=C(C=C1)N2C=CC=C2)NC(=O)CN3C=CC(=N3)[N+](=O)[O-],CC(NC(=O)Cn1ccc([N+](=O)[O-])n1)c1ccc(-n2cccc2)cc1,2.8750180124047766,10,13,0.13435649871826172,-0.18988528847694397,0.10307762771844864,0.03348835930228233,0.04754883795976639,0.0011129416525363922,0.15302307903766632,-0.09267265349626541,0.1335149863760218
C1CN2C(CC1O)C3=C(C2=O)C=CC=C3NC(=O)NC4=NC=CN=C4,O=C(Nc1cnccn1)Nc1cccc2c1C1CC(O)CCN1C2=O,3.3066095119423284,14,17,0.20773568749427795,-0.07800646126270294,-0.08238235116004944,-0.004738439805805683,0.047346875071525574,0.06361768394708633,0.07643429934978485,-0.11459219455718994,0.16569767441860464
C1=CC(=C[N+](=C1)CC2=CC(=NO2)C[N+]3=CC=CC(=C3)/C=N/O)/C=N/O,O/N=C/c1ccc[n+](Cc2cc(C[n+]3cccc(/C=N/O)c3)on2)c1,3.6771918051966628,15,17,-0.023738069459795952,0.15231752395629883,-0.08123604953289032,0.04485737532377243,0.047343404963612556,0.08861882239580154,-0.028958648443222046,0.03439401090145111,0.08945686900958466
CC(C)C1=NOC(=N1)C2=CC(=NC=C2)NCC3=CC=C(C=C3)[N+](=O)[O-],CC(C)c1noc(-c2ccnc(NCc3ccc([N+](=O)[O-])cc3)c2)n1,2.343252969654433,9,14,0.019986167550086975,0.07413195818662643,-0.04680142179131508,0.029834402725100517,0.04731670394539833,0.0355549082159996,-0.005445374175906181,0.051030389964580536,0.23219814241486067
CC1=CC=C(C=C1)CN2C=CC(=N2)NC(=O)C3=C(C=NN3C)C(=O)O,Cc1ccc(Cn2ccc(NC(=O)c3c(C(=O)O)cnn3C)n2)cc1,2.2724633240887293,10,15,0.14819559454917908,-0.19297859072685242,0.09201648831367493,0.004904170986264944,0.04723349213600159,-0.032131798565387726,0.11720304191112518,-0.05766306072473526,0.13055555555555556
CC1=C(C=CC(=C1O)C(=O)N[C@@H](C)C2=NC(=NN2)C3=CC=NC=C3)O,Cc1c(O)ccc(C(=O)N[C@@H](C)c2nc(-c3ccncc3)n[nH]2)c1O,3.005441120282814,11,15,-0.03312402218580246,0.0011963769793510437,0.07903032004833221,0.02344404347240925,0.0471026748418808,-0.016186971217393875,0.04011412337422371,0.02860824204981327,0.2857142857142857
C[C@@H](C(=O)N/N=C\C1=C(C=CC(=C1)OC)O)N2C3=CC=CC=C3N=N2,COc1ccc(O)c(/C=N\NC(=O)[C@H](C)n2nnc3ccccc32)c1,2.7987393558500635,13,17,0.08228138834238052,0.06796194612979889,-0.10321636497974396,0.02910671755671501,0.047026969492435455,0.04977639019489288,0.05285132676362991,-0.018734656274318695,0.18322981366459629
C[C@H](C(=O)NC(=O)NC1=CC=CC=C1)NC2=CC3=C(C=C2)NC(=O)N3,C[C@@H](Nc1ccc2[nH]c(=O)[nH]c2c1)C(=O)NC(=O)Nc1ccccc1,2.6037738087211366,13,15,0.17311272025108337,-0.2358030080795288,0.10948638617992401,0.053225964307785034,0.04679609835147858,-0.020996758714318275,0.17198331654071808,-0.051350343972444534,0.2210144927536232
CC1=C([C@@H](N2C(=NC=N2)N1)C3=CC=C(C=C3)C#N)C(=O)OCCOC,COCCOC(=O)C1=C(C)Nc2ncnn2[C@H]1c1ccc(C#N)cc1,3.2384307968034767,9,15,-0.22976291179656982,-0.14361320436000824,0.4199451804161072,-0.06805423647165298,0.046569064259529114,-0.22115960717201233,0.06228705495595932,0.05358535423874855,0.1815856777493606
CCC1=CC(=C2C=C(C=CC2=N1)[N+](=O)[O-])NC(=O)CC3=CN(N=C3)C,CCc1cc(NC(=O)Cc2cnn(C)c2)c2cc([N+](=O)[O-])ccc2n1,2.421095851561258,11,17,0.0500444732606411,-0.03405218943953514,0.030426867306232452,-0.00010679429396986961,0.04641915112733841,-0.023722533136606216,0.02143283747136593,0.03450118377804756,0.1792452830188679
CC(=O)C1=CC(=CC=C1)OC[C@H](CN2N=C(N=N2)C3=CN=CC=C3)O,CC(=O)c1cccc(OC[C@@H](O)Cn2nnc(-c3cccnc3)n2)c1,2.763221614788309,13,17,-0.10867790132761002,-0.017264068126678467,0.17181307077407837,-0.0891636461019516,0.045871101319789886,-0.06518339365720749,-0.05051045119762421,-0.041725173592567444,0.3047945205479452
COC1=C(C=C(C=C1)C(=O)N2CCC[C@H]2C3=CC=CO3)N4C=NN=N4,COc1ccc(C(=O)N2CCC[C@H]2c2ccco2)cc1-n1cnnn1,2.850847457780933,12,17,-0.31204161047935486,0.40930089354515076,-0.0513935349881649,-0.08420973271131516,0.045865748077631,-0.02804747223854065,-0.19366082549095154,0.11519372463226318,0.16666666666666666
CC1=NN(C(=O)C(=C1C2=CC(=NN2)C3=CC=CC=C3)N)CC(=O)OC,COC(=O)Cn1nc(C)c(-c2cc(-c3ccccc3)n[nH]2)c(N)c1=O,2.543412774638181,9,15,0.09944148361682892,-0.26076850295066833,0.20712250471115112,-0.009790915995836258,0.04579548537731171,-0.07624155282974243,0.15621447563171387,-0.09423666447401047,0.207492795389049
COC(=O)CC1C(=O)N(C(=N1)NC#N)CCC2=CNC3=CC=CC=C32,COC(=O)CC1N=C(NC#N)N(CCc2c[nH]c3ccccc23)C1=O,3.40778680980456,12,17,-0.1126197874546051,0.1130688488483429,0.04523482918739319,0.02198994718492031,0.04568389058113098,0.013680195435881615,-0.05128830671310425,0.0844268724322319,0.15743440233236153
CC(C)C(NC(=O)C1=CC=C(C=C1)[N+](=O)[O-])N2C3=CC=CC=C3N=N2,CC(C)C(NC(=O)c1ccc([N+](=O)[O-])cc1)n1nnc2ccccc21,2.8317154059971,10,14,0.2149394452571869,-0.06754045188426971,-0.10192786902189255,0.006414223462343216,0.04547112435102463,0.0385153666138649,0.10866674780845642,-0.09371426701545715,0.11797752808988764
C1=CC=C2C(=C1)N=CN2CCCNC(=O)NC3=CC(=CC=C3)[N+](=O)[O-],O=C(NCCCn1cnc2ccccc21)Nc1cccc([N+](=O)[O-])c1,2.068933928484334,14,17,0.0980018749833107,-0.13308429718017578,0.08043380081653595,0.041150450706481934,0.04535137861967087,0.019162362441420555,0.1176605299115181,-0.07300227880477905,0.18518518518518517
CC(C(=O)N/N=C\C1=C(C=CC(=C1)OC)O)N2C3=CC=CC=C3N=N2,COc1ccc(O)c(/C=N\NC(=O)C(C)n2nnc3ccccc32)c1,2.7987393558500635,13,17,0.06406766176223755,0.087044358253479,-0.10613564401865005,0.025470301508903503,0.0449763759970665,0.0406254380941391,0.04676854982972145,-0.010385066270828247,0.18322981366459629
C/C(=C\N1C2=CC=CC=C2N=N1)/NNC(=O)C3=CC(=C(C=C3)O)OC,COc1cc(C(=O)NN/C(C)=C/n2nnc3ccccc32)ccc1O,2.645576913316404,13,17,0.039352864027023315,0.0818905159831047,-0.07626864314079285,-0.009684162214398384,0.044974736869335175,0.0020792922005057335,0.048712559044361115,-0.03900107741355896,0.18770226537216828
CC1=CC=NC2=NC(=NN12)C(=O)N[C@@H](C)C3=CC4=C(C=C3)OCCO4,Cc1ccnc2nc(C(=O)N[C@@H](C)c3ccc4c(c3)OCCO4)nn12,2.9144562301729238,11,17,0.01160144992172718,-0.13005144894123077,0.1633639931678772,-0.07469126582145691,0.044913994148373604,-0.08073250949382782,0.02856520563364029,-0.06559238582849503,0.26732673267326734
C1CN(CCC1N2C3=CC=CC=C3NC2=O)C4=NC=C(N=C4)C(=O)O,O=C(O)c1cnc(N2CCC(n3c(=O)[nH]c4ccccc43)CC2)cn1,2.404437774638181,11,15,-0.024254731833934784,-0.02138078212738037,0.09051878750324249,0.03659234941005707,0.04488327354192734,0.03128497302532196,0.02715987339615822,-0.004782072734087706,0.21492537313432836
CC1=C(C(=NN1)C(=O)N)C2=NC=CC(=C2)C#C[C@]3(CCNC3=O)CO,Cc1[nH]nc(C(N)=O)c1-c1cc(C#C[C@@]2(CO)CCNC2=O)ccn1,3.9469637576454506,11,17,-0.0755046010017395,-0.0042451731860637665,0.12421862781047821,-0.032566092908382416,0.04446885362267494,-0.09995144605636597,0.04273329675197601,0.028176281601190567,0.21037463976945245
C1CC(CN(C1)C(=O)C2=C(N=CO2)C3=CC=CC=C3)C4=NNC(=O)N4,O=C(c1ocnc1-c1ccccc1)N1CCCC(c2n[nH]c(=O)[nH]2)C1,3.2970501975069597,11,15,-0.14344987273216248,0.09562812000513077,0.0919485092163086,0.05019811540842056,0.044126756489276886,0.049617305397987366,-0.03608925640583038,0.051757436245679855,0.19946808510638298
CC1=CC(=C2C=CC=NC2=C1C)NC(=O)CCN3C=C(C=N3)[N+](=O)[O-],Cc1cc(NC(=O)CCn2cc([N+](=O)[O-])cn2)c2cccnc2c1C,2.4173316757370813,11,17,0.14256185293197632,-0.19921791553497314,0.1004389151930809,0.003594011068344116,0.043782852590084076,-0.03776030242443085,0.1517111212015152,-0.09772184491157532,0.18404907975460122
COC1=NC=C(C=C1)N2CCN(CC2)C(=O)C3=C4C=CC=NC4=NO3,COc1ccc(N2CCN(C(=O)c3onc4ncccc34)CC2)cn1,2.605922469053356,9,15,-0.11775271594524384,0.02015048824250698,0.1411699652671814,0.03319903463125229,0.04356773756444454,-0.01671905443072319,-0.017898116260766983,0.0749138742685318,0.21739130434782608
CC(C)OC1=NC(=CN=C1)C2=CC3=C(C=C2)NCC3C4=NNC(=O)O4,CC(C)Oc1cncc(-c2ccc3c(c2)C(c2n[nH]c(=O)o2)CN3)n1,3.5727639224806165,11,16,-0.051500897854566574,0.1104966253042221,-0.015790903940796852,-0.00015715137124061584,0.04320482350885868,0.009013567119836807,-0.01104393508285284,0.02455921657383442,0.225201072386059
COC1=CC(=CC(=C1)C(=O)NCC2=NC(=NN2)C3=CC=NC=C3)OC,COc1cc(OC)cc(C(=O)NCc2nc(-c3ccncc3)n[nH]2)c1,2.2640916207920263,8,12,-0.11533118784427643,0.09795565158128738,0.06036596745252609,-0.010149084031581879,0.04299043118953705,-0.0342271625995636,-0.0691189393401146,0.10812626034021378,0.3333333333333333
C1COCC1CN2C=C(C=N2)NC(=O)C3=NOC(=C3)C4=CC=CC=N4,O=C(Nc1cnn(CC2CCOC2)c1)c1cc(-c2ccccn2)on1,3.030904411046105,13,17,-0.05038100853562355,0.08719690144062042,0.0060521624982357025,-0.03422551602125168,0.042868055403232574,-0.01652822084724903,-0.0491071492433548,0.04065387696027756,0.20365535248041775
CCN(CCO)C1=NC=CC2=C1C=C(O2)C3=CN=C4N3NC(=O)C=C4,CCN(CCO)c1nccc2oc(-c3cnc4ccc(=O)[nH]n34)cc12,3.1270127746381817,12,17,0.03322993218898773,-0.05901257321238518,0.06846930086612701,0.04103190451860428,0.04268665984272957,-0.009546056389808655,0.08000696450471878,0.01080327294766903,0.3115727002967359
COC1=CC=C(C=C1)CN2C[C@H](CC2=O)C(=O)N3C(=C(C=N3)C#N)N,COc1ccc(CN2C[C@@H](C(=O)n3ncc(C#N)c3N)CC2=O)cc1,2.930590790612486,9,15,-0.16236504912376404,-0.008946249261498451,0.21381473541259766,-0.029776733368635178,0.04250343702733517,-0.08804254233837128,-0.04294180870056152,0.07443898171186447,0.1883656509695291
C1CC(CN(C1)C(=O)C2=CC=CO2)C(=O)NC3=NN=C4N3C=CC=C4,O=C(Nc1nnc2ccccn12)C1CCCN(C(=O)c2ccco2)C1,2.839711735968498,13,17,-0.03219634294509888,0.05771579593420029,0.016937263309955597,-0.016871929168701172,0.04245671629905701,0.004456184804439545,-0.017821436747908592,0.0028481637127697468,0.25301204819277107
CN(C)C(=O)CN1C=C(N=N1)C(=O)NC2=CC=CC3=C2C=C(C=C3)O,CN(C)C(=O)Cn1cc(C(=O)Nc2cccc3ccc(O)cc23)nn1,2.3270211262865335,11,16,-0.10673928260803223,0.10170819610357285,0.04722040146589279,0.026227235794067383,0.04218931496143341,-0.04872375726699829,-0.019568949937820435,0.13355395197868347,0.1641337386018237
C1COC[C@H]([C@@H]1OC2=CC=CC=N2)NC(=O)C3=CC4=NN=CN4C=C3,O=C(N[C@@H]1COCC[C@H]1Oc1ccccn1)c1ccn2cnnc2c1,3.6145656969735125,14,17,0.16227272152900696,-0.015279234386980534,-0.10491558909416199,-0.0352923646569252,0.04207789804786444,0.028821047395467758,0.06605160236358643,-0.10778187215328217,0.22955974842767296
COC1=C(C=C(C=C1)N=NC2=C(NNC2=O)C3=CC=C(C=C3)N)OC,COc1ccc(N=Nc2c(-c3ccc(N)cc3)[nH][nH]c2=O)cc1OC,2.7193632621788097,10,15,-0.0420987494289875,-0.03363142907619476,0.11779730767011642,-0.04841458052396774,0.04206712916493416,-0.03547152131795883,-0.010476429015398026,-0.02931337058544159,0.30943396226415093
CC1=C(C=CC(=C1)N2C(=C(N3C2=NC4=C3C(=O)NC(=O)N4C)C)C)O,Cc1cc(-n2c(C)c(C)n3c4c(=O)[nH]c(=O)n(C)c4nc23)ccc1O,2.730286982782978,9,17,-0.013998756185173988,-0.08092207461595535,0.13694876432418823,0.011501241475343704,0.04202793352305889,-0.0674222856760025,0.09148991852998734,-0.0009588766843080521,0.2391304347826087
CN1C(=O)C=C(N=C1N2CCOC(C2)C3=COC=C3)C4=NC=NC=C4,Cn1c(N2CCOC(c3ccoc3)C2)nc(-c2ccncn2)cc1=O,3.321563580014863,12,17,0.007085008081048727,-0.09948664903640747,0.1338174194097519,0.01728038862347603,0.04141577845439315,-0.02886890061199665,0.0819285586476326,-0.032003212720155716,0.31901840490797545
COC1=C(C=C(C=C1)NC(=O)CC2=NC(=NN2)C3=CC=CC=N3)OC,COc1ccc(NC(=O)Cc2nc(-c3ccccn3)n[nH]2)cc1OC,2.1901416207920263,12,17,-0.2806236743927002,0.21866300702095032,0.10303544998168945,-0.0218869186937809,0.041074782609939575,-0.04620998352766037,-0.12440871447324753,0.1607060581445694,0.3607142857142857
CC(C(=O)NC1=CC=CC(=C1)C2=NN=CN2C)NC(=O)C3=COC=C3,CC(NC(=O)c1ccoc1)C(=O)Nc1cccc(-c2nncn2C)c1,2.8108732670093275,13,17,0.23374032974243164,-0.2542146146297455,0.061452124267816544,0.06654081493616104,0.0409778393805027,-0.0022919517941772938,0.248277485370636,-0.11880972981452942,0.24324324324324326
C1CC(=O)N(C1=O)CC(=O)N2CC(C2)N3C=C(N=N3)C4=CC=CC=C4,O=C(CN1C(=O)CCC1=O)N1CC(n2cc(-c3ccccc3)nn2)C1,2.4240482025905106,8,12,-0.17915472388267517,0.25733065605163574,-0.03764909505844116,0.018279869109392166,0.04052683711051941,0.04721834510564804,-0.0991307720541954,0.09077578783035278,0.1779935275080906
CC1=C(N=C(C(=N1)C(=O)NCC2=CC=C(C=C2)OC)N)C3=NC=CO3,COc1ccc(CNC(=O)c2nc(C)c(-c3ncco3)nc2N)cc1,2.490739860228647,9,15,-0.09465429186820984,0.05840861797332764,0.07656584680080414,0.00435566296800971,0.040320172905921936,-0.04540767893195152,0.008242197334766388,0.05994102358818054,0.20797720797720798
CC1=C(C=CO1)C(=O)NC2=CC=C(C=C2)NC(=O)C(C)N3C=NC=N3,Cc1occc1C(=O)Nc1ccc(NC(=O)C(C)n2cncn2)cc1,2.641739572534787,11,15,-0.1228799819946289,-0.00539914146065712,0.1685129553079605,0.03871531784534454,0.040233831852674484,-0.06679292023181915,0.06680402159690857,0.06401266157627106,0.1501416430594901
CC1(C2=C(C=CC(=C2)N3C=C(C(=C3C(=O)OC)N)C#N)NC(=O)N1)C,COC(=O)c1c(N)c(C#N)cn1-c1ccc2c(c1)C(C)(C)NC(=O)N2,3.102878837986598,9,16,0.045887287706136703,-0.17816391587257385,0.17165663838386536,-0.011759370565414429,0.03938001021742821,-0.0768507719039917,0.10021765530109406,-0.03101220913231373,0.14392059553349876
COC1=CC=C(C=C1)C2=NN3C=NN(C(=O)C3=C2)CC(=O)NCC=C,C=CCNC(=O)Cn1ncn2nc(-c3ccc(OC)cc3)cc2c1=O,2.4638607703044855,10,15,-0.013634126633405685,0.03604298084974289,0.01692797802388668,-0.011237019672989845,0.039336832240223885,-0.017747079953551292,0.004149626940488815,0.019734516739845276,0.30959752321981426
C[C@H](C(=O)N/N=C/C1=C(C=CC(=C1)OC)O)N2C3=CC=CC=C3N=N2,COc1ccc(O)c(/C=N/NC(=O)[C@@H](C)n2nnc3ccccc32)c1,2.7987393558500635,13,17,0.06599737703800201,0.0773267149925232,-0.10404195636510849,0.026013409718871117,0.03928213566541672,0.04459896683692932,0.04470179229974747,-0.0150372963398695,0.18322981366459629
CC1=NC(=NO1)C2CN(C2)C(=O)/C=C/C3=CC4=C(NC(=O)CC4)N=C3,Cc1nc(C2CN(C(=O)/C=C/c3cnc4c(c3)CCC(=O)N4)C2)no1,2.985810066079136,10,16,-0.18734879791736603,0.3715742230415344,-0.14497746527194977,0.04305629804730415,0.03924795985221863,0.0763663798570633,-0.13740110397338867,0.16243547201156616,0.1935483870967742
CCN1C=C(C=N1)NC(=O)C2=CC(=NN2C3=CC=CC=C3)C(=O)OC,CCn1cc(NC(=O)c2cc(C(=O)OC)nn2-c2ccccc2)cn1,2.2385175417021017,10,15,0.22887453436851501,-0.20411990582942963,0.014432862401008606,0.04695156589150429,0.039187490940093994,0.04193248227238655,0.16752925515174866,-0.11200986057519913,0.12266666666666666
CC1=CN=C(C(=C1OC)C)CN2C=NC(=N2)C3=CC=C(C=C3)[N+](=O)[O-],COc1c(C)cnc(Cn2cnc(-c3ccc([N+](=O)[O-])cc3)n2)c1C,2.499431455956863,8,15,-0.08861894905567169,0.10099668055772781,0.026309005916118622,-0.012867231853306293,0.038686737418174744,-0.010258408263325691,-0.021268408745527267,0.02617565169930458,0.2803738317757009
C1C(COC1N2C=NC3=C(N=CN=C32)NC(=O)C4=CC=CC=C4)CO,O=C(Nc1ncnc2c1ncn2C1CC(CO)CO1)c1ccccc1,3.249206271689431,12,15,0.11026065051555634,0.014870338141918182,-0.08682079613208771,0.01499140914529562,0.03831019252538681,0.04088038578629494,0.0825803205370903,-0.0669269859790802,0.24390243902439024
CC1=CN=C(N=C1C2=CC=CC=C2C(=O)O)NC3=CN(N=C3)CCO,Cc1cnc(Nc2cnn(CCO)c2)nc1-c1ccccc1C(=O)O,2.44203650161543,13,17,-0.02680286578834057,0.015996599569916725,0.04885287582874298,0.03812951222062111,0.03804660961031914,0.02005777135491371,0.06270293146371841,-0.015500396490097046,0.25396825396825395
COC1=C(C=C(C=C1)C(=O)N2CCC[C@@H]2C3=CC=CO3)N4C=NN=N4,COc1ccc(C(=O)N2CCC[C@@H]2c2ccco2)cc1-n1cnnn1,2.850847457780933,12,17,-0.31541258096694946,0.4053471088409424,-0.05205190181732178,-0.08744415640830994,0.03788262605667114,-0.03090154379606247,-0.1961074322462082,0.11230645328760147,0.16666666666666666
CC1=CC(=NC2=NC(=NN12)CC(=O)NCC3=CC4=C(C=C3)OCO4)C,Cc1cc(C)n2nc(CC(=O)NCc3ccc4c(c3)OCO4)nc2n1,2.421145466945873,10,17,0.0601624958217144,0.028162535279989243,-0.050541188567876816,-0.03588138148188591,0.03778384253382683,-0.010380609892308712,-0.010839825496077538,0.005753050558269024,0.2602739726027397
COC1=NC=C(C=C1)N2C(=CC(=N2)CNC(=O)OC)C3=CC=CC=N3,COC(=O)NCc1cc(-c2ccccn2)n(-c2ccc(OC)nc2)n1,2.50055700540741,12,17,0.1158386766910553,-0.14253248274326324,0.06446164846420288,0.020556427538394928,0.037767842411994934,-0.015660537406802177,0.11836197227239609,-0.05245709419250488,0.20277777777777778
C1CC2=CC(=O)N(N=C2C1)CCNC(=O)C3=NNC(=C3)C4=CC=CO4,O=C(NCCn1nc2c(cc1=O)CCC2)c1cc(-c2ccco2)[nH]n1,2.720073575481173,12,17,0.16949208080768585,0.12063097953796387,-0.25264906883239746,0.011028116568922997,0.03747399151325226,0.1378594934940338,-0.009213912300765514,-0.06500515341758728,0.16458852867830423
C1CCN(C1)C2=C(C=C(C=C2)/C=N/NC(=O)C3=CC=CC=N3)[N+](=O)[O-],O=C(N/N=C/c1ccc(N2CCCC2)c([N+](=O)[O-])c1)c1ccccn1,2.2221108515612578,11,15,-0.101667620241642,-0.0002906573936343193,0.13935989141464233,0.0002742623910307884,0.037401613779366016,-0.02896205708384514,0.0022343029268085957,0.01300463080406189,0.15060240963855423
CC1=C(C(=NO1)C)C2=CC(=C3C(=C2)N(C(=O)N3)N)C4=C(ON=C4C)C,Cc1noc(C)c1-c1cc(-c2c(C)noc2C)c2[nH]c(=O)n(N)c2c1,3.127673309755237,8,17,0.009342562407255173,0.10856887698173523,-0.08072125166654587,0.03445161134004593,0.037190187722444534,0.017078738659620285,0.024817606434226036,0.05369694530963898,0.17721518987341772
CN1C=NC2=C(NN=C2C1=O)C(=O)N3CC[C@H](C3)OC4=CC=CC=C4,Cn1cnc2c(C(=O)N3CC[C@@H](Oc4ccccc4)C3)[nH]nc2c1=O,3.1202735378652315,10,15,-0.06514765322208405,-0.17305824160575867,0.27539265155792236,-0.059726085513830185,0.03718675673007965,-0.07755802571773529,-0.02082688920199871,-0.0259657371789217,0.27906976744186046
C[C@@H]1C2=CC=CN2CCN1C(=O)C3=NC4=C(C(=C3)C)C(=O)NC(=O)N4,Cc1cc(C(=O)N2CCn3cccc3[C@H]2C)nc2[nH]c(=O)[nH]c(=O)c12,3.332611889513583,11,17,0.23336955904960632,-0.2106703519821167,0.014439409598708153,0.03218952938914299,0.03713861666619778,0.025961603969335556,0.15306156873703003,-0.11982467770576477,0.24773413897280966
C1C(CC1NC(=O)C2=NOC=C2)CNC(=O)C3=C4C=CC=CN4N=C3,O=C(NC1CC(CNC(=O)c2cnn3ccccc23)C1)c1ccon1,2.7232416207920274,13,16,0.2220078855752945,-0.13777023553848267,-0.047198813408613205,0.060753561556339264,0.037038836628198624,0.0605853907763958,0.15077826380729675,-0.0768546462059021,0.1355421686746988
C1CNCCC1(C#N)C2=NC(=NO2)C3=CC=C(C=C3)N4CCOC4=O,N#CC1(c2nc(-c3ccc(N4CCOC4=O)cc3)no2)CCNCC1,2.9685361676834923,7,13,-0.1371442973613739,0.2639714479446411,-0.09064652025699615,0.00032534077763557434,0.03618063032627106,0.048334330320358276,-0.15255510807037354,0.13705433905124664,0.20218579234972678
CC1=CC=CC=C1CN2C=CC(=N2)NC(=O)CN3C(=CC=N3)C(=O)O,Cc1ccccc1Cn1ccc(NC(=O)Cn2nccc2C(=O)O)n1,2.332727942568841,13,17,0.2096918225288391,-0.16097624599933624,-0.01278863474726677,0.054893650114536285,0.0359269417822361,0.02063036523759365,0.1698487550020218,-0.0768279880285263,0.16905444126074498
COC1=C(C=C(C=C1)CNC(=O)C2=CC=C(C=C2)N3C=NN=N3)OC,COc1ccc(CNC(=O)c2ccc(-n3cnnn3)cc2)cc1OC,1.943353159253565,10,15,-0.13198934495449066,0.24283447861671448,-0.0749616026878357,-0.035407766699790955,0.03588353097438812,0.02673943340778351,-0.09943285584449768,0.04858166351914406,0.17314487632508835
CC(C)C1=C(N2C=CC=CC2=N1)N=NC3=C(C=CC(=C3)[N+](=O)[O-])OC,COc1ccc([N+](=O)[O-])cc1N=Nc1c(C(C)C)nc2ccccn12,2.8070811262865334,10,16,-0.0021207351237535477,0.019376352429389954,0.018511250615119934,-0.026922019198536873,0.03576686792075634,-0.016892235726118088,0.014286544173955917,-0.0228527020663023,0.23961661341853036
CN1C(=O)C2=C(C=N1)C=NN2C[C@@H](COC3=CC=CC4=C3C=CN4)O,Cn1ncc2cnn(C[C@H](O)COc3cccc4[nH]ccc34)c2c1=O,3.2086793070960002,13,17,-0.01601579040288925,-0.19758659601211548,0.24929049611091614,-0.09776975214481354,0.03568810969591141,-0.14948776364326477,0.03878983110189438,-0.0529831126332283,0.2636986301369863
C1CN(C2=CC=NN2C1)C(=O)C3=NN(C(C3)C(=O)O)C4=CC=CC=C4,O=C(O)C1CC(C(=O)N2CCCn3nccc32)=NN1c1ccccc1,3.293073537865231,11,15,-0.0869937464594841,0.10825501382350922,0.013666294515132904,-0.0057879164814949036,0.03492756187915802,0.026642635464668274,-0.05158694088459015,0.022998729720711708,0.14950980392156862
CNC1=CC(=NN2C1=NC=C2C(=O)O)NC3=CC=CC4=C3OCCC4,CNc1cc(Nc2cccc3c2OCCC3)nn2c(C(=O)O)cnc12,2.9266704669458736,12,17,0.12537065148353577,-0.04116731137037277,-0.0497162863612175,-0.025325730443000793,0.034487053751945496,0.025077134370803833,0.037153519690036774,-0.07475412636995316,0.23743016759776536
C1CN(CCN1)C2=CC=C(C=C2)N3C(=O)C=C4C(=C3N)C(=O)NC4=O,Nc1c2c(cc(=O)n1-c1ccc(N3CCNCC3)cc1)C(=O)NC2=O,2.6230759382351465,8,13,0.08299791812896729,0.006943289190530777,-0.05546478182077408,0.07575292885303497,0.034476425498723984,0.06692469120025635,0.05051751434803009,0.02358054183423519,0.18155619596541786
CN1C=C(C=N1)C(C(=O)NC2=CC(=CC=C2)OC3=NC=CN=C3)OC,COC(C(=O)Nc1cccc(Oc2cnccn2)c1)c1cnn(C)c1,2.941075460942155,13,17,0.010849619284272194,-0.18891039490699768,0.21252912282943726,-0.03653581440448761,0.03446834720671177,-0.11117289960384369,0.10000227391719818,-0.05281829833984375,0.2072072072072072
CC1=CC(=NO1)C(=O)N2CCN(CC2)C(=O)C3=NNC4=CC=CC=C43,Cc1cc(C(=O)N2CCN(C(=O)c3n[nH]c4ccccc34)CC2)no1,2.2583358515612577,9,15,-0.3015017509460449,-0.005639117211103439,0.34145742654800415,-0.035334907472133636,0.03431655839085579,-0.15709781646728516,-0.0722242146730423,0.12516948580741882,0.1196319018404908
COC1=CC=C(C=C1)CN2CC(CC2=O)C(=O)N3C(=C(C=N3)C#N)N,COc1ccc(CN2CC(C(=O)n3ncc(C#N)c3N)CC2=O)cc1,2.930590790612486,9,15,-0.14142170548439026,-0.022297419607639313,0.19792723655700684,-0.019918257370591164,0.034208111464977264,-0.07610912621021271,-0.031956516206264496,0.06421080231666565,0.1883656509695291
C1=CC=C(C=C1)OC[C@H](CNC(=O)C2=CC(=NC=C2)N3C=NC=N3)O,O=C(NC[C@H](O)COc1ccccc1)c1ccnc(-n2cncn2)c1,2.66601837453541,13,15,-0.0465875118970871,-0.04336605966091156,0.12351110577583313,0.007514463737607002,0.03355753421783447,-0.03731278330087662,0.031913965940475464,0.01665312610566616,0.2267080745341615
CC(C(=O)O)N1C=CC(=N1)C(=O)NC2=CC=CC(=C2)CN3C=CC=N3,CC(C(=O)O)n1ccc(C(=O)Nc2cccc(Cn3cccn3)c2)n1,2.7427014360234114,14,17,0.13791468739509583,-0.09115885198116302,-0.013280319049954414,0.04985522851347923,0.033475516363978386,0.02240573987364769,0.13189198076725006,-0.050505466759204865,0.14
C1CN(CCC1C(=O)O)C2=NC=NC3=C2C4=C(N3)C=CC(=C4)C(=O)N,NC(=O)c1ccc2[nH]c3ncnc(N4CCC(C(=O)O)CC4)c3c2c1,2.4378065991235562,10,15,-0.08923708647489548,0.09247925132513046,0.029876992106437683,0.0018518147990107536,0.03311915695667267,0.011407964862883091,-0.04975447431206703,0.0459476001560688,0.2867132867132867
CC1=C(C=CC(=C1)C2=C(C=C(N2)C3=NC(=NC=C3)N)OC(=O)N)OC,COc1ccc(-c2[nH]c(-c3ccnc(N)n3)cc2OC(N)=O)cc1C,2.726688379033785,11,17,0.18200109899044037,-0.2251874804496765,0.07628611475229263,0.010036924853920937,0.03309973329305649,-0.033364832401275635,0.17211076617240906,-0.11182452738285065,0.4103585657370518
C1CC(OC1)CNC2=NC=NC3=C2C=C(N3)C4=CC(=CC=C4)[N+](=O)[O-],O=[N+]([O-])c1cccc(-c2cc3c(NCC4CCCO4)ncnc3[nH]2)c1,2.977465792870502,13,17,0.1695343255996704,-0.15175187587738037,0.015074513852596283,-0.042290784418582916,0.03285696357488632,-0.019818279892206192,0.10168684273958206,-0.1285436749458313,0.3674911660777385
CC1=CC(=C(C=C1)C)N=C2C(=NN(N2O)C3=CC=CC=C3C)[N+](=O)[O-],Cc1ccc(C)c(N=c2c([N+](=O)[O-])nn(-c3ccccc3C)n2O)c1,2.882088694370621,11,17,0.060997374355793,-0.2853342294692993,0.2571694552898407,-0.029289236292243004,0.03283260017633438,-0.10698486119508743,0.1341780722141266,-0.0915975421667099,0.0759493670886076
CC(C)C(C1=NC(=NO1)C2=CN=CC=C2)NC(=O)C3=C(C=CC=N3)O,CC(C)C(NC(=O)c1ncccc1O)c1nc(-c2cccnc2)no1,2.892861999403694,12,16,-0.1379479616880417,0.2574538290500641,-0.08687528967857361,0.01620805636048317,0.03263057768344879,0.015777844935655594,-0.09950152784585953,0.14835503697395325,0.24
C1CN2C(=C(C=N2)C(=O)N3CCC(C3)OC4=NC=CC(=C4)C#N)OC1,N#Cc1ccnc(OC2CCN(C(=O)c3cnn4c3OCCC4)C2)c1,3.4488135273278235,11,17,-0.014478569850325584,-0.0326826386153698,0.07920263707637787,-0.06980378925800323,0.03204142861068249,-0.031709153205156326,-0.02408539317548275,-0.05860032141208649,0.1725067385444744
C1CCN(C1)C2=C(C=C(C=C2)[N+](=O)[O-])/C=N/NC(=O)C3=CN=CC=C3,O=C(N/N=C/c1cc([N+](=O)[O-])ccc1N1CCCC1)c1cccnc1,2.259201236176642,11,15,-0.09047040343284607,-0.03029511868953705,0.15276214480400085,-0.013897905126214027,0.03199662268161774,-0.04500482231378555,0.010703048668801785,0.0005361279472708702,0.1411042944785276
CC1=NC(=NO1)C2CN(C2)C(=O)C=CC3=CC4=C(NC(=O)CC4)N=C3,Cc1nc(C2CN(C(=O)C=Cc3cnc4c(c3)CCC(=O)N4)C2)no1,2.985810066079136,10,16,-0.14582781493663788,0.34037286043167114,-0.16256988048553467,0.07138965278863907,0.031975165009498596,0.10592026263475418,-0.10329954326152802,0.13459771871566772,0.1935483870967742
COC1=CC=C(C=C1)CC(=O)NC2=CC(=C(C=C2)N3C=NN=N3)OC,COc1ccc(CC(=O)Nc2ccc(-n3cnnn3)c(OC)c2)cc1,2.0346570054074107,10,15,-0.17150217294692993,0.01565847173333168,0.18779444694519043,-0.027860648930072784,0.03195074573159218,-0.10254665464162827,-0.02021688222885132,0.06852815300226212,0.21140939597315436
CC1=CC=C(O1)C=CC(=O)NC2=CC(=C(C=C2)OC)N3C(=NN=N3)C,COc1ccc(NC(=O)C=Cc2ccc(C)o2)cc1-n1nnnc1C,2.419908007574259,11,17,-0.08235334604978561,0.0676359310746193,0.04659934341907501,-0.04190141335129738,0.03188192844390869,-0.06257817149162292,0.01882699877023697,-0.008251393213868141,0.1896551724137931
C1=CC=C(C=C1)CCCNC2=NC(=NC(=C2[N+](=O)[O-])C3=CC=CO3)N,Nc1nc(NCCCc2ccccc2)c([N+](=O)[O-])c(-c2ccco2)n1,2.4235185438689513,11,15,0.180096834897995,-0.017728712409734726,-0.13094058632850647,0.03922314941883087,0.0314275361597538,0.06453049927949905,0.08490866422653198,-0.05273552983999252,0.27710843373493976
COC1=C(C=C(C=C1)C(=O)N2CCCC2C3=CC=CO3)N4C=NN=N4,COc1ccc(C(=O)N2CCCC2c2ccco2)cc1-n1cnnn1,2.850847457780933,12,17,-0.2984749376773834,0.37384697794914246,-0.044063348323106766,-0.08697521686553955,0.03130869194865227,-0.02688668482005596,-0.18487563729286194,0.09158097207546234,0.16666666666666666
CO.C1=CC=C(C(=C1)/C=N/C2=NC(=NN2)/N=C/C3=CC=CC=C3O)O,CO.Oc1ccccc1/C=N/c1n[nH]c(/N=C/c2ccccc2O)n1,3.043929477934883,15,17,-0.013249512761831284,0.02159513160586357,0.022839726880192757,0.08025243878364563,0.031185345724225044,0.04194008558988571,-0.006645176559686661,0.10242269933223724,0.1721311475409836
C1C(CN1C(=O)CCN2C=CC(=O)NC2=O)C3=NC4=CC=CC=C4N3,O=C(CCn1ccc(=O)[nH]c1=O)N1CC(c2nc3ccccc3[nH]2)C1,2.4900417020487975,12,16,-0.00018046004697680473,-0.06478545069694519,0.09611361473798752,-0.009965715929865837,0.031147703994065523,-0.012211181223392487,-0.0007928479462862015,-0.007860124111175537,0.2356902356902357
CC1=CC(=CN2C1=NC(=N2)C3=CC=CO3)C(=O)N4CCC[C@@H]4C(=O)N,Cc1cc(C(=O)N2CCC[C@@H]2C(N)=O)cn2nc(-c3ccco3)nc12,3.072434913813227,11,17,-0.2320413589477539,0.15752945840358734,0.1055840253829956,-0.02627686597406864,0.03107212483882904,-0.04849815368652344,-0.06906574964523315,0.07029026001691818,0.24645892351274787
CC1=NC(=NO1)C2=NC3=C(N2)C[C@@H](CNC3=O)C4=CC(=CC=C4)OC,COc1cccc([C@@H]2CNC(=O)c3nc(-c4noc(C)n4)[nH]c3C2)c1,3.315894691711386,11,17,0.0254663173109293,-0.0314493402838707,0.03691744804382324,-0.02937300130724907,0.030934425070881844,-0.018346622586250305,-0.0304525438696146,0.01973394677042961,0.22285714285714286
CN1C(=O)C2=C(C=N1)C=NN2C[C@H](COC3=CC=CC4=C3C=CN4)O,Cn1ncc2cnn(C[C@@H](O)COc3cccc4[nH]ccc34)c2c1=O,3.2086793070960002,13,17,-0.0184329766780138,-0.20252570509910583,0.25181975960731506,-0.09870096296072006,0.030861077830195427,-0.15123260021209717,0.038110047578811646,-0.05532344803214073,0.2636986301369863
CC(=O)C1=CC(=CC=C1)OC[C@@H](CN2N=C(N=N2)C3=CN=CC=C3)O,CC(=O)c1cccc(OC[C@H](O)Cn2nnc(-c3cccnc3)n2)c1,2.763221614788309,13,17,-0.10758206248283386,-0.0318601056933403,0.17005759477615356,-0.09463071078062057,0.0306154265999794,-0.07096533477306366,-0.050885144621133804,-0.0518343411386013,0.3047945205479452
CC1=CC(=NC2=NC(=NN12)C(=O)NC(C)C3=CC4=C(C=C3)OCO4)C,Cc1cc(C)n2nc(C(=O)NC(C)c3ccc4c(c3)OCO4)nc2n1,2.8760847512996843,10,17,0.0821329727768898,0.024475593119859695,-0.07631909847259521,-0.031199993565678596,0.03028946742415428,0.017103642225265503,-0.00047795847058296204,-0.03258679062128067,0.24429967426710097
CN1C2=C(C(=CC(=N2)C3CC3)C(=O)N4CCC5=C(C4)N=CO5)C(=O)N1,Cn1[nH]c(=O)c2c(C(=O)N3CCc4ocnc4C3)cc(C3CC3)nc21,3.251849286014128,9,16,-0.10273745656013489,0.16017043590545654,-0.02736087702214718,0.05871567875146866,0.030072102323174477,0.04011397063732147,-0.04822779819369316,0.12194549292325974,0.1896551724137931
C1=CC=C2C(=C1)NC(=N2)CCCNC(=O)NC3=CC(=CC=C3)[N+](=O)[O-],O=C(NCCCc1nc2ccccc2[nH]1)Nc1cccc([N+](=O)[O-])c1,2.0797185438689496,14,17,0.16189494729042053,-0.14109331369400024,0.00903414748609066,0.013855023309588432,0.029835781082510948,0.02597133442759514,0.10298103839159012,-0.10189136117696762,0.18181818181818182
CC1=CC=CC=C1CN2C=CC(=N2)NC(=O)C3=NN(C=C3)CC(=O)O,Cc1ccccc1Cn1ccc(NC(=O)c2ccn(CC(=O)O)n2)n1,2.3075864474442476,13,17,0.223332479596138,-0.23186248540878296,0.03814180567860603,0.02333952486515045,0.029611799865961075,-0.004565505310893059,0.1770898401737213,-0.11388250440359116,0.1457142857142857
C1CN(CC1N2C=C3C=CC=CC3=N2)C(=O)CN4C=CC(=O)NC4=O,O=C(Cn1ccc(=O)[nH]c1=O)N1CCC(n2cc3ccccc3n2)C1,3.033879307096001,13,17,-0.02966480143368244,0.10205528140068054,-0.043070778250694275,0.019244764000177383,0.029319701716303825,0.051903463900089264,-0.026022136211395264,0.017271943390369415,0.23248407643312102
CC1=NN(C(=O)C=C1)C2COCC2NC(=O)C3=NNC4=CC=CC=C43,Cc1ccc(=O)n(C2COCC2NC(=O)c2n[nH]c3ccccc23)n1,3.4443825888654054,13,17,0.051726333796978,-0.001267550978809595,-0.021511169150471687,-0.017242204397916794,0.028947613667696714,0.028284404426813126,0.051337189972400665,-0.10024590790271759,0.15591397849462366
CNC(=O)C1=CC=C(O1)CN(C)C(=O)C2=CC(=CC=C2)N3C=CN=N3,CNC(=O)c1ccc(CN(C)C(=O)c2cccc(-n3ccnn3)c2)o1,2.513281788722688,12,17,0.10910771787166595,0.19332700967788696,-0.2735986113548279,0.07297523319721222,0.028836116194725037,0.13164101541042328,0.014543641358613968,0.01922995038330555,0.09451219512195122
CC1=NN=C(O1)C2=CC=C(C=C2)C(=O)N[C@@H]3CCO[C@H]3C4=CC=NN4,Cc1nnc(-c2ccc(C(=O)N[C@@H]3CCO[C@H]3c3ccn[nH]3)cc2)o1,3.4756477890761532,11,15,0.024287015199661255,0.19974800944328308,-0.19539456069469452,0.0006176512688398361,0.028640463948249817,0.08253088593482971,-0.030308794230222702,-0.012335045263171196,0.16363636363636364
CC1=CC2=C(C=CC(=O)O2)C=C1N/N=C(/C#N)\C(=N)N3CCOCC3,Cc1cc2oc(=O)ccc2cc1N/N=C(/C#N)C(=N)N1CCOCC1,2.951163478863533,9,15,0.02072446420788765,-0.2523803412914276,0.25983726978302,-0.04444598779082298,0.028181392699480057,-0.15047980844974518,0.1440199464559555,-0.06059584766626358,0.12280701754385964
C1CCN(C1)C2=NC=CC(=C2)C3=NOC(=N3)C(=O)NCC4=CC=CO4,O=C(NCc1ccco1)c1nc(-c2ccnc(N3CCCC3)c2)no1,2.396439593764999,10,15,-0.1499669998884201,0.037607647478580475,0.14046411216259003,-0.018818693235516548,0.028104759752750397,-0.0913570374250412,-0.0022367946803569794,0.06276248395442963,0.2672413793103448
CC1=CC(=NC2=NC(=NN12)C(=O)NCC3=CC4=C(C=C3)OCCO4)C,Cc1cc(C)n2nc(C(=O)NCc3ccc4c(c3)OCCO4)nc2n1,2.388589697715105,10,17,-0.06533516943454742,-0.03516804054379463,0.12852329015731812,-0.09303206205368042,0.02802008017897606,-0.10008566826581955,-0.0408470556139946,0.001421865075826645,0.2673611111111111
CNC(=O)NC1=NC=CC(=C1)OC2=CC3=C(C=C2)N(C=C3)C(=O)NC,CNC(=O)Nc1cc(Oc2ccc3c(ccn3C(=O)NC)c2)ccn1,2.5533517778884516,13,17,0.16229963302612305,0.08071533590555191,-0.21510139107704163,0.05933921039104462,0.02791357785463333,0.08442127704620361,0.06488124281167984,-0.013664517551660538,0.24014336917562723
CCC1=NC(=NO1)C2=CC3=C(C=C2)C(CC3)NC(=O)C4=NN=C(O4)C,CCc1nc(-c2ccc3c(c2)CCC3NC(=O)c2nnc(C)o2)no1,3.0873216147883102,10,17,-0.14447353780269623,0.34449896216392517,-0.17212362587451935,0.04011010751128197,0.027901798486709595,0.08382423222064972,-0.1376570165157318,0.16217632591724396,0.18559556786703602
CC(=O)C1=CN=C(C(=N1)C2=CN3C=CN=C3C(=N2)OCCC=C)OC,C=CCCOc1nc(-c2nc(C(C)=O)cnc2OC)cn2ccnc12,3.13198254711922,10,17,0.043498434126377106,0.013132482767105103,-0.028730269521474838,-0.015450728125870228,0.02790064737200737,0.028468558564782143,0.02796361595392227,-0.07253623008728027,0.27364864864864863
COC1=CC=C(C=C1)CC2=NOC(=N2)[C@@H]3CC(=O)N(C3)C4=CNN=C4,COc1ccc(Cc2noc([C@@H]3CC(=O)N(c4cn[nH]c4)C3)n2)cc1,3.0617376579916797,10,15,-0.11263393610715866,-0.02479626052081585,0.16510009765625,-0.013285428285598755,0.02766990102827549,-0.0648665726184845,-0.03874193876981735,0.07222428917884827,0.21508379888268156
CN1C2=C(C(=O)NC1=O)N3C=C(N(C3=N2)CCCO)C4=CC=CC=C4,Cn1c(=O)[nH]c(=O)c2c1nc1n(CCCO)c(-c3ccccc3)cn21,2.5645320595785908,10,15,-0.2186756283044815,-0.07207930833101273,0.31814050674438477,0.007077222224324942,0.027385570108890533,-0.13378073275089264,0.052604518830776215,0.0810096263885498,0.3368421052631579
CC1=C(NC2=NC3=C(C(=O)N12)N=CN3COCCO)C4=CC=CC=C4,Cc1c(-c2ccccc2)[nH]c2nc3c(ncn3COCCO)c(=O)n12,2.941416620792026,10,15,-0.14171457290649414,-0.16682040691375732,0.3352234959602356,-0.03429402410984039,0.02668851613998413,-0.12836167216300964,0.07465537637472153,-0.02897745557129383,0.3108108108108108
C1[C@@H](OC2=CC=CC=C2O1)CNC(=O)NCC3=NN=C4N3C=CC=C4,O=C(NCc1nnc2ccccn12)NC[C@H]1COc2ccccc2O1,2.8230979661396596,14,17,0.25410109758377075,-0.178939551115036,-0.04863220453262329,-0.033126477152109146,0.02652934193611145,-0.006739361211657524,0.1373036801815033,-0.1515081226825714,0.28421052631578947
C1CCN(C1)C2=C(C=C(C=C2)[N+](=O)[O-])C=NNC(=O)C3=CN=CC=C3,O=C(NN=Cc1cc([N+](=O)[O-])ccc1N1CCCC1)c1cccnc1,2.259201236176642,11,15,-0.04899672418832779,-0.10257990658283234,0.1780184805393219,-0.016358498483896255,0.026441849768161774,-0.05636915937066078,0.04492614418268204,-0.03267217054963112,0.1411042944785276
CC1=NOC(=N1)C2(CCN(CC2)C3=C(N=C(O3)C4=CC=CO4)C#N)C,Cc1noc(C2(C)CCN(c3oc(-c4ccco4)nc3C#N)CC2)n1,3.132991620792027,7,15,-0.09273865818977356,0.08717042207717896,0.0316677987575531,-0.019707873463630676,0.026099562644958496,-0.05980086326599121,-0.02027805522084236,0.07018867135047913,0.15625
CC(=O)C1=CC(=CC=C1)OCC(CN2N=C(N=N2)C3=CN=CC=C3)O,CC(=O)c1cccc(OCC(O)Cn2nnc(-c3cccnc3)n2)c1,2.763221614788309,13,17,-0.10167184472084045,-0.012725673615932465,0.1396385133266449,-0.09224459528923035,0.02524099498987198,-0.06886418163776398,-0.04872812330722809,-0.04694105684757233,0.3047945205479452
CC1=C(C=C(C=C1)C=NNC2=NC(=CC(=C2C#N)COC)C)[N+](=O)[O-],COCc1cc(C)nc(NN=Cc2ccc(C)c([N+](=O)[O-])c2)c1C#N,2.630805082330488,10,17,0.014263689517974854,-0.23306018114089966,0.24403470754623413,-0.036703646183013916,0.025238215923309326,-0.15136030316352844,0.1373799592256546,-0.04342621937394142,0.10746268656716418
C1CC(CN(C1)C(=O)C2=C3C=CNC3=CC=C2)N4C=C(N=N4)C(=O)O,O=C(O)c1cn(C2CCCN(C(=O)c3cccc4[nH]ccc34)C2)nn1,2.9011081532498473,13,17,-0.18067991733551025,0.20751599967479706,-0.0016550347208976746,-0.010956093668937683,0.02518104761838913,0.014869056642055511,-0.12260931730270386,0.10547856986522675,0.13774104683195593
CC(C)(C)C1=C(N2C=CC=CC2=N1)N=NC3=C(C=CC(=C3)[N+](=O)[O-])O,CC(C)(C)c1nc2ccccn2c1N=Nc1cc([N+](=O)[O-])ccc1O,2.94196227296594,9,15,-0.026967503130435944,-0.06541305035352707,0.11734005808830261,-0.016114186495542526,0.0249595046043396,-0.05725298449397087,0.02800767496228218,0.005969200283288956,0.2120253164556962
C1=CC=C(C=C1)CNC(=O)CCC(=O)NC2=NC3=C(C=C2)NC(=O)N3,O=C(CCC(=O)Nc1ccc2[nH]c(=O)[nH]c2n1)NCc1ccccc1,2.210387774638182,12,15,0.2021808624267578,-0.017104657366871834,-0.16082145273685455,0.08730518817901611,0.024254752323031425,0.0954374447464943,0.14730101823806763,-0.07815614342689514,0.31985294117647056
C1=CC=C(C=C1)OC[C@@H](CNC(=O)C2=CC(=NC=C2)N3C=NC=N3)O,O=C(NC[C@@H](O)COc1ccccc1)c1ccnc(-n2cncn2)c1,2.66601837453541,13,15,-0.056492097675800323,-0.04064405336976051,0.12132139503955841,0.004594769328832626,0.024185243993997574,-0.04115671664476395,0.025608250871300697,0.018122181296348572,0.2267080745341615
CC1=CC=CN2C1=NC3=C(C2=O)C=C(C(=N)N3CCOCCO)C#N,Cc1cccn2c(=O)c3cc(C#N)c(=N)n(CCOCCO)c3nc12,2.8386978295832357,11,17,0.06389275938272476,-0.3733212947845459,0.3335530459880829,-0.05632052198052406,0.02412451058626175,-0.16654804348945618,0.1847468614578247,-0.12844976782798767,0.25249169435215946
C/C=C/C1=CC(=C(C=C1)OCC(=O)NC2=CN=CC3=NN=CN23)OC,C/C=C/c1ccc(OCC(=O)Nc2cncc3nncn23)c(OC)c1,2.68579354386895,12,17,-0.2153046578168869,0.14075997471809387,0.0985223799943924,-0.08982455730438232,0.023977696895599365,-0.10690082609653473,-0.08647498488426208,0.05871163308620453,0.3442028985507246
CC1=NOC(=N1)C2=C(N=CC=C2)NCC3=CC=C(C=C3)NC(=O)OC,COC(=O)Nc1ccc(CNc2ncccc2-c2nc(C)no2)cc1,2.260520466945872,10,15,0.026686497032642365,-0.04809620976448059,0.04532161355018616,0.022421954199671745,0.02391190081834793,-0.001551300287246704,0.058928314596414566,-0.016315799206495285,0.22522522522522523
C[C@@H]1[C@@H](N2C(=C(C=N2)NC(=O)C3=CC(=C(C=C3)OC)C#N)C(=O)N1)C,COc1ccc(C(=O)Nc2cnn3c2C(=O)N[C@H](C)[C@@H]3C)cc1C#N,3.5596184584306236,11,17,0.25500547885894775,-0.217635840177536,-0.01347812544554472,-0.01625974103808403,0.023891513235867023,-0.008070863783359528,0.13535264134407043,-0.13446873426437378,0.17010309278350516
CC1=CC=C(C=C1)CN2C=CC(=N2)NC(=O)CN3C(=CC=N3)C(=O)O,Cc1ccc(Cn2ccc(NC(=O)Cn3nccc3C(=O)O)n2)cc1,2.2756895893727407,11,15,0.10859563946723938,-0.0008616428822278976,-0.08407062292098999,0.020831219851970673,0.023663373664021492,0.02440941333770752,0.0676412582397461,-0.02833518758416176,0.1686046511627907
C1=CC=C(C=C1)CCNC(=O)NCC2=NC(=NO2)C3=CC(=O)NC=C3,O=C(NCCc1ccccc1)NCc1nc(-c2cc[nH]c(=O)c2)no1,2.305677158199826,12,15,0.21136993169784546,-0.053298745304346085,-0.1351984143257141,0.08282788097858429,0.022872772067785263,0.0629151314496994,0.10781712830066681,-0.004745206795632839,0.28859060402684567
COC1=CC=C(C=C1)CC2=NOC(=N2)C3CC(=O)N(C3)C4=CNN=C4,COc1ccc(Cc2noc(C3CC(=O)N(c4cn[nH]c4)C3)n2)cc1,3.0617376579916797,10,15,-0.09564070403575897,-0.05407243221998215,0.1722232848405838,-0.01571505144238472,0.022510148584842682,-0.06926324963569641,-0.02820446342229843,0.0587986595928669,0.21508379888268156
C1COCCN1C2=CC(=NC3=CC=NN32)NC(=O)/C=C/C4=CC=CO4,O=C(/C=C/c1ccco1)Nc1cc(N2CCOCC2)n2nccc2n1,2.7466443754697814,11,15,0.11321040987968445,-0.048338234424591064,-0.04274348169565201,0.0030192751437425613,0.022128693759441376,0.016895808279514313,0.0861542671918869,-0.08034878224134445,0.24390243902439024
C1=CC=C2C(=C1)N=CN2NC(=O)CCCNC3=CC=C(C=C3)[N+](=O)[O-],O=C(CCCNc1ccc([N+](=O)[O-])cc1)Nn1cnc2ccccc21,2.2723993130997187,12,15,0.0753280371427536,0.03730342909693718,-0.09052596986293793,0.016325000673532486,0.022105496376752853,0.028122253715991974,0.05965980142354965,-0.0333101823925972,0.1896551724137931
COC1=NC(=C(C=C1)C(=O)NCC2=C(N=CC=C2)N3C=CN=C3)OC,COc1ccc(C(=O)NCc2cccnc2-n2ccnc2)c(OC)n1,2.4554973900227957,12,17,-0.08912868052721024,0.04655973240733147,0.06415404379367828,-0.007117735221982002,0.021585095673799515,-0.03810127452015877,-0.007823742926120758,0.041189271956682205,0.17073170731707318
CC1=NOC(=C1)CN2C(=C(N=N2)C(=O)NC3COC4=CC=CC=C34)C,Cc1cc(Cn2nnc(C(=O)NC3COc4ccccc43)c2C)on1,3.0472889224806163,11,17,0.17553704977035522,-0.09719046950340271,-0.056835025548934937,-0.008209407329559326,0.021511554718017578,0.013611625880002975,0.09804662317037582,-0.09473787248134613,0.16381418092909536
CC1=CC(=NN1CC2=CC=CC=C2)NC(=O)CN3C=CC(=N3)C(=O)O,Cc1cc(NC(=O)Cn2ccc(C(=O)O)n2)nn1Cc1ccccc1,2.2370724712795678,11,15,0.23587264120578766,-0.19364091753959656,-0.02095763012766838,0.03951346129179001,0.02127409353852272,0.022557247430086136,0.1800537109375,-0.12404240667819977,0.16279069767441862
CCN1C2=CC=CC=C2N=C1N/N=C\C3=CC(=C(C=C3)OC)[N+](=O)[O-],CCn1c(N/N=C\c2ccc(OC)c([N+](=O)[O-])c2)nc2ccccc21,2.2845764799469563,12,17,-0.05322001501917839,0.05705606937408447,0.017307154834270477,-0.046252306550741196,0.02114320918917656,-0.04350796714425087,-0.03084784373641014,0.017639391124248505,0.21656050955414013
C1=CN=CC=C1CC2(C=NOC2(C(=O)N)C(=O)N)CC3=CC=NC=C3,NC(=O)C1(C(N)=O)ON=CC1(Cc1ccncc1)Cc1ccncc1,3.440545060662016,5,8,-0.030031241476535797,0.03038959577679634,0.020688826218247414,0.03939445689320564,0.021047180518507957,-0.002103104256093502,0.004024580121040344,0.07476603239774704,0.15593220338983052
CN1C2=C(C(=O)N3C1=NC(=C3)C4=CC=CC=C4)N=CN2COCCO,Cn1c2c(ncn2COCCO)c(=O)n2cc(-c3ccccc3)nc12,2.8830166207920254,10,15,-0.098401740193367,-0.1814783662557602,0.3004475235939026,-0.055678389966487885,0.02056741714477539,-0.1679520457983017,0.11013347655534744,-0.0542348250746727,0.33211678832116787
CC1=CC=CC=C1CN2C=CC(=N2)NC(=O)C3=CN(N=C3C(=O)O)C,Cc1ccccc1Cn1ccc(NC(=O)c2cn(C)nc2C(=O)O)n1,2.3470644229898276,12,17,0.18173599243164062,-0.3428294062614441,0.18137551844120026,0.01058044470846653,0.02028210461139679,-0.07706889510154724,0.1904195100069046,-0.10531140863895416,0.13428571428571429
C1COC[C@@H]1C2=NN(C(=N2)C3=CN(N=C3)C4=CC=CC=C4)CC(=O)O,O=C(O)Cn1nc([C@@H]2CCOC2)nc1-c1cnn(-c2ccccc2)c1,3.1111930847566978,11,15,0.024632427841424942,0.041849613189697266,-0.04620017483830452,-0.0093724075704813,0.020281866192817688,0.03936544805765152,0.008819915354251862,-0.057426415383815765,0.19834710743801653
COC1=C(N=CC(=C1)C2=NC3=C(C=C2)C(N(C3)C4=CNN=C4)O)OC,COc1cc(-c2ccc3c(n2)CN(c2cn[nH]c2)C3O)cnc1OC,3.625579307096002,12,17,0.05748497694730759,-0.11751768738031387,0.08027351647615433,-0.020816048607230186,0.02024080604314804,-0.020095614716410637,0.04944605007767677,-0.07119296491146088,0.24507042253521127
COC1=C(C=CC(=C1)/C=N\NC(=O)CCN2C3=CC=CC=C3N=N2)O,COc1cc(/C=N\NC(=O)CCn2nnc3ccccc32)ccc1O,2.226628159253565,13,17,0.03313549607992172,0.12122652679681778,-0.13428491353988647,0.011424854397773743,0.020077109336853027,0.04119885712862015,0.015424163080751896,-0.005016174633055925,0.19801980198019803
C1N=C(C(O1)C2=CC=C(C=C2)C(=O)NN)C3=CC=C(C=C3)C(=O)NN,NNC(=O)c1ccc(C2=NCOC2c2ccc(C(=O)NN)cc2)cc1,3.15246763320651,10,13,0.06767977774143219,0.03763120248913765,-0.08574770390987396,0.006831444799900055,0.019563276320695877,0.021143872290849686,0.029997671023011208,-0.013115352019667625,0.11363636363636363
CC1=CC(=NN1CC2=CC=CC=C2)NC(=O)C3=CN(N=C3C(=O)O)C,Cc1cc(NC(=O)c2cn(C)nc2C(=O)O)nn1Cc1ccccc1,2.284556950462356,10,15,0.21953114867210388,-0.3504846692085266,0.15048128366470337,0.03302333876490593,0.01952776312828064,-0.046034231781959534,0.21562428772449493,-0.12789958715438843,0.13165266106442577
CCC(=O)C(=O)NCC(=C)C1=NC2=CC(=NN2N1)OC3=CC=CC=C3,C=C(CNC(=O)C(=O)CC)c1nc2cc(Oc3ccccc3)nn2[nH]1,3.2568612036739353,10,15,0.17106993496418,-0.09478269517421722,-0.05713512375950813,0.05295634642243385,0.019152116030454636,0.041237179189920425,0.0983070582151413,-0.03477279096841812,0.20760233918128654
CC1=CC=CC=C1C(=O)N/N=C(\C)/C=N/NC2=CC=C(C=C2)[N+](=O)[O-],CC(/C=N/Nc1ccc([N+](=O)[O-])cc1)=N\NC(=O)c1ccccc1C,2.3957099174953242,11,15,0.12435708940029144,-0.22051851451396942,0.11529562622308731,0.03665345162153244,0.019134201109409332,0.0027098655700683594,0.14831918478012085,-0.10534539818763733,0.10963455149501661
CN1C(=O)C=CN(C1=O)CC(=O)NC2=CC=CC(=C2)CN3C=CC=N3,Cn1c(=O)ccn(CC(=O)Nc2cccc(Cn3cccn3)c2)c1=O,2.3143905644539995,13,17,0.04601883888244629,-0.08068585395812988,0.05357781797647476,0.01798718422651291,0.018910802900791168,-0.0014671524986624718,0.06483098119497299,-0.03604535758495331,0.24919093851132687
CCC1=NC2=C(O1)C=CC(=C2)NC(=O)[C@@H]3CC(=O)N(C3)C4=CNN=C4,CCc1nc2cc(NC(=O)[C@@H]3CC(=O)N(c4cn[nH]c4)C3)ccc2o1,3.0811889224806173,12,17,0.06801922619342804,0.13324600458145142,-0.18245840072631836,0.022047314792871475,0.018806830048561096,0.06153012067079544,-0.022981049492955208,0.04068043455481529,0.17417417417417416
CCCCNC1=C(C=C(C=C1)C2=NC(=NO2)C3=CC=NC=C3)[N+](=O)[O-],CCCCNc1ccc(-c2nc(-c3ccncc3)no2)cc1[N+](=O)[O-],2.267339697715105,10,15,-0.018080707639455795,0.22898875176906586,-0.1926226019859314,-0.0038207024335861206,0.018285442143678665,0.022489100694656372,-0.0567094087600708,0.08703592419624329,0.2576271186440678
C1[C@@H]2[C@H](CN1C(=O)C3=NC=CN=C3)OCC(=O)N2CC4=CC=CC=N4,O=C(c1cnccn1)N1C[C@@H]2OCC(=O)N(Cc3ccccn3)[C@@H]2C1,3.409905112574574,13,17,-0.13197317719459534,-0.05860929563641548,0.2083190679550171,-0.025925302878022194,0.01773659512400627,-0.0699228048324585,-0.02658197283744812,0.021781381219625473,0.1550632911392405
CN1C=CC=C1[C@H]2CC2C3=CC(=NN=C3OC)C4=CNC(=O)NC4=O,COc1nnc(-c2c[nH]c(=O)[nH]c2=O)cc1C1C[C@@H]1c1cccn1C,3.9113417708805738,12,17,0.11988428235054016,-0.18717551231384277,0.08481501042842865,-0.010046928189694881,0.017523780465126038,-0.03601665794849396,0.10496124625205994,-0.08414553105831146,0.2631578947368421
CC1=NC2=CC(=NN2C(=C1)N3CCOCC3)C4=CC(=CC=C4)[N+](=O)[O-],Cc1cc(N2CCOCC2)n2nc(-c3cccc([N+](=O)[O-])c3)cc2n1,2.4574396977151043,9,15,0.0013182596303522587,-0.09944725781679153,0.11564536392688751,-0.03285679593682289,0.017516365740448236,-0.07642921805381775,0.07542619109153748,-0.05365318804979324,0.2787878787878788
C1CNC(=O)C2=CC(=CN2C1)C(=O)OCCNC3=C(C=CC=N3)C#N,N#Cc1cccnc1NCCOC(=O)c1cc2n(c1)CCCNC2=O,2.837366620792027,12,17,0.05256390944123268,0.020649448037147522,-0.055869534611701965,-0.018021944910287857,0.017343822866678238,-0.0015373481437563896,0.014327699318528175,-0.011655868962407112,0.16890080428954424
C1=CC=C(C=C1)OC[C@@H](CN2N=C(N=N2)C3=CC=C(C=C3)C(=O)N)O,NC(=O)c1ccc(-c2nnn(C[C@@H](O)COc3ccccc3)n2)cc1,2.568825460942156,10,13,-0.20087328553199768,0.12886372208595276,0.08918897807598114,-0.04426908493041992,0.017179414629936218,-0.057033296674489975,-0.10641738027334213,0.09107053279876709,0.2903225806451613
CC1=CC=C(C=C1)CN2C=CC(=N2)NC(=O)C3=CN(N=C3C(=O)O)C,Cc1ccc(Cn2ccc(NC(=O)c3cn(C)nc3C(=O)O)n2)cc1,2.2892112361766426,10,15,0.10531522333621979,-0.185776486992836,0.09758451581001282,0.0073196375742554665,0.017123252153396606,-0.04232675954699516,0.11176320910453796,-0.05152169615030289,0.13505747126436782
CC(=CN1C2=CC=CC=C2N=N1)NNC(=O)C3=CC(=C(C=C3)O)OC,COc1cc(C(=O)NNC(C)=Cn2nnc3ccccc32)ccc1O,2.645576913316404,13,17,0.08435226231813431,-0.01846785843372345,-0.04882073774933815,-0.0032102642580866814,0.017063666135072708,-0.000972086563706398,0.09326967597007751,-0.09049227833747864,0.18770226537216828
CCC1=CC=C(C=C1)NC(=O)COC(=O)C2=NN3C(=CC=NC3=N2)C,CCc1ccc(NC(=O)COC(=O)c2nc3nccc(C)n3n2)cc1,2.2319669458191136,9,15,0.07797850668430328,0.0037320763804018497,-0.06478333473205566,0.022728051990270615,0.01692724833264947,0.009933659806847572,0.03133799508213997,0.01808256283402443,0.22435897435897437
COC1=CC=CC2=C1OCC(C2)CNC(=O)C3=CC4=NN=NN4C=C3,COc1cccc2c1OCC(CNC(=O)c1ccn3nnnc3c1)C2,3.133648511521713,12,17,0.08831985294818878,0.009971141815185547,-0.08183981478214264,-0.0638064593076706,0.01645117998123169,-0.017000574618577957,-0.0024815909564495087,-0.050507694482803345,0.2682119205298013
CN1C=C(C=N1)C2=C(C=NN2)C(=O)NC3=CC=CC(=C3)CC(=O)OC,COC(=O)Cc1cccc(NC(=O)c2cn[nH]c2-c2cnn(C)c2)c1,2.3713431104995024,12,17,-0.006843166425824165,-0.17744502425193787,0.20059874653816223,-0.02784336358308792,0.0163105558604002,-0.07185302674770355,0.04142282158136368,-0.026592306792736053,0.18507462686567164
CC(=O)C1=CC=C(C=C1)NC(=O)NCCN2C(=O)N3C=CC=CC3=N2,CC(=O)c1ccc(NC(=O)NCCn2nc3ccccn3c2=O)cc1,2.172241268679352,11,15,0.14504417777061462,-0.13046497106552124,0.0015911050140857697,-0.013162923976778984,0.016170311719179153,0.005661003291606903,0.09794633090496063,-0.11997605860233307,0.20238095238095238
CN1C=NC=C1[C@H](C(=O)NCC(=O)NC2=CC=CC3=C2N=CC=C3)O,Cn1cncc1[C@@H](O)C(=O)NCC(=O)Nc1cccc2cccnc12,2.935535455525036,14,17,-0.05238174647092819,0.05460667982697487,0.013691496104001999,1.4338642358779907e-05,0.015916429460048676,-0.022404290735721588,0.03521110117435455,0.0011334638111293316,0.21068249258160238
CNC1=NC2=C(C(=N1)NC3=CC=C(C=C3)C(=O)OC)C(=O)N(C=C2)C,CNc1nc(Nc2ccc(C(=O)OC)cc2)c2c(=O)n(C)ccc2n1,2.365416510901916,9,15,0.08160944283008575,0.07584056258201599,-0.14174896478652954,0.02072942443192005,0.015701040625572205,0.10035184770822525,-0.05094047635793686,-0.0017373831942677498,0.29896907216494845
CC1=C(C=C(C=C1)C(=O)N)NC2=NC=NN3C2=C(C(=C3)C(=O)OC)C,COC(=O)c1cn2ncnc(Nc3cc(C(N)=O)ccc3C)c2c1C,2.4774559184508895,10,17,-0.038267266005277634,-0.18732690811157227,0.2412058413028717,-0.019557807594537735,0.015611667186021805,-0.09714142978191376,0.08589509129524231,-0.04661329835653305,0.1511627906976744
CC1=NOC2=NC=NC(=C12)NC3=CC(=C(C=C3)N4CCCC4=O)OC,COc1cc(Nc2ncnc3onc(C)c23)ccc1N1CCCC1=O,2.49224354386895,10,17,-0.08048590272665024,-0.05679459124803543,0.1528548151254654,-0.009648356586694717,0.015574321150779724,-0.07400649785995483,0.014468677341938019,0.04651794955134392,0.26843657817109146
C1=CC=C(C=C1)OC[C@H](CN2N=C(N=N2)C3=CC=C(C=C3)C(=O)N)O,NC(=O)c1ccc(-c2nnn(C[C@H](O)COc3ccccc3)n2)cc1,2.568825460942156,10,13,-0.1955663412809372,0.12306748330593109,0.08807214349508286,-0.04599691182374954,0.015573285520076752,-0.0578022375702858,-0.1047297865152359,0.08680117130279541,0.2903225806451613
C1C(CC1N2N=CC(=N2)CO)NC(=O)C3=NOC(=C3)C4=CC=CC=C4,O=C(NC1CC(n2ncc(CO)n2)C1)c1cc(-c2ccccc2)on1,2.7127146977151035,11,14,-0.03866181895136833,0.16366156935691833,-0.10974374413490295,0.040986523032188416,0.015256006270647049,0.06254144012928009,-0.01631784439086914,0.03722114861011505,0.14905149051490515
CCC1=C2C(C(C(=N)OC2=NN1)C#N)C3=CC=C(C=C3)OCC(=O)N,CCc1[nH]nc2c1C(c1ccc(OCC(N)=O)cc1)C(C#N)C(=N)O2,3.801139786667603,10,15,0.012582842260599136,-0.10597705096006393,0.1084141731262207,-0.054164595901966095,0.015019964426755905,-0.08565573394298553,0.01878127083182335,-0.012751808390021324,0.2261904761904762
CCCC(=NN(C1=CC2=CC=CC=C2OC1=O)C3=NC=CN3)C=NO,CCCC(C=NO)=NN(c1ncc[nH]1)c1cc2ccccc2oc1=O,3.5322050823304894,13,17,-0.05859125405550003,0.06874130666255951,0.004723824560642242,0.02005341462790966,0.014873877167701721,0.023112468421459198,-0.008921777829527855,0.017478495836257935,0.16666666666666666
CCC1=C(C=NN1C2=NN=C(C=C2)OC)C(=O)NC3=CC=CC=C3O,CCc1c(C(=O)Nc2ccccc2O)cnn1-c1ccc(OC)nn1,2.365514074746523,12,17,0.09708569943904877,-0.04223555326461792,-0.04024781286716461,0.02301337569952011,0.014602333307266235,0.023215461522340775,0.04567711055278778,-0.01783837005496025,0.15691489361702127
CN1C=C(C=N1)O[C@@H]2CN(C[C@H]2O)C(=O)C3=C4C=NC=CC4=NC=C3,Cn1cc(O[C@@H]2CN(C(=O)c3ccnc4ccncc34)C[C@H]2O)cn1,3.593799896557713,13,17,0.059332169592380524,-0.12926411628723145,0.08415437489748001,-0.03902766481041908,0.01422242820262909,-0.046889860183000565,0.07398702204227448,-0.09745316207408905,0.21835443037974683
C/C(=N/NC(=O)CN1C2=CC=CC=C2N=N1)/C3=CC(=C(C=C3)O)OC,COc1cc(/C(C)=N\NC(=O)Cn2nnc3ccccc32)ccc1O,2.2274367183001527,12,17,0.014382229186594486,0.026279209181666374,-0.026670191437005997,-0.01250652875751257,0.013991246931254864,-0.0009247236885130405,0.04474436119198799,-0.06473943591117859,0.18238993710691823
C1COCC1OC2=NC=CC(=C2)CNC(=O)C3=CC=CC4=NNN=C43,O=C(NCc1ccnc(OC2CCOC2)c1)c1cccc2n[nH]nc12,3.054959296700991,13,17,0.19914954900741577,-0.058313820511102676,-0.12714850902557373,-0.032697394490242004,0.013687219470739365,0.057626571506261826,0.053839560598134995,-0.15072935819625854,0.20846905537459284
C1COCC1C2=NN(C(=N2)C3=CN(N=C3)C4=CC=CC=C4)CC(=O)O,O=C(O)Cn1nc(C2CCOC2)nc1-c1cnn(-c2ccccc2)c1,3.1111930847566978,11,15,0.023779023438692093,0.03009238839149475,-0.040372565388679504,-0.015101836994290352,0.01349884644150734,0.03383082523941994,0.009606640785932541,-0.06620734930038452,0.19834710743801653
CC1=CC=NC2=NC(=NN12)C(=O)NC(C)C3=CC4=C(C=C3)OCCO4,Cc1ccnc2nc(C(=O)NC(C)c3ccc4c(c3)OCCO4)nn12,2.9144562301729238,11,17,-0.09252671897411346,-0.07740803062915802,0.1832238733768463,-0.10238830000162125,0.013289123773574829,-0.11743008345365524,-0.03550750017166138,-0.01853170432150364,0.26732673267326734
C1CC(N(C1)C(=O)CN2C=NN=C2C#N)C3=CC4=C(C=C3)OCCO4,N#Cc1nncn1CC(=O)N1CCCC1c1ccc2c(c1)OCCO2,3.0983730636818816,11,17,-0.2323407679796219,0.1510980725288391,0.0944274440407753,-0.10580666363239288,0.013184748589992523,-0.0744994729757309,-0.17533881962299347,0.07268894463777542,0.21194029850746268
C1CC(CN(C1)C(=O)C2=NNC(=C2)C3=CC=CO3)OC4=NC=NC=C4,O=C(c1cc(-c2ccco2)[nH]n1)N1CCCC(Oc2ccncn2)C1,3.1386443278860217,13,17,0.04680733382701874,0.06100792437791824,-0.09475462138652802,0.006433235481381416,0.013060636818408966,0.06359410285949707,0.0037857536226511,-0.04978686571121216,0.23204419889502761
COC1=CC=C(C=C1)CNC(=O)C2=NN(N=N2)C3=CC=C(C=C3)OC,COc1ccc(CNC(=O)c2nnn(-c3ccc(OC)cc3)n2)cc1,2.1437070054074123,8,13,-0.00867718830704689,-0.07029874622821808,0.09172998368740082,-0.0049723368138074875,0.012754049152135849,-0.05324159562587738,0.026270687580108643,0.015059856697916985,0.16151202749140894
C1CN(CCN1C(=O)C2=CC3=C(C=C2)NC(=O)N3)C(=O)C4=CNC=C4,O=C(c1cc[nH]c1)N1CCN(C(=O)c2ccc3[nH]c(=O)[nH]c3c2)CC1,2.4387935438689485,11,15,-0.12685197591781616,0.09428192675113678,0.045123390853405,0.026651820167899132,0.012553341686725616,-0.018459957093000412,-0.011522320099174976,0.07690989971160889,0.17843866171003717
CN1C=NC2=C(C1=O)NN=C2C(=O)N3CCCC4=C3C=C(C=C4)OC,COc1ccc2c(c1)N(C(=O)c1n[nH]c3c(=O)n(C)cnc13)CCC2,2.7498716045406724,10,17,-0.30932894349098206,0.1716403067111969,0.15022730827331543,-0.062099389731884,0.012538671493530273,-0.06823410838842392,-0.1945399045944214,0.13880491256713867,0.2579787234042553
CNC1=NC2=C(C3=C1N=CN3C)N=C(O2)C4=CC(=CC(=C4)OC)OC,CNc1nc2oc(-c3cc(OC)cc(OC)c3)nc2c2c1ncn2C,2.730520141918788,7,14,-0.16627052426338196,0.12277655303478241,0.05587385594844818,-0.04071458429098129,0.012379884719848633,-0.08820299804210663,-0.07776787877082825,0.12132952362298965,0.3035143769968051
CCOC(=O)C1=C(C=NN1)[C@@H]2CC(=O)NCC3=C2N4C=CC=CC4=N3,CCOC(=O)c1[nH]ncc1[C@@H]1CC(=O)NCc2nc3ccccn3c21,3.4717600763267704,12,17,0.003651631996035576,0.07471770793199539,-0.06600883603096008,-0.006007105112075806,0.012360503897070885,0.03998968005180359,-0.057694777846336365,0.021995920687913895,0.19571045576407506
C1=CC(=CC=C1CCC(=O)O)NC(=O)C2=CC=C(C=C2)/C(=N/N=N)/N,N=N/N=C(\N)c1ccc(C(=O)Nc2ccc(CCC(=O)O)cc2)cc1,2.2655936537590584,10,13,-0.023294463753700256,0.21491269767284393,-0.17942272126674652,0.044236332178115845,0.012195512652397156,0.058227427303791046,-0.03814265504479408,0.0853436142206192,0.13651877133105803
CCN1C2=C(C=C(C=N2)C(=O)NCC3=CC4=C(C=C3)OCO4)N=C1N,CCn1c(N)nc2cc(C(=O)NCc3ccc4c(c3)OCO4)cnc21,2.370178159253566,11,17,-0.0751175731420517,0.12419001758098602,-0.036906808614730835,-0.07956033945083618,0.012165635824203491,-0.06506872177124023,-0.09176769852638245,0.059816256165504456,0.2847457627118644
COC1=CC=C(C=C1)CN2C[C@@H](CC2=O)C(=O)N3C(=C(C=N3)C#N)N,COc1ccc(CN2C[C@H](C(=O)n3ncc(C#N)c3N)CC2=O)cc1,2.930590790612486,9,15,-0.16856110095977783,-0.030742034316062927,0.2108602076768875,-0.03888014703989029,0.011557072401046753,-0.10024818778038025,-0.04674885794520378,0.06019212305545807,0.1883656509695291
CCOC(=O)C1(C2=CC3=C(C=C2NC1=O)NC(N3)C4=NN=CC=C4)C,CCOC(=O)C1(C)C(=O)Nc2cc3c(cc21)NC(c1cccnn1)N3,4.027902984315027,12,17,-0.22335858643054962,0.21871984004974365,0.01610868237912655,-0.04435268044471741,0.01146993599832058,-0.05123436823487282,-0.12212718278169632,0.12278211116790771,0.1601123595505618
CC1=NC(=NC=C1)C(C)NC2=CC(=O)N(C3=C2C=C(C=C3)[N+](=O)[O-])C,Cc1ccnc(C(C)Nc2cc(=O)n(C)c3ccc([N+](=O)[O-])cc23)n1,3.116363002748175,11,17,-0.0889732837677002,0.02142193168401718,0.07866387069225311,-0.032180145382881165,0.011112518608570099,-0.06138112023472786,-0.014320241287350655,0.022665023803710938,0.22006472491909385
COC1=NC2=C(C=C1)N=CC(=O)N2C3=CC4=C(C(COC4)CN)N=C3,COc1ccc2ncc(=O)n(-c3cnc4c(c3)COCC4CN)c2n1,3.6118043070960004,11,17,0.18356440961360931,-0.1993911862373352,0.02663259021937847,-0.017138227820396423,0.01080581359565258,-0.010562742128968239,0.09938973188400269,-0.1167229562997818,0.23076923076923078
CC1=COC(=C1)C(=O)N2CCC2CNC(=O)C3=CC=CC4=NNN=C43,Cc1coc(C(=O)N2CCC2CNC(=O)c2cccc3n[nH]nc23)c1,3.2832946917113865,12,17,-0.05980590358376503,0.01741260662674904,0.0526726171374321,-0.012732294388115406,0.010279320180416107,-0.0014307871460914612,-0.020877212285995483,-0.00542462058365345,0.10882352941176471
CN1C2=CC=CC=C2C(=N1)CCNC(=O)C3=C(C=CC(=C3)[N+](=O)[O-])N,Cn1nc(CCNC(=O)c2cc([N+](=O)[O-])ccc2N)c2ccccc21,2.2835916757370818,12,17,0.03571118414402008,-0.002612333744764328,-0.02297547459602356,-0.009704463183879852,0.010123375803232193,-0.026569310575723648,0.04959295690059662,-0.016820169985294342,0.13095238095238096
C1COCCN1C2=CC=C(C=C2)NC3=NC(=O)N(C4=C3C=CC=N4)O,O=c1nc(Nc2ccc(N3CCOCC3)cc2)c2cccnc2n1O,2.37573679992796,9,13,-0.081161268055439,-0.04997900500893593,0.14108575880527496,0.013645434752106667,0.00994548574090004,-0.03200788050889969,0.0055082570761442184,0.03235924616456032,0.25435540069686413
CN1C(=O)CCC2=C1C=CC3=C2C[C@@H]4N3C(=O)O[C@H]4CN5C=CN=N5,CN1C(=O)CCc2c1ccc1c2C[C@H]2[C@H](Cn3ccnn3)OC(=O)N12,3.852646050403867,11,17,-0.09154270589351654,0.2744423449039459,-0.17318519949913025,0.016825087368488312,0.009714439511299133,0.08271131664514542,-0.12651106715202332,0.0912303552031517,0.14393939393939395
CC(C(=O)NC1=CC(=NC=N1)N2C=CC=N2)OC3=CC=C(C=C3)OC,COc1ccc(OC(C)C(=O)Nc2cc(-n3cccn3)ncn2)cc1,2.6520793070960007,11,15,0.26990023255348206,-0.2410918027162552,-0.0191545020788908,0.05717902630567551,0.009653927758336067,0.00842767208814621,0.21594330668449402,-0.10968798398971558,0.31125827814569534
COC1=CC=CC(=C1OC)/C=C(\C#N)/C2=NN(C(=C2C#N)N)CCO,COc1cccc(/C=C(\C#N)c2nn(CCO)c(N)c2C#N)c1OC,2.768251236176644,10,17,-0.05251593142747879,-0.11332742124795914,0.17543348670005798,-0.0721319243311882,0.009590134024620056,-0.07725538313388824,0.0042531900107860565,-0.07720978558063507,0.16266666666666665
CN1C=CC=C1[C@H]2C[C@@H]2C3=CC(=NN=C3OC)C4=CNC(=O)NC4=O,COc1nnc(-c2c[nH]c(=O)[nH]c2=O)cc1[C@H]1C[C@@H]1c1cccn1C,3.9113417708805738,12,17,0.13807380199432373,-0.21183238923549652,0.08326172828674316,-0.011431513354182243,0.009503141045570374,-0.034563738852739334,0.11416052281856537,-0.1026247963309288,0.2631578947368421
C1=CC=NC(=C1)/C=C/2\C(=O)N(C3=C(O2)C=C(C=C3)N)CCC(=O)NN,NNC(=O)CCN1C(=O)/C(=C\c2ccccn2)Oc2cc(N)ccc21,2.6918503694377467,13,17,0.07261408120393753,0.06355109065771103,-0.12682406604290009,-0.00044993869960308075,0.009341105818748474,0.007721989415585995,0.003939817659556866,0.02006278932094574,0.23283582089552238
COC1=CC=CC2=C1OC[C@@H](C2)CNC(=O)C3=CC4=NN=NN4C=C3,COc1cccc2c1OC[C@H](CNC(=O)c1ccn3nnnc3c1)C2,3.133648511521713,12,17,0.09774095565080643,-0.03189965710043907,-0.0566982626914978,-0.07572853565216064,0.009143035858869553,-0.03391557186841965,0.0021313410252332687,-0.06575244665145874,0.2682119205298013
C[C@H](C(=O)NN=CC1=CC(=C(C=C1)O)OC)N2C3=CC=CC=C3N=N2,COc1cc(C=NNC(=O)[C@@H](C)n2nnc3ccccc32)ccc1O,2.7505118368901513,13,17,0.07771164178848267,0.005087209865450859,-0.07408135384321213,0.016755495220422745,0.008717497810721397,0.034244604408741,0.07121162861585617,-0.07487992942333221,0.18808777429467086
CC(C)OC(=O)NC1=CN2C=C(N=C2N=C1)C3=CC(=CC=C3)NC=O,CC(C)OC(=O)Nc1cnc2nc(-c3cccc(NC=O)c3)cn2c1,2.702556761637098,12,16,0.14933663606643677,-0.10482698678970337,-0.035805389285087585,0.011574684642255306,0.008704259991645813,0.016495173797011375,0.10616736859083176,-0.09833839535713196,0.30566037735849055
CC1=CC=CC=C1CN2C=CC(=N2)NC(=O)C3=C(C=NN3C)C(=O)O,Cc1ccccc1Cn1ccc(NC(=O)c2c(C(=O)O)cnn2C)n1,2.330316510901918,12,17,0.2238636016845703,-0.39118820428848267,0.17497679591178894,0.007515961304306984,0.007652193307876587,-0.0648718923330307,0.1936343014240265,-0.13511866331100464,0.1298342541436464
COCCOC1=C(C=CC=N1)NC(=O)C2=CC(=NC=C2)N3C=CN=C3,COCCOc1ncccc1NC(=O)c1ccnc(-n2ccnc2)c1,2.393393491181911,13,17,-0.23492437601089478,0.03993823379278183,0.20262199640274048,-0.028482962399721146,0.007635854184627533,-0.11151809245347977,-0.01947247050702572,0.07767964899539948,0.20535714285714285
C1=CC2=C(C=C1NC(=O)[C@H](CO)NC(=O)CC3=CC=NC=C3)NN=C2,O=C(Cc1ccncc1)N[C@@H](CO)C(=O)Nc1ccc2cn[nH]c2c1,2.704438922480616,13,15,-0.0019964072853326797,-0.00247831828892231,0.011988857761025429,-0.005741477012634277,0.007514132186770439,-0.015741949900984764,-0.0050155483186244965,0.019481629133224487,0.19601328903654486
CC(C(=O)NN=CC1=CC(=C(C=C1)O)OC)N2C3=CC=CC=C3N=N2,COc1cc(C=NNC(=O)C(C)n2nnc3ccccc32)ccc1O,2.7505118368901513,13,17,0.0618659146130085,0.01025607343763113,-0.06492903083562851,0.006984357722103596,0.00719295721501112,0.01488833874464035,0.06636254489421844,-0.06463620811700821,0.18808777429467086
C1CCC2=C(C1)C(=NO2)C(=O)N3CCC(C3)OC4=NC=CN=C4C#N,N#Cc1nccnc1OC1CCN(C(=O)c2noc3c2CCCC3)C1,3.360676119530143,10,17,-0.21309345960617065,0.1383892446756363,0.08186843246221542,-0.030152585357427597,0.007164217531681061,-0.012206913903355598,-0.13619419932365417,0.09481101483106613,0.13908872901678657
C[C@@H](C(=O)N/N=C/C1=C(C=CC(=C1)OC)O)N2C3=CC=CC=C3N=N2,COc1ccc(O)c(/C=N/NC(=O)[C@H](C)n2nnc3ccccc32)c1,2.7987393558500635,13,17,0.0772719606757164,0.03749743476510048,-0.10763302445411682,0.020713351666927338,0.007136370986700058,0.03727221488952637,0.050504013895988464,-0.03716270998120308,0.18322981366459629
CC1=CC(=NN1CC2=CC(=CC=C2)C3=NOC(=N3)[C@@H]4C[C@@H]4[N+](=O)[O-])C,Cc1cc(C)n(Cc2cccc(-c3noc([C@@H]4C[C@@H]4[N+](=O)[O-])n3)c2)n1,3.442776223751647,11,17,-0.04853944852948189,0.0335681289434433,0.022054705768823624,-0.04226851463317871,0.007083386182785034,-0.0342443585395813,0.0037396252155303955,-0.04067128524184227,0.1736842105263158
C1C(C2=CC=CC=C21)CNC(=O)NCCN3C=C(C(=O)NC3=O)C#N,N#Cc1cn(CCNC(=O)NCC2Cc3ccccc32)c(=O)[nH]c1=O,3.044652898645296,13,17,0.2676580548286438,-0.06226889416575432,-0.19841578602790833,0.05105864629149437,0.006973374634981155,0.08266966044902802,0.08576668798923492,-0.05397912859916687,0.21451104100946372
C1COC[C@H]1C2=NN(C(=N2)C3=CN(N=C3)C4=CC=CC=C4)CC(=O)O,O=C(O)Cn1nc([C@H]2CCOC2)nc1-c1cnn(-c2ccccc2)c1,3.1111930847566978,11,15,0.023116707801818848,0.031010471284389496,-0.04744629189372063,-0.013466285541653633,0.006680887192487717,0.03510361164808273,0.008189614862203598,-0.06642482429742813,0.19834710743801653
CC(C1=CC(=CC=C1)N2C=CC=C2)NC(=O)CN3C=C(C=N3)[N+](=O)[O-],CC(NC(=O)Cn1cc([N+](=O)[O-])cn1)c1cccc(-n2cccc2)c1,2.851196777301851,12,15,0.09019601345062256,-0.16894705593585968,0.08509180694818497,0.013161451555788517,0.0063407644629478455,-0.005305347964167595,0.1145256757736206,-0.11168551445007324,0.14204545454545456
C[C@@H](C(=O)NC1=CC=CC(=C1)C2=NN=CN2C)NC(=O)C3=COC=C3,C[C@H](NC(=O)c1ccoc1)C(=O)Nc1cccc(-c2nncn2C)c1,2.8108732670093275,13,17,0.22312957048416138,-0.22294548153877258,0.006155792623758316,0.046592582017183304,0.00633988156914711,0.0010086540132761002,0.20417596399784088,-0.12155734747648239,0.24324324324324326
COC1=CC=C(C=C1)CC2=NOC(=N2)[C@H]3CC(=O)N(C3)C4=CNN=C4,COc1ccc(Cc2noc([C@H]3CC(=O)N(c4cn[nH]c4)C3)n2)cc1,3.0617376579916797,10,15,-0.10625284910202026,-0.050344787538051605,0.16275835037231445,-0.020167429000139236,0.006160713732242584,-0.0709814503788948,-0.0361025370657444,0.053264714777469635,0.21508379888268156
C1COC2=C1C=C(C=C2)C(=O)OCCCN3C=NC4=C(N=CN=C43)N,Nc1ncnc2c1ncn2CCCOC(=O)c1ccc2c(c1)CCO2,2.432727948505409,11,17,-0.34933727979660034,0.24167126417160034,0.11379817873239517,-0.08008016645908356,0.006132163107395172,-0.07417091727256775,-0.19453158974647522,0.13014191389083862,0.2779552715654952
CN(C)C(=O)C1=C(C(=CC=C1)NC2=NON=C2NC3=CC=CC=C3)O,CN(C)C(=O)c1cccc(Nc2nonc2Nc2ccccc2)c1O,2.4203526446273465,10,14,0.021625198423862457,0.031670793890953064,-0.04732619971036911,0.07789533585309982,0.005969792604446411,0.058987513184547424,0.005880836397409439,0.06727201491594315,0.1377049180327869
C1COCC1C2=NC3=C(O2)CCN(C3)C(=O)C4=CN5C=CC=NC5=N4,O=C(c1cn2cccnc2n1)N1CCc2oc(C3CCOC3)nc2C1,3.6061859079276015,11,17,-0.08818256855010986,0.09104057401418686,0.00295224878937006,-0.02932772785425186,0.005810254253447056,-0.0016723275184631348,-0.07369843125343323,0.022376500070095062,0.13910761154855644
CC1=NC2=C(CCN(C2)CC3=CNC4=C3C(=CC=C4)[N+](=O)[O-])C(=O)N1,Cc1nc2c(c(=O)[nH]1)CCN(Cc1c[nH]c3cccc([N+](=O)[O-])c13)C2,2.834017216675017,11,17,0.18845272064208984,-0.19696880877017975,0.014163358137011528,0.04480016231536865,0.005647270008921623,0.051081717014312744,0.152245432138443,-0.14078515768051147,0.21515151515151515
COC1=CC(=CC(=C1)C(=O)NCC2=CN(N=N2)C3=CN=CC=C3)OC,COc1cc(OC)cc(C(=O)NCc2cn(-c3cccnc3)nn2)c1,2.264451236176642,10,14,-0.05977301299571991,0.038396697491407394,0.02686893939971924,-0.056915897876024246,0.005492623895406723,-0.066276416182518,-0.0342898853123188,0.017520271241664886,0.18553459119496854
C1C(CN1CC(=O)NCC2=CC=CO2)C3=NC(=NO3)C4=CN=CC=C4,O=C(CN1CC(c2nc(-c3cccnc3)no2)C1)NCc1ccco1,2.3745115101492456,12,16,-0.1226310208439827,0.17979438602924347,-0.05170196667313576,-0.006275770254433155,0.005461398512125015,-0.024467267096042633,-0.05063924193382263,0.07953885197639465,0.21929824561403508
C1[C@H](OC2=CC=CC=C2O1)CNC(=O)NCC3=NN=C4N3C=CC=C4,O=C(NCc1nnc2ccccn12)NC[C@@H]1COc2ccccc2O1,2.8230979661396596,14,17,0.24358969926834106,-0.18820583820343018,-0.049942728132009506,-0.04205125570297241,0.0054411329329013824,-0.01817922666668892,0.13027553260326385,-0.15712378919124603,0.28421052631578947
CC1=CC=C(O1)[C@@H]2COCCN2C(=O)C3=CC(=CC=C3)N4C=NN=N4,Cc1ccc([C@@H]2COCCN2C(=O)c2cccc(-n3cnnn3)c2)o1,3.045495929856801,12,17,-0.15442411601543427,0.11686967313289642,0.04287908971309662,-0.1129598319530487,0.005324646830558777,-0.08623281121253967,-0.06493660807609558,-0.022026875987648964,0.12188365650969529
C1CN(CCN1)C2=CC=CC(=C2)N3C(=O)C=C4C(=C3N)C(=O)NC4=O,Nc1c2c(cc(=O)n1-c1cccc(N3CCNCC3)c1)C(=O)NC2=O,2.6901868808136964,10,15,0.15303027629852295,-0.05473093315958977,-0.0930393859744072,0.0775860995054245,0.005259957164525986,0.0749397948384285,0.08520609140396118,-0.029233921319246292,0.18051575931232092
C1=CC=C(C=C1)C(C2=NOC(=N2)CCNC(=O)C3=C(C=CC=N3)O)N,NC(c1ccccc1)c1noc(CCNC(=O)c2ncccc2O)n1,2.835686999403693,12,15,-0.10376980155706406,0.24464187026023865,-0.13591642677783966,0.026703113690018654,0.00495564192533493,0.052752215415239334,-0.09459419548511505,0.10480742901563644,0.15774647887323945
C1=CC=C(C=C1)CNC(=O)NC(=O)CCN2C(=O)N3C=CC=CC3=N2,O=C(CCn1nc2ccccn2c1=O)NC(=O)NCc1ccccc1,2.165247390022797,12,15,0.12205173075199127,-0.11131167411804199,-0.00578853115439415,0.020459864288568497,0.00495152547955513,-0.006426671519875526,0.09558843821287155,-0.04624062776565552,0.2043343653250774
C1=CC=C(C=C1)[C@@H](CO)NC(=O)CCC2=NC(=NO2)C3=NC=CC=N3,O=C(CCc1nc(-c2ncccn2)no1)N[C@H](CO)c1ccccc1,2.739875276537518,11,14,-0.14535069465637207,0.364356130361557,-0.2144070863723755,0.03932229429483414,0.004598349332809448,0.08096093684434891,-0.14973443746566772,0.17852362990379333,0.22012578616352202
CCC1=NOC(=N1)C2=C3CN(C(=O)C4=C(N3C=N2)C=CC(=C4)OC)C,CCc1noc(-c2ncn3c2CN(C)C(=O)c2cc(OC)ccc2-3)n1,2.749986664128972,9,17,-0.20555661618709564,0.1860545575618744,0.024034123867750168,-0.04823131859302521,0.004532065242528915,-0.0548030249774456,-0.146205335855484,0.1367565244436264,0.19315403422982885
C1CC(OCC1N2C=NC3=C2N=C(NC3=O)N)C(=O)C4=CC=CC=C4,Nc1nc2c(ncn2C2CCC(C(=O)c3ccccc3)OC2)c(=O)[nH]1,3.3914191273269445,11,15,0.24960455298423767,-0.153192400932312,-0.09217424690723419,0.004370890557765961,0.004237905144691467,0.08241583406925201,0.15712277591228485,-0.22996406257152557,0.2701863354037267
C1CN(CCC1C2=CC(=O)N3C(=N2)C(=CN3)C4=CN=CC=C4)C(=O)O,O=C(O)N1CCC(c2cc(=O)n3[nH]cc(-c4cccnc4)c3n2)CC1,2.6986031592535653,11,15,-0.17519453167915344,0.11309098452329636,0.06598801165819168,-0.038231536746025085,0.0038844645023345947,-0.05453997477889061,-0.123082235455513,0.1219782754778862,0.275
CC1=CC=CC=C1OC2CN(C2)C3=NN=C(C=C3)C4=NN=C(O4)CO,Cc1ccccc1OC1CN(c2ccc(-c3nnc(CO)o3)nn2)C1,2.581108928484335,11,16,0.12059146910905838,-0.31016141176223755,0.19254973530769348,-0.046577975153923035,0.0029797926545143127,-0.08810383081436157,0.11705094575881958,-0.12233483046293259,0.24068767908309455
CC1=NC=CC(=N1)O[C@@H]2CCN(C2)C(=O)C3=NNC(=C3)C4=CC=CO4,Cc1nccc(O[C@@H]2CCN(C(=O)c3cc(-c4ccco4)[nH]n3)C2)n1,3.175219217528035,12,17,0.11292175948619843,0.021427899599075317,-0.13173018395900726,-0.0391431525349617,0.0026194751262664795,0.03838652744889259,0.017014453187584877,-0.09853789955377579,0.22950819672131148
C[C@H](C(=O)NC1=CC=CC(=C1)C2=NN=CN2C)NC(=O)C3=COC=C3,C[C@@H](NC(=O)c1ccoc1)C(=O)Nc1cccc(-c2nncn2C)c1,2.8108732670093275,13,17,0.21925070881843567,-0.22254487872123718,0.0058783870190382,0.04652165621519089,0.0025842171162366867,-0.0013440363109111786,0.20383337140083313,-0.12007582932710648,0.24324324324324326
C1C(OC2=CC=CC=C2O1)CNC(=O)NCC3=NN=C4N3C=CC=C4,O=C(NCc1nnc2ccccn12)NCC1COc2ccccc2O1,2.8230979661396596,14,17,0.2491280436515808,-0.20826908946037292,-0.038306958973407745,-0.045058928430080414,0.0025519952178001404,-0.025300458073616028,0.12764054536819458,-0.1642780303955078,0.28421052631578947
CCCCNC1=C(C=C(C=C1)C2=NOC(=N2)C3=CC=NC=C3)[N+](=O)[O-],CCCCNc1ccc(-c2noc(-c3ccncc3)n2)cc1[N+](=O)[O-],2.2674666207920264,10,15,-0.09935963153839111,0.2607317566871643,-0.15916335582733154,-0.020711999386548996,0.0022087693214416504,-0.005535004194825888,-0.0938120037317276,0.11582072079181671,0.2576271186440678
C1CN2C(=CC(=N2)CCC(=O)O)CN1C(=O)C3=CC=CC4=CC=NN43,O=C(O)CCc1cc2n(n1)CCN(C(=O)c1cccc3ccnn13)C2,2.8970416207920273,12,17,0.0959252417087555,0.11395107954740524,-0.20769448578357697,0.039633601903915405,0.0021818354725837708,0.10276426374912262,0.01091204397380352,-0.022415732964873314,0.1527777777777778
CC1=C2C(=CC=C1)NC(=N2)CNC3=C(C=C(C=C3)C(=O)NC)[N+](=O)[O-],CNC(=O)c1ccc(NCc2nc3c(C)cccc3[nH]2)c([N+](=O)[O-])c1,2.2981657416711467,12,17,0.20990030467510223,-0.0784805566072464,-0.12929457426071167,0.0012097368016839027,0.002125173807144165,0.044057853519916534,0.06620196998119354,-0.10585078597068787,0.15359477124183007
C1CN(C(C(=O)N1)CC2=NC3=CC=CC=C3O2)C(=O)CN4C=CC=N4,O=C1NCCN(C(=O)Cn2cccn2)C1Cc1nc2ccccc2o1,3.118990555778826,13,17,-0.08409694582223892,0.15185770392417908,-0.06596969813108444,0.024539412930607796,0.0017910599708557129,0.004658885300159454,-0.037379518151283264,0.09132975339889526,0.12534059945504086
CCOC(=O)C1=C(C=NN1)[C@H]2CC(=O)NCC3=C2N4C=CC=CC4=N3,CCOC(=O)c1[nH]ncc1[C@H]1CC(=O)NCc2nc3ccccn3c21,3.4717600763267704,12,17,0.002056637778878212,0.07131921499967575,-0.07178378105163574,-0.0102949608117342,0.0015920717269182205,0.03682130575180054,-0.06005921959877014,0.016060348600149155,0.19571045576407506
COC1=CNC(=CC1=O)C(=O)NC2=NNC(=N2)CCC3=CC=CC=C3,COc1c[nH]c(C(=O)Nc2n[nH]c(CCc3ccccc3)n2)cc1=O,2.4878396977151027,11,15,-0.12911462783813477,0.15730947256088257,-0.026710139587521553,-0.03791554644703865,0.0014847051352262497,-0.015587503090500832,-0.15029585361480713,0.12412845343351364,0.28205128205128205
C1=CC=NC(=C1)/C=C/2\C(=O)N(C3=C(O2)C=CC(=C3)N)CCC(=O)NN,NNC(=O)CCN1C(=O)/C(=C\c2ccccn2)Oc2ccc(N)cc21,2.6671145081159704,13,17,0.09063170850276947,0.040871553122997284,-0.13044145703315735,-0.002949363552033901,0.0010618045926094055,0.011019066907465458,0.01409473642706871,-0.0020373649895191193,0.23214285714285715
COC1=NN2C(=NN=C2CNC(=O)CCC(=O)C3=CC=CC=C3)C=C1,COc1ccc2nnc(CNC(=O)CCC(=O)c3ccccc3)n2n1,2.2745973900227963,10,15,0.11779492348432541,0.009673042222857475,-0.1267266571521759,0.014176188968122005,0.0007413085550069809,0.055708758533000946,0.0686890035867691,-0.08617334812879562,0.23225806451612904
CN(C)C1=CC=CC(=C1)CNC2=C(C(=O)N3C=CC=CC3=N2)[N+](=O)[O-],CN(C)c1cccc(CNc2nc3ccccn3c(=O)c2[N+](=O)[O-])c1,2.42780332408873,11,16,0.2435787469148636,-0.2487778514623642,0.0057441070675849915,-0.031056001782417297,0.0005450025200843811,0.0026641828007996082,0.0998457670211792,-0.14715024828910828,0.2633333333333333
COC1=CC=CC2=C1N=C(N3C2=NC(=C3)C(=O)N4C[C@@H]5C[C@H]4CO5)N,COc1cccc2c1nc(N)n1cc(C(=O)N3C[C@@H]4C[C@H]3CO4)nc21,4.373500480015708,11,17,0.08845381438732147,-0.23735541105270386,0.14928537607192993,-0.05492008477449417,0.0003837794065475464,-0.08083905279636383,0.10504806041717529,-0.12466202676296234,0.28703703703703703
CC1=NC(=NO1)C2=NC3=C(N2)CC(CNC3=O)C4=CC(=CC=C4)OC,COc1cccc(C2CNC(=O)c3nc(-c4noc(C)n4)[nH]c3C2)c1,3.315894691711386,11,17,0.017447292804718018,-0.06949674338102341,0.05196002125740051,-0.04008336365222931,-8.942931890487671e-05,-0.044491369277238846,-0.02722415328025818,0.008880095556378365,0.22285714285714286
CC(C(=O)NC1=CC=C(C=C1)OC)OC2=CC=CC(=C2)N3C=NN=N3,COc1ccc(NC(=O)C(C)Oc2cccc(-n3cnnn3)c2)cc1,2.4580389224806165,11,15,0.17516571283340454,-0.30967438220977783,0.13421154022216797,0.014334924519062042,-0.00029712915420532227,-0.06417179107666016,0.18181520700454712,-0.12058967351913452,0.2361111111111111
CC(C)C1=C(N=CO1)C(=O)NC2=CC=CC=C2N3C=CC(=N3)C(=O)N,CC(C)c1ocnc1C(=O)Nc1ccccc1-n1ccc(C(N)=O)n1,2.6564310163964215,11,16,-0.18396885693073273,0.17461633682250977,0.008907871320843697,0.005110129714012146,-0.00044464878737926483,-0.022337136790156364,-0.08921315521001816,0.11506849527359009,0.11779448621553884
COC1=C(C=C(C=C1)NC2=NN(C(=N2)N)C(=O)C3=CC=CC=C3)OC,COc1ccc(Nc2nc(N)n(C(=O)c3ccccc3)n2)cc1OC,2.123352644627346,10,15,-0.0422094389796257,0.1655614972114563,-0.12450733780860901,-0.01688869297504425,-0.0011552795767784119,0.018881781026721,-0.05444164201617241,0.025212924927473068,0.19047619047619047
C1=CC2=C(C=C1NC(=O)C(CO)NC(=O)CC3=CC=NC=C3)NN=C2,O=C(Cc1ccncc1)NC(CO)C(=O)Nc1ccc2cn[nH]c2c1,2.704438922480616,13,15,-0.00844348594546318,-0.011090852320194244,0.018309112638235092,-0.010710827074944973,-0.0012252256274223328,-0.02144835889339447,-0.009409837424755096,0.015684202313423157,0.19601328903654486
CN(C)CC1=CC=C(C=C1)C2=NN=C(O2)NC3=CC(=CC=C3)[N+](=O)[O-],CN(C)Cc1ccc(-c2nnc(Nc3cccc([N+](=O)[O-])c3)o2)cc1,2.217071604540674,9,14,-0.263240247964859,0.0707913264632225,0.19122314453125,-0.039808452129364014,-0.0012257769703865051,-0.12665431201457977,-0.08592387288808823,0.1223808079957962,0.13190184049079753
CC1=CC=CC=C1CC2=NOC(=N2)CN3C=C(C(=N3)C4CC4)[N+](=O)[O-],Cc1ccccc1Cc1noc(Cn2cc([N+](=O)[O-])c(C3CC3)n2)n1,2.6939272925146707,10,16,-0.056777775287628174,-0.03668777272105217,0.09194958209991455,0.012588508427143097,-0.0015159659087657928,-0.03732328116893768,0.017297768965363503,0.030548086389899254,0.12468193384223919
CC1=NC(=NO1)C2=NC3=C(N2)C[C@H](CNC3=O)C4=CC(=CC=C4)OC,COc1cccc([C@H]2CNC(=O)c3nc(-c4noc(C)n4)[nH]c3C2)c1,3.315894691711386,11,17,0.018322709947824478,-0.058003928512334824,0.03798557072877884,-0.036390502005815506,-0.0016956478357315063,-0.028068777173757553,-0.03211814910173416,0.0012739263474941254,0.22285714285714286
CC(C)N1C2=NC=C(C=C2C=N1)C(=O)NCC3=CC=C(C=C3)[N+](=O)[O-],CC(C)n1ncc2cc(C(=O)NCc3ccc([N+](=O)[O-])cc3)cnc21,2.229664862550269,9,14,-0.03263761103153229,-0.057379886507987976,0.08808733522891998,-0.0013485755771398544,-0.0019301623106002808,-0.04016943275928497,0.05285841226577759,-0.030324550345540047,0.18018018018018017
C1CC1NC(=O)CCCNC2=NC3=C(C=C(C=C3)[N+](=O)[O-])C(=C2)C#N,N#Cc1cc(NCCCC(=O)NC2CC2)nc2ccc([N+](=O)[O-])cc12,2.4591450823304886,11,16,0.18797391653060913,-0.035765912383794785,-0.15422707796096802,0.02027791738510132,-0.0020190738141536713,0.040982820093631744,0.08890125900506973,-0.07586237788200378,0.22184300341296928
CC(C(=O)NC(=O)NC1=CC=CC=C1)NC2=CC3=C(C=C2)NC(=O)N3,CC(Nc1ccc2[nH]c(=O)[nH]c2c1)C(=O)NC(=O)Nc1ccccc1,2.6037738087211366,13,15,0.1598450094461441,-0.28618481755256653,0.12422364205121994,0.03271441161632538,-0.002116166055202484,-0.0491667166352272,0.17171724140644073,-0.08032174408435822,0.2210144927536232
C1CN(CCC1C(=O)NC2=CC=NC3=CC=NN32)C(=O)C4=COC=C4,O=C(Nc1ccnc2ccnn12)C1CCN(C(=O)c2ccoc2)CC1,2.5398820054074136,11,15,-0.035884685814380646,0.13577257096767426,-0.10212094336748123,-0.02011195570230484,-0.002233058214187622,0.021176956593990326,-0.05696987360715866,0.02341131865978241,0.2316715542521994
COC(=O)C1=CC(=CC=C1)NC2=NN=C(O2)C3=NNC4=C3CCCC4,COC(=O)c1cccc(Nc2nnc(-c3n[nH]c4c3CCCC4)o2)c1,2.574688960096559,11,17,-0.0307904202491045,0.07421441376209259,-0.04570325091481209,-0.056667134165763855,-0.0022792574018239975,0.054272253066301346,-0.1342666745185852,-0.029860418289899826,0.13131313131313133
COC1=CC(=O)N(C=C1C(=O)NCCN2N=CC=N2)C3=CC=CC=C3,COc1cc(=O)n(-c2ccccc2)cc1C(=O)NCCn1nccn1,2.524264697715104,10,14,0.05439505726099014,-0.140282541513443,0.08347839117050171,0.0007263347506523132,-0.0024090930819511414,-0.05057225748896599,0.09852351248264313,-0.05199550837278366,0.22121212121212122
C1CCN(C1)C(=O)C2=CN=CC(=N2)NCC3=NOC(=C3)C4=CC=CO4,O=C(c1cncc(NCc2cc(-c3ccco3)on2)n1)N1CCCC1,2.587679302704709,10,15,-0.16168007254600525,0.1242574155330658,0.03476628661155701,-0.014356190338730812,-0.0026563704013824463,-0.06025288254022598,-0.03737077862024307,0.07970312237739563,0.1693548387096774
CC1=C(C(=O)OC(=C1)CCC2=CC=CC=C2)C(=O)NCC3=NNN=N3,Cc1cc(CCc2ccccc2)oc(=O)c1C(=O)NCc1nn[nH]n1,2.539003159253566,10,15,0.17884919047355652,-0.047977712005376816,-0.13367006182670593,0.04028717055916786,-0.00279858335852623,0.0956474170088768,0.002221275120973587,-0.023626483976840973,0.12130177514792899
CC1=CC(=C(N1CC2=CC=CC=C2)C)C(=O)CN3C=NC(=N3)[N+](=O)[O-],Cc1cc(C(=O)Cn2cnc([N+](=O)[O-])n2)c(C)n1Cc1ccccc1,2.4114074999129063,9,15,0.06596498936414719,-0.09518104046583176,0.02619098126888275,0.003713104873895645,-0.003025069832801819,-0.0015657804906368256,0.07501756399869919,-0.07510119676589966,0.14713896457765668
CC1=CC(=NN1CCNC(=O)NC2=CC=CC3=CC=CC=C32)[N+](=O)[O-],Cc1cc([N+](=O)[O-])nn1CCNC(=O)Nc1cccc2ccccc12,2.2138011820054615,13,17,0.19072456657886505,-0.168369323015213,-0.025472396984696388,0.026531927287578583,-0.0031171534210443497,0.00878635048866272,0.1693413257598877,-0.13525992631912231,0.12968299711815562
COC1=C(C=CC(=C1)C=NNC(=O)CCN2C3=CC=CC=C3N=N2)O,COc1cc(C=NNC(=O)CCn2nnc3ccccc32)ccc1O,2.226628159253565,13,17,0.06357351690530777,0.10455019772052765,-0.17188628017902374,0.0024119140580296516,-0.003762565553188324,0.04733400046825409,0.021567417308688164,-0.03805331140756607,0.19801980198019803
C1=CC2=C(C(=C1)NC(=O)CCCNC3=CC=C(C=C3)[N+](=O)[O-])NN=C2,O=C(CCCNc1ccc([N+](=O)[O-])cc1)Nc1cccc2cn[nH]c12,2.222299313099718,12,15,0.11794707179069519,-0.002613736316561699,-0.11959744989871979,0.004694148898124695,-0.004264114424586296,0.026966914534568787,0.05332912504673004,-0.05904329568147659,0.1947565543071161
C1CNCC2=C1NN=C2NC(=O)CCN3C(=O)C4=CC=CC=C4C3=O,O=C(CCN1C(=O)c2ccccc2C1=O)Nc1n[nH]c2c1CNCC2,2.5446858515612583,10,13,-0.03129596263170242,0.2117888629436493,-0.18508422374725342,0.00848773680627346,-0.004591323435306549,0.06524492800235748,-0.10998483002185822,0.08810387551784515,0.16326530612244897
C1C(CC1N2C=C(N=N2)CO)NC(=O)C3=NOC(=C3)C4=CC=CC=C4,O=C(NC1CC(n2cc(CO)nn2)C1)c1cc(-c2ccccc2)on1,2.54653777463818,11,14,-0.04794413596391678,0.1374611258506775,-0.09415565431118011,0.02120165526866913,-0.004638664424419403,0.04109218344092369,-0.02093374729156494,0.02092692442238331,0.14432989690721648
C1=CC2=C(C=C1N)O/C(=C/C3=CC=NC=C3)/C(=O)N2CCC(=O)NN,NNC(=O)CCN1C(=O)/C(=C\c2ccncc2)Oc2cc(N)ccc21,2.6560765882893183,11,15,0.018416259437799454,0.0488913431763649,-0.07226802408695221,-0.023951062932610512,-0.004960421472787857,-0.03270667791366577,-0.016681069508194923,0.030876612290740013,0.2453416149068323
COC1=CC=CC2=C1OC[C@H](C2)CNC(=O)C3=CC4=NN=NN4C=C3,COc1cccc2c1OC[C@@H](CNC(=O)c1ccn3nnnc3c1)C2,3.133648511521713,12,17,0.10547403991222382,-0.05126631632447243,-0.05918535217642784,-0.0769658014178276,-0.004977628588676453,-0.03579401597380638,0.0073602646589279175,-0.07880987226963043,0.2682119205298013
C1CC2=CC(=O)N(N=C2C1)C3COCC3NC4=C5C(=CN=N4)C=CO5,O=c1cc2c(nn1C1COCC1Nc1nncc3ccoc13)CCC2,4.148224532732348,12,17,-0.06594200432300568,0.2270285040140152,-0.16609245538711548,-0.05491209402680397,-0.005005955696105957,0.05149491876363754,-0.11853184551000595,-0.00875171646475792,0.1536643026004728
CN1C=NC=C1[C@@H](C(=O)NCC(=O)NC2=CC=CC3=C2N=CC=C3)O,Cn1cncc1[C@H](O)C(=O)NCC(=O)Nc1cccc2cccnc12,2.935535455525036,14,17,-0.041958849877119064,0.02365550957620144,0.01232204120606184,-0.0074479468166828156,-0.005981299094855785,-0.03215448558330536,0.04091586917638779,-0.01821540668606758,0.21068249258160238
CCOC(=O)C1=C(C=NN1)C2CC(=O)NCC3=C2N4C=CC=CC4=N3,CCOC(=O)c1[nH]ncc1C1CC(=O)NCc2nc3ccccn3c21,3.4717600763267704,12,17,0.04263041168451309,0.022286657243967056,-0.07120838016271591,-0.02124672755599022,-0.0062913112342357635,0.016227301210165024,-0.03448379784822464,-0.0066862767562270164,0.19571045576407506
C1CC1C2=CC(=NN2)NC(=O)CC3=CC=C(C=C3)N4C(=CNC4=O)O,O=C(Cc1ccc(-n2c(O)c[nH]c2=O)cc1)Nc1cc(C2CC2)[nH]n1,2.6676722545948444,11,14,0.1373625099658966,-0.057336777448654175,-0.08673874288797379,0.0471421480178833,-0.006713010370731354,0.027038954198360443,0.09921495616436005,-0.04648478329181671,0.23011363636363635
CN1C=C(C=N1)N2C(=O)C(=CC(=N2)C3=CC=C(C=C3)N(C)C)C(=O)O,CN(C)c1ccc(-c2cc(C(=O)O)c(=O)n(-c3cnn(C)c3)n2)cc1,2.4573870221298186,8,14,0.013666998594999313,-0.1354949027299881,0.11497604846954346,-0.03499940037727356,-0.006851855665445328,-0.06959022581577301,0.020087387412786484,-0.017529737204313278,0.18956043956043955
COC1=CN=C(N=C1)OC2CCN(C2)C3=CC(=O)N4C=CC=CC4=N3,COc1cnc(OC2CCN(c3cc(=O)n4ccccc4n3)C2)nc1,3.1314520942403625,11,16,0.09945361316204071,-0.13421791791915894,0.02769719995558262,-0.0028564371168613434,-0.007067104801535606,0.012187342159450054,0.09474478662014008,-0.12952706217765808,0.3736654804270463
C1COCC1C2=NC3=C(O2)CCN(C3)C(=O)C4=CC5=NNN=C5C=C4,O=C(c1ccc2n[nH]nc2c1)N1CCc2oc(C3CCOC3)nc2C1,3.459671147012841,11,17,-0.1366828978061676,0.20599472522735596,-0.07640870660543442,-0.03954392299056053,-0.007096879184246063,0.04911741986870766,-0.1655815839767456,0.04224160313606262,0.12121212121212122
C1COC[C@H]([C@@H]1OC2=CC=CC=N2)NC(=O)C3=CC4=NNN=C4C=C3,O=C(N[C@@H]1COCC[C@H]1Oc1ccccn1)c1ccc2n[nH]nc2c1,3.3785580046658215,14,17,0.09342778474092484,0.050909336656332016,-0.15171605348587036,-0.037192873656749725,-0.00737893208861351,0.05422055721282959,-0.016261909157037735,-0.0876876562833786,0.19873817034700317
CC1=CC=CC=C1CN2C=C(C=N2)NC(=O)C3=C(N(N=C3)C)C(=O)O,Cc1ccccc1Cn1cc(NC(=O)c2cnn(C)c2C(=O)O)cn1,2.2901191482645533,12,17,0.10790962725877762,-0.3140237629413605,0.19861115515232086,0.01005497109144926,-0.007502980530261993,-0.09204598516225815,0.1650620698928833,-0.0887032076716423,0.13256484149855907
CC1=NC(=NO1)C2=CC=C(C=C2)OCC(=O)N(CCC#N)CCC#N,Cc1nc(-c2ccc(OCC(=O)N(CCC#N)CCC#N)cc2)no1,2.483604215591594,6,12,-0.03889624774456024,0.022215822711586952,0.008386600762605667,-0.02974219247698784,-0.008293824270367622,-0.05496921390295029,-0.016419988125562668,0.029435474425554276,0.3333333333333333
COC1=C(C=C(C=C1)CC(=O)NC2=CC=C(C=C2)N3C=NN=N3)OC,COc1ccc(CC(=O)Nc2ccc(-n3cnnn3)cc2)cc1OC,1.9690916207920264,10,15,-0.10637561231851578,0.11279420554637909,-0.014761853963136673,-0.007629993371665478,-0.008343260735273361,-0.010992028750479221,-0.029432062059640884,0.02314678207039833,0.21649484536082475
C[C@@H](C(=O)NN=CC1=CC(=C(C=C1)O)OC)N2C3=CC=CC=C3N=N2,COc1cc(C=NNC(=O)[C@H](C)n2nnc3ccccc32)ccc1O,2.7505118368901513,13,17,0.09163141250610352,-0.025152819231152534,-0.0751236155629158,0.01676603965461254,-0.00864502228796482,0.03296734765172005,0.0796440988779068,-0.09110445529222488,0.18808777429467086
C/C(=N\NC(=O)CN1C2=CC=CC=C2N=N1)/C3=C(C=CC(=C3)OC)O,COc1ccc(O)c(/C(C)=N/NC(=O)Cn2nnc3ccccc32)c1,2.291583413858117,12,17,0.06830492615699768,-0.0815051794052124,0.004136407747864723,-0.007883136160671711,-0.009063845500349998,-0.009192125871777534,0.08459322899580002,-0.09344221651554108,0.17647058823529413
CC(=O)C1=CC2=C(C=C1)C3=NC(=CN3CCO2)C4=NC=NN4CCO,CC(=O)c1ccc2c(c1)OCCn1cc(-c3ncnn3CCO)nc1-2,2.882414697715104,11,17,-0.15322521328926086,-0.08488315343856812,0.2285277247428894,-0.1263919472694397,-0.009580641984939575,-0.12585961818695068,-0.052025653421878815,-0.06687293946743011,0.334384858044164
CC1=CC=C(O1)[C@H]2COCCN2C(=O)C3=CC(=CC=C3)N4C=NN=N4,Cc1ccc([C@H]2COCCN2C(=O)c2cccc(-n3cnnn3)c2)o1,3.045495929856801,12,17,-0.154082790017128,0.10612540692090988,0.03821469843387604,-0.11473755538463593,-0.009742684662342072,-0.08854582905769348,-0.06587415188550949,-0.03092959336936474,0.12188365650969529
CCC1=NC(=NO1)C2=CC3=C(C=C2)[C@@H](CO3)NC(=O)C4=CN(N=C4)C,CCc1nc(-c2ccc3c(c2)OC[C@H]3NC(=O)c2cnn(C)c2)no1,3.029406230172924,11,17,-0.12087376415729523,0.07940547168254852,0.03158348798751831,-0.09037648886442184,-0.009884804487228394,-0.09352737665176392,-0.0866934135556221,0.047109831124544144,0.25977653631284914
CC1=CC2=C(N=C1)OCCN2C(=O)CCN3C(=O)N4C=CC=CC4=N3,Cc1cnc2c(c1)N(C(=O)CCn1nc3ccccn3c1=O)CCO2,2.755255082330489,11,17,-0.038670338690280914,-0.11709554493427277,0.14566630125045776,-0.06431195139884949,-0.010099582374095917,-0.08865566551685333,0.024289565160870552,-0.061022836714982986,0.25745257452574527
CC1=NC=CC(=N1)O[C@H]2CCN(C2)C(=O)C3=NNC(=C3)C4=CC=CO4,Cc1nccc(O[C@H]2CCN(C(=O)c3cc(-c4ccco4)[nH]n3)C2)n1,3.175219217528035,12,17,0.11844253540039062,0.0044869668781757355,-0.1333387792110443,-0.04318591579794884,-0.010409276932477951,0.03157578408718109,0.020608149468898773,-0.107462577521801,0.22950819672131148
C[C@@H](C1=CC=NC=C1)N(C)CC2=NN=C(O2)C3=CC=C(C=C3)[N+](=O)[O-],C[C@@H](c1ccncc1)N(C)Cc1nnc(-c2ccc([N+](=O)[O-])cc2)o1,2.7964381640840834,8,13,-0.1599826216697693,0.023205982521176338,0.12588050961494446,-0.018031608313322067,-0.010896129533648491,-0.05198238790035248,-0.06994006037712097,0.0591384693980217,0.1636904761904762
CC(C)N1C2=NC=C(C=C2C=N1)NC(=O)CC3=CC=C(C=C3)[N+](=O)[O-],CC(C)n1ncc2cc(NC(=O)Cc3ccc([N+](=O)[O-])cc3)cnc21,2.263307060352467,9,14,0.022240050137043,-0.1833336055278778,0.15016216039657593,-0.010088725946843624,-0.01093139499425888,-0.07635173201560974,0.10690845549106598,-0.0759880542755127,0.22392638036809817
CCC1=NC(=NO1)C2=CC3=C(C=C2)C(CO3)NC(=O)C4=CC=NN4C,CCc1nc(-c2ccc3c(c2)OCC3NC(=O)c2ccnn2C)no1,3.08283507632677,11,17,-0.14283975958824158,0.07935509085655212,0.0523199662566185,-0.08581256866455078,-0.011164702475070953,-0.10870677977800369,-0.07298318296670914,0.05502771958708763,0.25333333333333335
CC1=CC(=CC=C1)N2N=C(C(=NC3=CC(=CC(=C3)C)C)N2O)[N+](=O)[O-],Cc1cc(C)cc(N=c2c([N+](=O)[O-])nn(-c3cccc(C)c3)n2O)c1,2.8964485605913577,9,14,-0.06228312477469444,-0.14972105622291565,0.20078086853027344,-0.04318078234791756,-0.011223312467336655,-0.09678082168102264,0.04698445275425911,-0.06173529475927353,0.08072916666666667
CCOC(=O)C(CC1=CCC(C(C1)(C#N)C#N)(C#N)C#N)NC(=O)C,CCOC(=O)C(CC1=CCC(C#N)(C#N)C(C#N)(C#N)C1)NC(C)=O,4.036986224432397,9,15,-0.06692814826965332,0.3275148868560791,-0.2721210718154907,0.026369091123342514,-0.011534333229064941,0.10873976349830627,-0.14401128888130188,0.10217442363500595,0.12
CCCOC1=CC=CC2=C1OCC2NC(=O)C3=CN4C=NN=C4C=N3,CCCOc1cccc2c1OCC2NC(=O)c1cn2cnnc2cn1,3.2945882375491085,12,17,0.07179045677185059,-0.08469310402870178,0.0012487121857702732,-0.030145693570375443,-0.011653935071080923,-0.05141662806272507,0.06580408662557602,-0.06548129767179489,0.25
CC(C(=O)NC1=NNC2=C1CNCC2)N3C(=O)C4=CC=CC=C4C3=O,CC(C(=O)Nc1n[nH]c2c1CNCC2)N1C(=O)c2ccccc2C1=O,3.0445943937698905,10,13,0.12246321141719818,0.03314806520938873,-0.16738061606884003,-0.0005624089390039444,-0.011769339442253113,0.06054403632879257,-0.0217202827334404,-0.033307865262031555,0.15819209039548024
C1=CC2=C(C=C1N)N(C(=O)/C(=C\C3=CC=NC=C3)/O2)CCC(=O)NN,NNC(=O)CCN1C(=O)/C(=C\c2ccncc2)Oc2ccc(N)cc21,2.631340726967542,11,15,0.05168773978948593,0.01389909815043211,-0.0774150863289833,-0.02888733148574829,-0.011828248389065266,-0.0298110693693161,-0.0015776809304952621,-0.0002840375527739525,0.24458204334365324
C1COCCN1C2=CC(=NC3=CC=NN32)NC(=O)C=CC4=CC=CO4,O=C(C=Cc1ccco1)Nc1cc(N2CCOCC2)n2nccc2n1,2.7466443754697814,11,15,0.058824338018894196,-0.024377107620239258,-0.0466344878077507,-0.007265130989253521,-0.012187257409095764,-0.0020130062475800514,0.04658827185630798,-0.055471304804086685,0.24390243902439024
CN(CC1COC2=CC=CC=C2O1)CC3=NC(=NO3)C4=NC=CN=C4,CN(Cc1nc(-c2cnccn2)no1)CC1COc2ccccc2O1,2.9904231220648168,12,17,-0.06913899630308151,0.04144847393035889,0.014881746843457222,-0.03451770544052124,-0.012808775529265404,-0.01713324524462223,-0.04694331809878349,-0.000774262472987175,0.2824675324675325
C/C(=N\NC(=O)CN1C2=CC=CC=C2N=N1)/C3=CC(=C(C=C3)O)OC,COc1cc(/C(C)=N/NC(=O)Cn2nnc3ccccc32)ccc1O,2.2274367183001527,12,17,0.023005081340670586,-0.007196780294179916,-0.028619226068258286,-0.019671132788062096,-0.012810925021767616,-0.011780079454183578,0.05151326209306717,-0.0852542370557785,0.18238993710691823
CCOC1=C(C=C(C=C1)/C(=N/NC2=NC3=CC=CC=C3N2)/C)[N+](=O)[O-],CCOc1ccc(/C(C)=N/Nc2nc3ccccc3[nH]2)cc1[N+](=O)[O-],2.328704757303404,12,17,-0.0773790180683136,-0.2023489773273468,0.26683419942855835,-0.04629562422633171,-0.01289379596710205,-0.14233914017677307,0.0597398579120636,-0.010492648929357529,0.24067796610169492
C1CCN(C1)C2=C(C=C(C=C2)C=NNC(=O)C3=CC=CC=N3)[N+](=O)[O-],O=C(NN=Cc1ccc(N2CCCC2)c([N+](=O)[O-])c1)c1ccccn1,2.2221108515612578,11,15,-0.07236748188734055,-0.09285292774438858,0.15200531482696533,-0.016037028282880783,-0.013215094804763794,-0.04940490424633026,0.02551564946770668,-0.04308473691344261,0.15060240963855423
C1COC[C@H]([C@@H]1NC(=O)C2=CC3=NN=CN3C=C2)OC4=CC=CC=N4,O=C(N[C@@H]1CCOC[C@H]1Oc1ccccn1)c1ccn2cnnc2c1,3.5797426200504363,14,17,0.17415721714496613,-0.04038189351558685,-0.1470591425895691,-0.034406084567308426,-0.01328381896018982,0.03530037775635719,0.05741854012012482,-0.13030394911766052,0.23125
COC1=CC=C(C=C1)CNC2=NC(=NC3=C2C=C(C=C3)[N+](=O)[O-])CN,COc1ccc(CNc2nc(CN)nc3ccc([N+](=O)[O-])cc23)cc1,2.2096141830888847,10,15,0.09201088547706604,-0.16149784624576569,0.05599474161863327,-0.032613277435302734,-0.013492219150066376,-0.04093398526310921,0.05465131625533104,-0.0776798352599144,0.2717391304347826
CC1=C(C(=NO1)C2=CC=CC=C2)C3=NN=C(O3)CN4CCNC(=O)C4,Cc1onc(-c2ccccc2)c1-c1nnc(CN2CCNC(=O)C2)o1,2.5095020264822274,9,15,-0.2101449817419052,0.1394009292125702,0.056808952242136,0.07197800278663635,-0.01393510028719902,-0.01873447559773922,-0.011584378778934479,0.1244562566280365,0.15608465608465608
CN(C1=CC(=C(C=C1)NC(=O)C2=CC=CC(=N2)C3=CC=NN3)OC)O,COc1cc(N(C)O)ccc1NC(=O)c1cccc(-c2ccn[nH]2)n1,2.639983847227562,13,17,0.14741936326026917,-0.013768800534307957,-0.14783306419849396,-0.021572455763816833,-0.01418250147253275,0.023234032094478607,0.040235597640275955,-0.08383511006832123,0.27070063694267515
C1CC(OC1)(CNC2=C3C(=NC=N2)N(C=N3)C4=CC=CC=C4)C(=O)O,O=C(O)C1(CNc2ncnc3c2ncn3-c2ccccc2)CCCO1,3.2674896074121236,11,15,-0.11409103870391846,0.029959827661514282,0.06955011188983917,-0.007927830331027508,-0.014581099152565002,-0.03511764109134674,-0.0008292738348245621,-0.001075870357453823,0.24012158054711247
C[C@H](C1=CC=NC=C1)N(C)CC2=NN=C(O2)C3=CC=C(C=C3)[N+](=O)[O-],C[C@H](c1ccncc1)N(C)Cc1nnc(-c2ccc([N+](=O)[O-])cc2)o1,2.7964381640840834,8,13,-0.16270658373832703,0.023352202028036118,0.12450265884399414,-0.018905580043792725,-0.014851722866296768,-0.05284847319126129,-0.07183688133955002,0.05850785970687866,0.1636904761904762
C#N.C1CC1C(=O)NC2=CC3=CC(=CC(=C3C=N2)N)N4CCOC4=O,C#N.Nc1cc(N2CCOC2=O)cc2cc(NC(=O)C3CC3)ncc12,2.7770258968101267,11,16,0.09369230270385742,-0.2692919969558716,0.1605595201253891,-0.02300446853041649,-0.015040174126625061,-0.11252913624048233,0.15319481492042542,-0.0948864072561264,0.2425249169435216
COC(CC1=CC=CC=C1)C(=O)NC2=CC=C(C=C2)N3C(=O)NN=N3,COC(Cc1ccccc1)C(=O)Nc1ccc(-n2nn[nH]c2=O)cc1,2.9247350763267708,10,13,0.21601751446723938,-0.24121205508708954,0.010119733400642872,0.05553445965051651,-0.015074807219207287,0.006602223962545395,0.15459468960762024,-0.08597170561552048,0.17737003058103976
CC(C)C1=C(C(=NN1)C(=O)NC2=CC(=CC=C2)N3C=CC=C3)[N+](=O)[O-],CC(C)c1[nH]nc(C(=O)Nc2cccc(-n3cccc3)c2)c1[N+](=O)[O-],2.626359148264555,10,14,0.19545939564704895,-0.18256674706935883,-0.028121966868638992,-0.006865529343485832,-0.015229318290948868,0.044136956334114075,0.0858805924654007,-0.15656831860542297,0.1384180790960452
C1COCCC1OC2=NC=NC(=C2)OC3=CC=C(C=C3)N4C=NC=N4,c1nc(Oc2ccc(-n3cncn3)cc2)cc(OC2CCOCC2)n1,2.55735954386895,9,13,-0.06512102484703064,0.019409600645303726,0.030052833259105682,-0.028495315462350845,-0.01565859094262123,-0.045770980417728424,-0.013647292740643024,0.010312222875654697,0.23986486486486486
CC(C1=CC=C(C=C1)N2C=CC=C2)NC(=O)CN3C=C(C=N3)[N+](=O)[O-],CC(NC(=O)Cn1cc([N+](=O)[O-])cn1)c1ccc(-n2cccc2)cc1,2.7923857263809424,10,13,0.051716625690460205,-0.17223557829856873,0.10467195510864258,0.0034818872809410095,-0.015846997499465942,-0.03425613045692444,0.09236857295036316,-0.08078832179307938,0.1396011396011396
C1CC1C2=NC(=CO2)C(=O)N3CCN(CC3)C4=NC5=C(O4)C=CC=N5,O=C(c1coc(C2CC2)n1)N1CCN(c2nc3ncccc3o2)CC1,2.6999416471355477,8,14,-0.17894965410232544,0.07482276856899261,0.08760258555412292,0.008663199841976166,-0.0165242999792099,-0.04804007336497307,-0.05107561871409416,0.08508694916963577,0.2116991643454039
C1COCC1C2=NN(C(=N2)C3=CC(=NN3)C4=CC=CC=C4)CC(=O)O,O=C(O)Cn1nc(C2CCOC2)nc1-c1cc(-c2ccccc2)n[nH]1,3.1687722206892577,11,15,0.05532147362828255,-0.057896263897418976,-0.014480466023087502,-0.016900639981031418,-0.01705525629222393,0.016539297997951508,0.04226841405034065,-0.10407260805368423,0.23008849557522124
C1=CC=C2C(=C1)NC(=N2)NC(=O)CCCNC3=CC=C(C=C3)[N+](=O)[O-],O=C(CCCNc1ccc([N+](=O)[O-])cc1)Nc1nc2ccccc2[nH]1,2.1181281592535655,12,15,0.09857804328203201,-0.09445067495107651,-0.021222373470664024,-0.008921092376112938,-0.01709500513970852,-0.017534587532281876,0.06984002888202667,-0.07407987117767334,0.30522088353413657
CCCCNC1=C(C=C(C=C1)C2=NOC(=N2)C3=CN=CC=C3)[N+](=O)[O-],CCCCNc1ccc(-c2noc(-c3cccnc3)n2)cc1[N+](=O)[O-],2.263197390022796,12,17,-0.18122893571853638,0.33727604150772095,-0.1731576919555664,-0.03934741020202637,-0.017110586166381836,-0.023651661351323128,-0.15332479774951935,0.15847840905189514,0.24752475247524752
C1CN(C2=CC=CC=C21)C(=O)C(=O)N3CCN4C(=NC=C4C(=O)N)C3,NC(=O)c1cnc2n1CCN(C(=O)C(=O)N1CCc3ccccc31)C2,2.7638113661874772,11,17,-0.3318372964859009,0.10974720120429993,0.20489192008972168,-0.033712249249219894,-0.017198175191879272,-0.07353979349136353,-0.17739874124526978,0.1422455906867981,0.16533333333333333
CC1=CC(=C(C=C1)NC(=O)CN2N=C(N=N2)COC3=CC=CC=C3)O,Cc1ccc(NC(=O)Cn2nnc(COc3ccccc3)n2)c(O)c1,2.191758928484335,11,15,-0.0973600298166275,0.12529392540454865,-0.045138128101825714,-0.010223565623164177,-0.01720423251390457,-0.00023824791423976421,-0.06848695874214172,0.04809959977865219,0.20270270270270271
C1=CC=C2C(=C1)N=CN2CCCNC(=O)C3=CC(=C(C=C3)N)[N+](=O)[O-],Nc1ccc(C(=O)NCCCn2cnc3ccccc32)cc1[N+](=O)[O-],2.1540345514529147,13,17,-0.06726423650979996,0.1273505538702011,-0.07748504728078842,0.006067279726266861,-0.017398729920387268,0.005774073302745819,-0.01424388401210308,0.02932232990860939,0.16560509554140126
CC1=C(C(=CC=C1)NC2=NC=NC(=C2[N+](=O)[O-])NCC3=CC=CO3)C,Cc1cccc(Nc2ncnc(NCc3ccco3)c2[N+](=O)[O-])c1C,2.3572687876392653,12,17,0.0628308653831482,-0.09523925185203552,0.014682367444038391,0.006794337183237076,-0.017726019024848938,0.015228282660245895,0.06451192498207092,-0.08707321435213089,0.18098159509202455
CC1=CC=C(C=C1)NC(=O)NNC(=O)C2=CC=C(O2)CN3C=CC=N3,Cc1ccc(NC(=O)NNC(=O)c2ccc(Cn3cccn3)o2)cc1,2.239247390022797,12,15,0.2108985185623169,-0.1844506561756134,-0.04513610154390335,0.04034002125263214,-0.01868823915719986,0.03942028805613518,0.15387555956840515,-0.13275785744190216,0.11363636363636363
CN1C(=C(C=N1)C(=O)O)C(=O)N(C)CC2=CC=C(C=C2)N3C=CC=N3,CN(Cc1ccc(-n2cccn2)cc1)C(=O)c1c(C(=O)O)cnn1C,2.363553214198621,10,15,-0.06194179505109787,-0.1843418926000595,0.22729475796222687,-0.014524208381772041,-0.01898892968893051,-0.11210061609745026,0.05768309161067009,-0.006021768786013126,0.10803324099722991
C1COCCN1C2=CC=C(C=C2)NC(=O)NC3=CC4=NON=C4C=C3,O=C(Nc1ccc(N2CCOCC2)cc1)Nc1ccc2nonc2c1,2.1485223380477443,9,13,-0.0667942613363266,-0.09167381376028061,0.13943716883659363,-0.018822751939296722,-0.01903090626001358,-0.07687141746282578,0.036953896284103394,-0.016753777861595154,0.14869888475836432
COC1=CC=C(C=C1)CCNC(=O)C(=O)NC2=C3C=CC=NC3=NN2,COc1ccc(CCNC(=O)C(=O)Nc2[nH]nc3ncccc23)cc1,2.316070466945872,11,15,0.1506328582763672,-0.11686177551746368,-0.053342126309871674,0.03908747807145119,-0.01957104355096817,-0.0006248056888580322,0.08354875445365906,-0.020969802513718605,0.314878892733564
CC1=NN=C2N1C=CC(=C2)C(=O)N3CCN(CC3)C(=O)C4=CC=CO4,Cc1nnc2cc(C(=O)N3CCN(C(=O)c4ccco4)CC3)ccn12,2.426245466945872,9,15,-0.11782331764698029,-0.08926166594028473,0.18725524842739105,-0.022463053464889526,-0.019829735159873962,-0.10706870257854462,0.04075272008776665,-0.004273226484656334,0.1574074074074074
CN1CCN=C1C2=CC(=CC=C2)NC(=O)NC3=CC=CC=C3[N+](=O)[O-],CN1CCN=C1c1cccc(NC(=O)Nc2ccccc2[N+](=O)[O-])c1,2.2882622870975524,13,17,0.16360920667648315,-0.17403841018676758,-0.009453579783439636,0.06936603784561157,-0.01988278329372406,0.041725948452949524,0.1592509150505066,-0.10245132446289062,0.1182108626198083
CC1=CC(=NN1CC2=CC(=CC=C2)C3=NOC(=N3)[C@@H]4C[C@H]4[N+](=O)[O-])C,Cc1cc(C)n(Cc2cccc(-c3noc([C@@H]4C[C@H]4[N+](=O)[O-])n3)c2)n1,3.442776223751647,11,17,-0.051873814314603806,0.006162447854876518,0.025684984400868416,-0.05261504650115967,-0.02002638205885887,-0.048160798847675323,0.002451719716191292,-0.05478829890489578,0.1736842105263158
CC(C(=O)NC1=CC=C(C=C1)N2C=NN=N2)OC3=CC=CC=C3OC,COc1ccccc1OC(C)C(=O)Nc1ccc(-n2cnnn2)cc1,2.4194735378652332,11,15,0.20899508893489838,-0.14409758150577545,-0.0856715738773346,-0.00377543643116951,-0.02077406644821167,0.016286853700876236,0.12673796713352203,-0.154354527592659,0.23875432525951557
CC1(CC2=C([C@@H](N3C(=NC=N3)N2)C4=CC(=CC=C4)[N+](=O)[O-])C(=O)C1)C,CC1(C)CC(=O)C2=C(C1)Nc1ncnn1[C@H]2c1cccc([N+](=O)[O-])c1,3.4177657356674294,10,16,-0.05931217968463898,-0.03719092160463333,0.0755973532795906,-0.014366640709340572,-0.0209057480096817,-0.019931046292185783,0.011349255219101906,-0.04608072340488434,0.18137254901960784
CC(C(=O)NC1=CC=C(C=C1)N2C3=C(C=N2)C(=O)NC=N3)OCC=C,C=CCOC(C)C(=O)Nc1ccc(-n2ncc3c(=O)[nH]cnc32)cc1,3.015642281093834,11,15,0.3642970323562622,-0.314426064491272,-0.07105851918458939,0.040130455046892166,-0.02118755131959915,0.016470368951559067,0.247531920671463,-0.20611920952796936,0.30618892508143325
CC1(CC2=C(C(N3C(=NC=N3)N2)C4=CC(=CC=C4)[N+](=O)[O-])C(=O)C1)C,CC1(C)CC(=O)C2=C(C1)Nc1ncnn1C2c1cccc([N+](=O)[O-])c1,3.4177657356674294,10,16,-0.0779740959405899,-0.018109388649463654,0.07450170069932938,-0.015390736982226372,-0.021581783890724182,-0.021992897614836693,0.0019159307703375816,-0.0351526215672493,0.18137254901960784
C1CN2C(=CC(=N2)CCC(=O)O)CN1C3=NC(=NO3)C4=CC=CC=C4,O=C(O)CCc1cc2n(n1)CCN(c1nc(-c3ccccc3)no1)C2,2.640554924269372,10,15,-0.02260679192841053,0.14089706540107727,-0.1402042806148529,0.03789964318275452,-0.021914007142186165,0.09199009835720062,-0.045617830008268356,0.0025402437895536423,0.24202127659574468
CC1=CC(=NC=N1)C#CC(N)O.C1C(=O)NC2=CC=CC=C2C(=O)N1,Cc1cc(C#CC(N)O)ncn1.O=C1CNC(=O)c2ccccc2N1,3.5274688125905076,13,17,0.10825586318969727,-0.1003793478012085,-0.029943959787487984,0.023428674787282944,-0.022067444398999214,-0.02075894922018051,0.12947295606136322,-0.06636790186166763,0.1962025316455696
CC(C(=O)N/N=C/C1=C(C=CC(=C1)OC)O)N2C3=CC=CC=C3N=N2,COc1ccc(O)c(/C=N/NC(=O)C(C)n2nnc3ccccc32)c1,2.7987393558500635,13,17,0.034621480852365494,0.04049200192093849,-0.09732042253017426,-0.006671180948615074,-0.02220693975687027,-0.00032985489815473557,0.030115753412246704,-0.03725831210613251,0.18322981366459629
COC1=CC=CC(=C1OC)C=C(C#N)C2=NN(C(=C2C#N)N)CCO,COc1cccc(C=C(C#N)c2nn(CCO)c(N)c2C#N)c1OC,2.768251236176644,10,17,-0.05994229018688202,-0.13193082809448242,0.16901078820228577,-0.07940696179866791,-0.022862330079078674,-0.09196672588586807,0.001239832490682602,-0.08390118181705475,0.16266666666666665
COC1=C(C=C2CN(CCC2=C1)C(=O)C3=CN=C(C=C3)N=[N+]=[N-])OC,COc1cc2c(cc1OC)CN(C(=O)c1ccc(N=[N+]=[N-])nc1)CC2,2.6136761549198706,10,17,-0.29119187593460083,0.2436380386352539,0.024460656568408012,-0.06789717078208923,-0.02309318073093891,-0.04616011306643486,-0.19635480642318726,0.11880484223365784,0.22408026755852842
CNC(=O)N1C=CC(=CC1=N)N2CC3CC3C4=C2N=CC(=C4)C(=O)O,CNC(=O)n1ccc(N2CC3CC3c3cc(C(=O)O)cnc32)cc1=N,4.097552314140131,13,17,0.18389828503131866,0.04522525146603584,-0.2524924874305725,0.016172748059034348,-0.023368950933218002,0.0811329260468483,0.04996594786643982,-0.08826599270105362,0.15938303341902313
C1CN(CCC12C(=O)NC(=N2)N)C(=O)C3=NOC(=C3)C4=CC=CC=C4,NC1=NC2(CCN(C(=O)c3cc(-c4ccccc4)on3)CC2)C(=O)N1,3.0759716147883083,8,13,0.06029551476240158,0.02549639716744423,-0.10929399728775024,-0.0026450492441654205,-0.023502085357904434,0.004245589952915907,0.04777182638645172,-0.0516970232129097,0.14814814814814814
CC(C)(C)OC(=O)NC1=CN=CC(=C1)C#CC(=O)C2=CN=C(N=C2)N,CC(C)(C)OC(=O)Nc1cncc(C#CC(=O)c2cnc(N)nc2)c1,2.814092038852227,7,14,0.0685151070356369,-0.0854201540350914,-0.0072457995265722275,-0.016493361443281174,-0.024150846526026726,-0.06496527791023254,0.07810366898775101,-0.026672473177313805,0.21498371335504887
COC1=NN=C(C=C1NCCC2=CC=CC=C2)C3=CNC(=O)NC3=O,COc1nnc(-c2c[nH]c(=O)[nH]c2=O)cc1NCCc1ccccc1,2.5800204669458733,11,15,0.18139585852622986,-0.17593902349472046,-0.02963607758283615,0.013529695570468903,-0.02417924255132675,0.04132742062211037,0.05725580453872681,-0.0930582731962204,0.3246753246753247
CC1=CC(=C2C=C(C=CC2=N1)[N+](=O)[O-])NC(=O)CCC3=CN(N=C3)C,Cc1cc(NC(=O)CCc2cnn(C)c2)c2cc([N+](=O)[O-])ccc2n1,2.327642225187631,11,17,0.1108199805021286,-0.05609783157706261,-0.0796859860420227,-0.015158362686634064,-0.02496383711695671,-0.0028949379920959473,0.04159827530384064,-0.05426202714443207,0.18849840255591055
CCC1=NC(=NO1)C2=CC3=C(C=C2)[C@@H](CO3)NC(=O)C4=CC=NN4C,CCc1nc(-c2ccc3c(c2)OC[C@H]3NC(=O)c2ccnn2C)no1,3.08283507632677,11,17,-0.1253492683172226,0.06614204496145248,0.033903010189533234,-0.08653515577316284,-0.025304213166236877,-0.10349135100841522,-0.07278982549905777,0.04232344031333923,0.25333333333333335
CC1=CC=CC=C1CN2C=C(C=N2)NC(=O)C3=C(C=NN3C)C(=O)O,Cc1ccccc1Cn1cc(NC(=O)c2c(C(=O)O)cnn2C)cn1,2.2889758515612577,12,17,0.07939093559980392,-0.3245253264904022,0.2197674661874771,0.006184760481119156,-0.025366924703121185,-0.09673520922660828,0.1454867720603943,-0.07992072403430939,0.125
CN1C=NC2=C(C1=O)C=CC(=C2)N3CCN(CC3)C(=O)C4=CC=NO4,Cn1cnc2cc(N3CCN(C(=O)c4ccno4)CC3)ccc2c1=O,2.4638820054074113,9,15,-0.20320938527584076,-0.02825815975666046,0.2054244577884674,-0.015115279704332352,-0.026043087244033813,-0.093258336186409,-0.05157770588994026,0.0616806223988533,0.22713864306784662
CC1=NN2C=CC(=NC2=C1)C3=C(C=CC(=C3)N4CCOCC4)[N+](=O)[O-],Cc1cc2nc(-c3cc(N4CCOCC4)ccc3[N+](=O)[O-])ccn2n1,2.608251236176642,9,15,-0.029293976724147797,-0.22393694519996643,0.22690901160240173,-0.04419514536857605,-0.026321910321712494,-0.11960159242153168,0.09477772563695908,-0.09165635704994202,0.279874213836478
CC1=CN2C3=C(N=C2N1)N(C(=O)N(C3=O)CCO)CC4=CC=CC=C4,Cc1cn2c(nc3c2c(=O)n(CCO)c(=O)n3Cc2ccccc2)[nH]1,2.6870588201419725,10,15,-0.11856432259082794,-0.06639435142278671,0.15851633250713348,-0.02028503268957138,-0.02644234150648117,-0.06331416964530945,-0.0021031908690929413,-0.004413416609168053,0.2292358803986711
CC(=NNC(=O)C1=CC(=C(C=C1)O)OC)CN2C3=CC=CC=C3N=N2,COc1cc(C(=O)NN=C(C)Cn2nnc3ccccc32)ccc1O,2.288617216675018,12,17,0.14837677776813507,-0.17373690009117126,-0.0011495258659124374,0.0026624929159879684,-0.02650964818894863,-0.009938083589076996,0.15695518255233765,-0.16664457321166992,0.18095238095238095
CN1C(=O)CCC2=C1C=CC3=C2C[C@@H]4N3C(=O)OC4CN5C=CN=N5,CN1C(=O)CCc2c1ccc1c2C[C@H]2C(Cn3ccnn3)OC(=O)N12,3.852646050403867,11,17,-0.1417926698923111,0.317826509475708,-0.202659010887146,0.015330590307712555,-0.026625171303749084,0.07960207760334015,-0.1637190282344818,0.11721043288707733,0.14393939393939395
C1CN(CCN(C1)C(=O)C2=C(OC=N2)C3=CC=CO3)C4=NC=CC=N4,O=C(c1ncoc1-c1ccco1)N1CCCN(c2ncccn2)CC1,2.556903419128826,11,16,-0.14398235082626343,-0.005181231535971165,0.12206776440143585,-0.029503032565116882,-0.02709581796079874,-0.06704290211200714,-0.04399397224187851,0.024064939469099045,0.2398843930635838
COC1=CC(=C(C=C1)O)/C=N/NC(=O)CCN2C3=CC=CC=C3N=N2,COc1ccc(O)c(/C=N/NC(=O)CCn2nnc3ccccc32)c1,2.274185851561258,13,17,0.06391455233097076,0.04134177416563034,-0.1328742504119873,-0.017497994005680084,-0.0276179239153862,0.014258095063269138,0.020519664511084557,-0.05215185880661011,0.19218241042345277
CC1=CC(=NN1CC2=CC(=CC=C2)C3=NOC(=N3)[C@H]4C[C@@H]4[N+](=O)[O-])C,Cc1cc(C)n(Cc2cccc(-c3noc([C@H]4C[C@@H]4[N+](=O)[O-])n3)c2)n1,3.442776223751647,11,17,-0.04871303215622902,-0.0012629702687263489,0.022196143865585327,-0.05401182174682617,-0.02777985855937004,-0.04896163195371628,0.0029778629541397095,-0.06037883460521698,0.1736842105263158
CC1=CC=CN2C1=NC(=C2)CNC3=C(C=C(C=C3)C(=O)NC)[N+](=O)[O-],CNC(=O)c1ccc(NCc2cn3cccc(C)c3n2)c([N+](=O)[O-])c1,2.3738428845282904,12,17,0.16289381682872772,0.07224492728710175,-0.2632591724395752,-0.029903821647167206,-0.028120428323745728,0.0726165696978569,-0.002076655626296997,-0.10476674884557724,0.17252396166134185
CC1=NN(C=C1)C2=NN=C(C=C2)NCCOC3=CC4=C(C=C3)OCO4,Cc1ccn(-c2ccc(NCCOc3ccc4c(c3)OCO4)nn2)n1,2.4955649575903642,12,17,0.08263492584228516,-0.032078079879283905,-0.07869413495063782,-0.1026231050491333,-0.028137288987636566,-0.044345565140247345,-0.013910270296037197,-0.09446236491203308,0.20625
CC1=C(C=C(C=C1)/C=N\NC2=NC(=CC(=C2C#N)COC)C)[N+](=O)[O-],COCc1cc(C)nc(N/N=C\c2ccc(C)c([N+](=O)[O-])c2)c1C#N,2.630805082330488,10,17,0.015263151377439499,-0.26849228143692017,0.2249433845281601,-0.07438758760690689,-0.028285745531320572,-0.17479485273361206,0.11893280595541,-0.083957239985466,0.10746268656716418
CC1=CN(N=C1)C2(CCN(CC2)C(=O)C3=CN=C(C=C3)C#N)C(=O)O,Cc1cnn(C2(C(=O)O)CCN(C(=O)c3ccc(C#N)nc3)CC2)c1,2.8817811262865316,9,15,-0.17980331182479858,0.05540976673364639,0.09601353108882904,-0.10155873745679855,-0.02838001400232315,-0.11376054584980011,-0.07153739780187607,-0.00033860141411423683,0.13333333333333333
CC1=CC=C(C=C1)C2=CN3C(=O)C4=C(N=C3N2)N(C=N4)COCCO,Cc1ccc(-c2cn3c(=O)c4ncn(COCCO)c4nc3[nH]2)cc1,2.856445466945873,10,15,-0.15168821811676025,-0.17880043387413025,0.3016479015350342,-0.11684630066156387,-0.028840750455856323,-0.18462418019771576,0.023545924574136734,-0.0677349865436554,0.3333333333333333
CC(C)(C)C1=C2[C@H](C(C(=N)OC2=NN1)C#N)C3=CC=CC=C3[N+](=O)[O-],CC(C)(C)c1[nH]nc2c1[C@@H](c1ccccc1[N+](=O)[O-])C(C#N)C(=N)O2,3.9504863218970803,9,15,-0.016270998865365982,-0.18398523330688477,0.1706128865480423,-0.07529368251562119,-0.02964334562420845,-0.11861324310302734,0.017667388543486595,-0.0542263463139534,0.1675531914893617
CCOC1=C(C=C(C=C1)/C=N\NC2=NC3=C(N2)C=C(C=C3)C)[N+](=O)[O-],CCOc1ccc(/C=N\Nc2nc3ccc(C)cc3[nH]2)cc1[N+](=O)[O-],2.3789623954399133,12,17,-0.20271438360214233,-0.08111653476953506,0.25416266918182373,-0.06949436664581299,-0.029668249189853668,-0.14316636323928833,-0.01496177352964878,0.023302782326936722,0.25
C1=CC(=C(N=C1)N2C=CC=N2)NC(=O)CCCNC(=O)C3=CC=CO3,O=C(CCCNC(=O)c1ccco1)Nc1cccnc1-n1cccn1,2.277577052825748,14,17,0.11140235513448715,-0.04295487329363823,-0.09819743782281876,-0.005674413405358791,-0.029749955981969833,-0.0013604238629341125,0.09247137606143951,-0.09019838273525238,0.1462140992167102
CC1=CC(=NN1CC2=CC=CC=C2)NC(=O)C3=NN(C=C3C(=O)O)C,Cc1cc(NC(=O)c2nn(C)cc2C(=O)O)nn1Cc1ccccc1,2.277230357055762,10,15,0.18437108397483826,-0.36257627606391907,0.14816328883171082,-0.005559880286455154,-0.030041903257369995,-0.07665863633155823,0.17908233404159546,-0.14257897436618805,0.1270718232044199
CCOC(=O)[C@H](CC1=CC=CC=C1)NC(=O)C2=NC=C3C(=N2)N=CN3,CCOC(=O)[C@H](Cc1ccccc1)NC(=O)c1ncc2[nH]cnc2n1,2.8520600763267705,11,15,-0.11788488924503326,0.14047174155712128,-0.05287277698516846,0.036617930978536606,-0.030285924673080444,0.05032675713300705,-0.10479573160409927,0.09957058727741241,0.22
COC1=CC=CC=C1NC(=O)N2CCC(C2)OC3=NC=CN=C3C#N,COc1ccccc1NC(=O)N1CCC(Oc2nccnc2C#N)C1,2.8760350763267706,12,17,0.03144335746765137,-0.14183571934700012,0.07918760925531387,-0.061263203620910645,-0.03120475262403488,-0.04399900883436203,0.025518178939819336,-0.11485383659601212,0.2132132132132132
COC(=O)NC1=NC2=C(N1)C=C(C=N2)C3=CC4=C(C=C3)OCCNC4,COC(=O)Nc1nc2ncc(-c3ccc4c(c3)CNCCO4)cc2[nH]1,2.7432326903389193,12,17,0.1390300691127777,-0.355721116065979,0.18517938256263733,-0.10030387341976166,-0.031511664390563965,-0.10808925330638885,0.12333788722753525,-0.2280663251876831,0.41605839416058393
CC1=CC2=C(N1)N=C(N=C2NC(CC(=O)N)C(=O)O)C3=CC=CC=C3,Cc1cc2c(NC(CC(N)=O)C(=O)O)nc(-c3ccccc3)nc2[nH]1,2.887376944458639,11,15,0.13368913531303406,-0.09004896879196167,-0.07534246146678925,0.058851707726716995,-0.03170229494571686,0.015093531459569931,0.14931760728359222,-0.0767783671617508,0.4139194139194139
C1CN(CCC1N2C=C(C=N2)C(=O)O)C(=O)C3=CC=CC4=C3NN=C4,O=C(O)c1cnn(C2CCN(C(=O)c3cccc4cn[nH]c34)CC2)c1,2.558758928484334,11,15,-0.1895122528076172,0.29587864875793457,-0.13829050958156586,3.4771859645843506e-05,-0.031924113631248474,0.07236214727163315,-0.1906033754348755,0.11658529192209244,0.12275449101796407
CC1=CC=NC2=NC(=NN12)C(=O)OC(C)C(=O)N(C)C3=CC=CC=C3,Cc1ccnc2nc(C(=O)OC(C)C(=O)N(C)c3ccccc3)nn12,2.9040160653377587,9,15,0.035137977451086044,-0.18849840760231018,0.1214151531457901,0.016908016055822372,-0.031945277005434036,-0.05668655037879944,0.09648454189300537,-0.042951930314302444,0.22054380664652568
CN1C=C(C2=CC(=NC=C21)NC(=O)N)C3=NC(=CC=C3)C4(COC4)O,Cn1cc(-c2cccc(C3(O)COC3)n2)c2cc(NC(N)=O)ncc21,3.0671613460667517,11,16,0.04819182679057121,-0.41463586688041687,0.33417028188705444,-0.06383417546749115,-0.032273758202791214,-0.19260932505130768,0.16510461270809174,-0.12383827567100525,0.26548672566371684
CCC1=NC2=C(O1)C=CC(=C2)NC(=O)[C@H]3CC(=O)N(C3)C4=CNN=C4,CCc1nc2cc(NC(=O)[C@H]3CC(=O)N(c4cn[nH]c4)C3)ccc2o1,3.0811889224806173,12,17,0.07073920965194702,0.08615776896476746,-0.1892070472240448,0.007774924859404564,-0.03231006860733032,0.042614489793777466,-0.02244904451072216,0.01193096674978733,0.17417417417417416
COC1=CC(=C(C=C1)NCC2=NN=NN2C3=CC=CC=C3)C(=O)OC,COC(=O)c1cc(OC)ccc1NCc1nnnn1-c1ccccc1,2.0847012361766417,10,15,-0.13742385804653168,0.14058899879455566,-0.035605814307928085,-0.06286359578371048,-0.0324406735599041,-0.027070237323641777,-0.09889750182628632,0.011673524975776672,0.15315315315315314
CCC(C)NC1=C(C(=NC=N1)OC2=CC=CC3=C2N=CC=C3)[N+](=O)[O-],CCC(C)Nc1ncnc(Oc2cccc3cccnc23)c1[N+](=O)[O-],2.900455932231429,12,17,0.18094247579574585,-0.07058139145374298,-0.14319659769535065,0.050781749188899994,-0.03283551335334778,0.07061785459518433,0.11510863900184631,-0.09706149995326996,0.2662337662337662
C1C(CC1NC(=O)C2=CC3=C(C=C2)NC(=O)CNC3=O)C4=NC=CN4,O=C1CNC(=O)c2cc(C(=O)NC3CC(c4ncc[nH]4)C3)ccc2N1,2.804045169004379,13,16,-0.13452555239200592,0.27589207887649536,-0.1742328405380249,0.03011590614914894,-0.03286631405353546,0.09060405194759369,-0.1271550953388214,0.08309659361839294,0.1640378548895899
C1=CC=C(C=C1)[C@@H](CC(=O)NNC(=O)C2=CC3=C(C=C2)NN=C3N)O,Nc1n[nH]c2ccc(C(=O)NNC(=O)C[C@@H](O)c3ccccc3)cc12,2.7423231044957834,13,15,-0.0013070814311504364,0.04206615313887596,-0.07369358837604523,0.00948774442076683,-0.0329345166683197,-0.009333455003798008,0.029644634574651718,-0.0002895612269639969,0.1715210355987055
C1CN(CCC1N2C3=C(NC2=O)N=CC=C3)C4=NC=CC(=C4)C(=O)O,O=C(O)c1ccnc(N2CCC(n3c(=O)[nH]c4ncccc43)CC2)c1,2.4416608515612577,11,15,-0.05960305035114288,0.0007658516988158226,0.025534270331263542,-0.016124431043863297,-0.03330292832106352,-0.0024307630956172943,-0.02329264208674431,-0.03334207832813263,0.24074074074074073
CCNC(=O)C1=CC(=NC=C1)C2=CC(=NC3=C2C=CN3)NCC(=O)O,CCNC(=O)c1ccnc(-c2cc(NCC(=O)O)nc3[nH]ccc23)c1,2.606281138668516,13,17,0.1354515701532364,0.015592176467180252,-0.18437069654464722,0.03354443609714508,-0.033326949924230576,0.03754251077771187,0.054864875972270966,-0.018469393253326416,0.3594306049822064
C1COCC2=CN(N=C21)CC3=CC=C(C=C3)CN4C=C(N=N4)C(=O)O,O=C(O)c1cn(Cc2ccc(Cn3cc4c(n3)CCOC4)cc2)nn1,2.6872240496645237,10,15,-0.007309935986995697,-0.06304070353507996,0.03690854832530022,-0.0626467913389206,-0.033442091196775436,-0.041729170829057693,-0.03030271641910076,-0.05134177953004837,0.11337209302325581
CNC(=O)CN1C=C(C=N1)N2C=CN=C2C3=CC4=C(C=C3)OCCO4,CNC(=O)Cn1cc(-n2ccnc2-c2ccc3c(c2)OCCO3)cn1,2.6287743130997185,12,17,-0.2129327356815338,0.09621118754148483,0.08314184844493866,-0.11989094316959381,-0.03357969969511032,-0.12824726104736328,-0.1241135448217392,0.04135093092918396,0.34782608695652173
C1CN(CCC1O)C2=NC(=C(C=C2)[N+](=O)[O-])NC3=CC=C(C=C3)C#N,N#Cc1ccc(Nc2nc(N3CCC(O)CC3)ccc2[N+](=O)[O-])cc1,2.3981870974984183,9,13,0.047160252928733826,-0.16272996366024017,0.08193646371364594,-0.04526633769273758,-0.03363324701786041,-0.07076574862003326,0.04716554656624794,-0.07372312992811203,0.1861198738170347
COC1=CC(=CC(=C1)NC2=NC=NC(=N2)NC3=CC(=CC=C3)O)OC,COc1cc(Nc2ncnc(Nc3cccc(O)c3)n2)cc(OC)c1,2.2339070054074117,11,14,0.07685365527868271,-0.04469861462712288,-0.06594972312450409,0.0024436526000499725,-0.03379468247294426,0.016522744670510292,0.010849062353372574,-0.026200080290436745,0.24056603773584906
CC1(CC2=C([C@H](N3C(=NC=N3)N2)C4=CC(=CC=C4)[N+](=O)[O-])C(=O)C1)C,CC1(C)CC(=O)C2=C(C1)Nc1ncnn1[C@@H]2c1cccc([N+](=O)[O-])c1,3.4177657356674294,10,16,-0.0780377984046936,-0.03125079348683357,0.07547812908887863,-0.023040875792503357,-0.033810462802648544,-0.0289633609354496,-6.326381117105484e-05,-0.04587996006011963,0.18137254901960784
CN1C(=NN=N1)C2=CC(=CC=C2)NC(=O)C3C4CC(C3C(=O)O)C=C4,Cn1nnnc1-c1cccc(NC(=O)C2C3C=CC(C3)C2C(=O)O)c1,4.232811831055472,14,17,0.08502386510372162,-0.11978089809417725,0.0006453553214669228,0.027873562648892403,-0.034111677668988705,0.033336278051137924,0.09695714712142944,-0.12168262898921967,0.2568493150684932
CC(C1=NC=NC=C1)N(C)CC2=NC(=NO2)C3=CC4=C(C=C3)OCO4,CC(c1ccncn1)N(C)Cc1nc(-c2ccc3c(c2)OCO3)no1,3.036736814999056,11,17,-0.1448749452829361,0.06385977566242218,0.04684935510158539,-0.023747518658638,-0.03416581451892853,-0.037977419793605804,-0.0932735949754715,0.07677824050188065,0.2973856209150327
C1=CC=C2C(=C1)NC(=N2)CCCNC(=O)NC3=CC=C(C=C3)[N+](=O)[O-],O=C(NCCCc1nc2ccccc2[nH]1)Nc1ccc([N+](=O)[O-])cc1,2.0389646977151035,12,15,0.12074698507785797,-0.11560507118701935,-0.03939763084053993,0.011431422084569931,-0.03425571694970131,0.017741741612553596,0.06263244152069092,-0.08367113769054413,0.18309859154929578
COC1=C(C(=NC=C1)N2CCN(CC2)C3=CC=C(C=C3)[N+](=O)[O-])C#N,COc1ccnc(N2CCN(c3ccc([N+](=O)[O-])cc3)CC2)c1C#N,2.2841747464691675,7,13,0.0025220969691872597,-0.19357647001743317,0.15679700672626495,-0.02191535383462906,-0.03425736632198095,-0.07421896606683731,0.06133945286273956,-0.06861503422260284,0.22333333333333333
CN1C=NC2=C1C=CC(=C2)NC(=O)C3=CC(=NC=C3)CNC(=O)OC,COC(=O)NCc1cc(C(=O)Nc2ccc3c(c2)ncn3C)ccn1,2.3164557865558404,12,17,0.006200706586241722,-0.1392355114221573,0.0987158864736557,-0.017806341871619225,-0.034318918362259865,-0.06829175353050232,0.08396764099597931,-0.07130692899227142,0.1640378548895899
CC(C(=O)O)N1C(=CC=N1)C(=O)NC2=CC=CC(=C2)CN3C=CC=N3,CC(C(=O)O)n1nccc1C(=O)Nc1cccc(Cn2cccn2)c1,2.786387026489285,14,17,0.13655833899974823,-0.17178472876548767,0.0005918331444263458,0.038568295538425446,-0.034634556621313095,-0.008487633429467678,0.14089544117450714,-0.08676201850175858,0.1392757660167131
CCN(CC)C(=O)C1=CC=C(C=C1)NC2=NC(=C(C=C2)[N+](=O)[O-])C#N,CCN(CC)C(=O)c1ccc(Nc2ccc([N+](=O)[O-])c(C#N)n2)cc1,2.389607089019451,7,13,0.11568525433540344,-0.1032831221818924,-0.047201626002788544,0.0003234054893255234,-0.034799493849277496,-0.007843507453799248,0.048804886639118195,-0.04356648772954941,0.14925373134328357
CC1=C(C=NN1C2=CC=CC=C2)C(=O)NC(CC3=CN=CN3)C(=O)O,Cc1c(C(=O)NC(Cc2cnc[nH]2)C(=O)O)cnn1-c1ccccc1,2.6552717502162597,12,15,-0.10150250792503357,0.11136474460363388,-0.04474181681871414,0.04238131642341614,-0.03487958014011383,0.022824622690677643,-0.04291175305843353,0.07656964659690857,0.15053763440860216
C1CN2C(=CC(=N2)C(=O)NO)CN1C(=O)CC3=CNC4=CC=CC=C43,O=C(NO)c1cc2n(n1)CCN(C(=O)Cc1c[nH]c3ccccc13)C2,2.590910851561258,13,17,-0.170486718416214,-0.06043810397386551,0.19588294625282288,-0.04548646882176399,-0.03504187613725662,-0.12009384483098984,-0.056014399975538254,0.06214085966348648,0.1366120218579235
CN1C=C(C(=N1)C(=O)OC)NC(=O)C2=CC=CC(=C2)CN3C=CC=N3,COC(=O)c1nn(C)cc1NC(=O)c1cccc(Cn2cccn2)c1,2.2711145081159714,12,17,0.12355146557092667,-0.2176174819469452,0.05900844186544418,-0.04126704856753349,-0.03505757451057434,-0.04639215022325516,0.09423618018627167,-0.1410491168498993,0.12609970674486803
CC1=C(C=CC(=C1)C(=O)NC2=CN=C3C(=C2)C=NN3C(C)C)[N+](=O)[O-],Cc1cc(C(=O)Nc2cnc3c(cnn3C(C)C)c2)ccc1[N+](=O)[O-],2.3179843465445344,10,16,-0.11122696101665497,-0.056723061949014664,0.1323685348033905,-0.054769366979599,-0.03558148816227913,-0.09248094260692596,0.003881623037159443,-0.03513360768556595,0.19767441860465115
COC1=CC(=C(C=C1)OC)CN2N=C(N=N2)C3=CC=C(C=C3)C(=O)N,COc1ccc(OC)c(Cn2nnc(-c3ccc(C(N)=O)cc3)n2)c1,2.102657520033631,9,15,-0.1711198389530182,0.25076794624328613,-0.11564469337463379,-0.04583325609564781,-0.035996586084365845,0.009503748267889023,-0.14478275179862976,0.06373297423124313,0.2392857142857143
CN(C)C(=O)[C@H]1CCCN1C2=NC3=C(C=C(C=C3)[N+](=O)[O-])C(=C2)C#N,CN(C)C(=O)[C@H]1CCCN1c1cc(C#N)c2cc([N+](=O)[O-])ccc2n1,3.0512780529154,9,16,-0.18835917115211487,0.11045049130916595,0.041889261454343796,-0.05488337576389313,-0.03601941838860512,-0.05309988185763359,-0.12693443894386292,0.06554019451141357,0.19753086419753085
C1C(OC2=CC=CC=C2O1)CC3=NOC(=N3)C(CC4=NC=CN=C4)N,NC(Cc1cnccn1)c1nc(CC2COc3ccccc3O2)no1,3.499277755185572,13,17,0.054921314120292664,0.09427425265312195,-0.1853743940591812,-0.008359666913747787,-0.0361788272857666,0.08241579681634903,-0.08863449841737747,-0.01850706711411476,0.22291021671826625
COC(=O)C1=C2CN(CCN2C=C1)C(=O)CN3C4=CC=CC=C4N=N3,COC(=O)c1ccn2c1CN(C(=O)Cn1nnc3ccccc31)CC2,2.6049877746381807,11,17,0.009819954633712769,-0.07623825967311859,0.02952273190021515,-0.04436023160815239,-0.036895573139190674,-0.023378092795610428,0.011484656482934952,-0.09186629951000214,0.13031914893617022
CC1=C(C=CC(=C1)NC(=O)C2=CC(=CC(=C2)OC)OC)N3C=NN=N3,COc1cc(OC)cc(C(=O)Nc2ccc(-n3cnnn3)c(C)c2)c1,2.130133359686935,9,14,-0.05345011129975319,-0.04359446465969086,0.06014744192361832,-0.019108042120933533,-0.03689713403582573,-0.061281803995370865,0.03646759316325188,-0.027156442403793335,0.17320261437908496
CC1(CC1)OC2=CC3=C(C=C2)NN=C3C4=CC(=NC=N4)NC(=O)CO,CC1(Oc2ccc3[nH]nc(-c4cc(NC(=O)CO)ncn4)c3c2)CC1,2.9088293510195466,11,16,0.009237177670001984,-0.2858843505382538,0.239088773727417,-0.03431909903883934,-0.03755839914083481,-0.14962875843048096,0.1008811891078949,-0.038770891726017,0.4584837545126354
CN1C(=NN=N1)C2=CC(=CC=C2)NC(=O)[C@@H]3[C@@H]4C[C@@H]([C@@H]3C(=O)O)C=C4,Cn1nnnc1-c1cccc(NC(=O)[C@H]2[C@@H](C(=O)O)[C@H]3C=C[C@H]2C3)c1,4.232811831055472,14,17,0.11481800675392151,-0.0699370726943016,-0.08267190307378769,0.05236928164958954,-0.037790969014167786,0.08778874576091766,0.0866374522447586,-0.12538672983646393,0.2568493150684932
CN(CC1=NC2=CC=CC=C2N=C1)C(=O)CCN3C=CC(=O)NC3=O,CN(Cc1cnc2ccccc2n1)C(=O)CCn1ccc(=O)[nH]c1=O,2.4451470108245292,12,17,0.0693073496222496,-0.06356386095285416,-0.04367457702755928,0.0019769035279750824,-0.037931088358163834,0.003111213445663452,0.06699834018945694,-0.07933869957923889,0.23588039867109634
CC1=CC(=C(C=C1)CNC2=NC3=C(C=CN3)C(=N2)N4CCOC4=O)O,Cc1ccc(CNc2nc(N3CCOC3=O)c3cc[nH]c3n2)c(O)c1,2.794683928484334,12,17,-0.11847952753305435,-0.058792129158973694,0.13907909393310547,-0.10415177047252655,-0.03819256275892258,-0.1066247969865799,-0.07573304325342178,-0.024614088237285614,0.32786885245901637
CC(C(=O)NCC1=CN=C(C=C1)N2C=CC=N2)NC(=O)C3=COC=C3,CC(NC(=O)c1ccoc1)C(=O)NCc1ccc(-n2cccn2)nc1,2.851975460942155,14,17,0.181721493601799,-0.2535080313682556,0.033459343016147614,0.01107078604400158,-0.03832719475030899,-0.04328206926584244,0.18292228877544403,-0.13577552139759064,0.1270718232044199
COC1=CC=C(C=C1)C2=C(NC3=CC=CC=C32)NN(C=O)C(=O)NN,COc1ccc(-c2c(NN(C=O)C(=O)NN)[nH]c3ccccc23)cc1,2.8430854723629917,12,15,0.0014977827668190002,-0.0540822297334671,0.014022830873727798,0.010965129360556602,-0.0385616160929203,-0.016792327165603638,-0.006594263017177582,0.02140289545059204,0.2775800711743772
C1[C@@H]([C@H]([C@@H]1N2C=NC3=C2C(=NC=N3)NC(=O)C4=CC=CC=C4)O)CO,O=C(Nc1ncnc2ncn([C@@H]3C[C@H](CO)[C@H]3O)c12)c1ccccc1,3.542791993399975,13,15,0.06223240867257118,-0.010789243504405022,-0.09005197882652283,-0.012840989045798779,-0.03860881365835667,0.011308534070849419,0.041702866554260254,-0.08274251222610474,0.24382716049382716
CN1C=CN=C1C(C2=CC=CC=C2OC)NC3=C(C=CC=N3)[N+](=O)[O-],COc1ccccc1C(Nc1ncccc1[N+](=O)[O-])c1nccn1C,2.8305445562834333,13,17,-0.05392404645681381,0.020707907155156136,-0.005566495470702648,-0.03162262588739395,-0.038782634772360325,-0.019237637519836426,-0.014320911839604378,-0.03898364305496216,0.21929824561403508
CC1=CC=C(C=C1)CN2C=C(C=N2)NC(=O)C3=C(N(N=C3)C)C(=O)O,Cc1ccc(Cn2cc(NC(=O)c3cnn(C)c3C(=O)O)cn2)cc1,2.2322659614513665,10,15,0.05096879601478577,-0.2105160355567932,0.12073121964931488,-0.02176932618021965,-0.038816019892692566,-0.08179476857185364,0.0823935866355896,-0.06305861473083496,0.13333333333333333
CC1=CC(=NN1CC2=CC=CC=C2)NC(=O)C3=CC=NN3CC(=O)O,Cc1cc(NC(=O)c2ccnn2CC(=O)O)nn1Cc1ccccc1,2.3005658623954943,11,15,0.24643991887569427,-0.23959428071975708,-0.0458211787045002,0.038830023258924484,-0.038975540548563004,0.027410095557570457,0.18792322278022766,-0.1702810674905777,0.1424581005586592
CCCC1=CC(=O)N2C(=N1)N=C(N2)NC(=O)C3=CC4=C(C=C3)OCC4,CCCc1cc(=O)n2[nH]c(NC(=O)c3ccc4c(c3)CCO4)nc2n1,2.668660851561258,11,17,-0.10680802166461945,0.25077471137046814,-0.18313968181610107,-0.009642262943089008,-0.03917299211025238,0.05164189636707306,-0.1444896161556244,0.08115531504154205,0.369281045751634
COC1=CC=CC(=C1)NC2=NC3=NC4=CC(=C(C=C4N3N2)OC)OC,COc1cccc(Nc2nc3nc4cc(OC)c(OC)cc4n3[nH]2)c1,2.5352704669458728,11,17,-0.13276001811027527,-0.05101131275296211,0.14396977424621582,-0.08697156608104706,-0.03980155661702156,-0.11197716742753983,-0.08495987951755524,0.025994110852479935,0.24621212121212122
CC1=CC(=NC2=CC=NN12)C(=O)N3CCN(CC3)C(=O)C4=CC=CO4,Cc1cc(C(=O)N2CCN(C(=O)c3ccco3)CC2)nc2ccnn12,2.425095466945873,9,15,-0.014361693523824215,-0.197243332862854,0.17174363136291504,-0.0057036494836211205,-0.03986139502376318,-0.09816458821296692,0.11234016716480255,-0.06166943162679672,0.1606060606060606
CCC1=NC(=NO1)C2=CC3=C(C=C2)C(CO3)NC(=O)C4=CN(N=C4)C,CCc1nc(-c2ccc3c(c2)OCC3NC(=O)c2cnn(C)c2)no1,3.029406230172924,11,17,-0.12690356373786926,0.04184914752840996,0.04514044523239136,-0.10356131196022034,-0.03991397097706795,-0.11348306387662888,-0.08547258377075195,0.027738600969314575,0.25977653631284914
C1COCCC1C2=NC(=CO2)C(=O)NC3=CN(N=N3)C4=CC=CC=C4,O=C(Nc1cn(-c2ccccc2)nn1)c1coc(C2CCOCC2)n1,2.6811314856568913,9,13,-0.09291058778762817,0.0370582640171051,0.015569821000099182,-0.012117176316678524,-0.04028250277042389,-0.0369512215256691,-0.01314089447259903,0.008238711394369602,0.14249363867684478
CC1=C(C=CC(=C1)OC)C2=C3C(=NN2)N=CC(=N3)C(=O)N4CC(C4)O,COc1ccc(-c2[nH]nc3ncc(C(=O)N4CC(O)C4)nc23)c(C)c1,2.7275191482645536,10,16,-0.16667203605175018,-0.1149812713265419,0.24132518470287323,-0.10383514314889908,-0.040328122675418854,-0.12305089831352234,-0.06581677496433258,-0.03286736086010933,0.2904191616766467
CC1=C2C(=NN1)C(=NC=N2)N3CCC(C3)OC4=CC=CC(=C4)C(=O)O,Cc1[nH]nc2c(N3CCC(Oc4cccc(C(=O)O)c4)C3)ncnc12,3.0389100763267702,12,17,-0.04561275988817215,-0.025080606341362,0.02989729307591915,-0.04968605935573578,-0.040796073153615,-0.025840263813734055,-0.0313485786318779,-0.054718565195798874,0.2818181818181818
CNC(=O)[C@@H]1CCCN(C1)C2=NC3=C(C=C(C=C3)[N+](=O)[O-])C(=C2)C#N,CNC(=O)[C@@H]1CCCN(c2cc(C#N)c3cc([N+](=O)[O-])ccc3n2)C1,2.943667493909187,11,17,-0.07565973699092865,0.1284775733947754,-0.09362898766994476,-0.03189805895090103,-0.04081115126609802,0.03216763585805893,-0.09824435412883759,-0.00603753887116909,0.21311475409836064
CCC(=O)N1CC2CC1[C@@H]3N2C(=O)N(C3=O)C4=CN=C(C(=C4)C)C#N,CCC(=O)N1CC2CC1[C@H]1C(=O)N(c3cnc(C#N)c(C)c3)C(=O)N21,4.6400205868914135,10,17,-0.00812159851193428,0.05898458510637283,-0.09244050085544586,0.02733325958251953,-0.04157751426100731,0.05903886258602142,-0.02070149965584278,-0.01704590395092964,0.15406976744186046
CC1=NC2=C(C=NN2C=C1)C(=O)N3CCN(CC3)C(=O)C4=CC=CO4,Cc1ccn2ncc(C(=O)N3CCN(C(=O)c4ccco4)CC3)c2n1,2.376447390022795,9,15,-0.0370614230632782,-0.16379469633102417,0.1590053141117096,-0.008904658257961273,-0.04185080528259277,-0.07496679574251175,0.09580184519290924,-0.07543469965457916,0.15902140672782875
C1CC(CN(C1)C(=O)C2=CC3=C(C=C2)NC(=O)C(=O)N3)C4=NC=CN4,O=C(c1ccc2[nH]c(=O)c(=O)[nH]c2c1)N1CCCC(c2ncc[nH]2)C1,3.0113389224806166,13,17,-0.18396034836769104,0.20122751593589783,-0.059127651154994965,0.015205185860395432,-0.04186048358678818,0.055212944746017456,-0.15092892944812775,0.08213162422180176,0.18122977346278318
C1CC(=O)N(N=C1C(=O)NNC(=O)C2=CC=CN2)CC3=CC=CC=C3,O=C(NNC(=O)c1ccc[nH]1)C1=NN(Cc2ccccc2)C(=O)CC1,2.519657005407412,12,15,0.170215904712677,-0.11426298320293427,-0.09828918427228928,0.049718063324689865,-0.04233626276254654,0.06494056433439255,0.10442794114351273,-0.10783462226390839,0.13864306784660768
CC1=NC=CN1C2=NC=NC(=C2)NC(=O)C3=CC(=CC(=C3)OC)OC,COc1cc(OC)cc(C(=O)Nc2cc(-n3ccnc3C)ncn2)c1,2.3321155915395906,9,14,-0.09732356667518616,0.06065661832690239,-0.005789812654256821,-0.015054565854370594,-0.04245676100254059,-0.05224785953760147,-0.023298220708966255,0.03742332383990288,0.25
C1CN(CCC1COC2=CC=CC=N2)C3=NC=CC(=C3[N+](=O)[O-])C#N,N#Cc1ccnc(N2CCC(COc3ccccn3)CC2)c1[N+](=O)[O-],2.6335435438689494,10,15,0.05807878077030182,-0.17675617337226868,0.07610026001930237,-0.056965507566928864,-0.04257713258266449,-0.05769669637084007,0.03657017648220062,-0.10198000818490982,0.24012158054711247
COC1=CC(=C(C=C1)O)/C=N\NC(=O)CCN2C3=CC=CC=C3N=N2,COc1ccc(O)c(/C=N\NC(=O)CCn2nnc3ccccc32)c1,2.274185851561258,13,17,0.027366580441594124,0.11515972763299942,-0.18534822762012482,-0.030512679368257523,-0.04282191954553127,0.014871040359139442,-0.025083031505346298,-0.025098606944084167,0.19218241042345277
CCC1=CC=C(C=C1)OC2=NC=NC(=C2[N+](=O)[O-])N3C(=CC(=N3)C)C,CCc1ccc(Oc2ncnc(-n3nc(C)cc3C)c2[N+](=O)[O-])cc1,2.40031475266016,8,15,0.028666332364082336,-0.08941469341516495,0.017738476395606995,0.020955078303813934,-0.043009884655475616,-0.015201406553387642,0.04835863783955574,-0.02490786463022232,0.1544502617801047
CN(CC1=NC(=NO1)C2CC2)C(=O)C3=CC(=NN3)C4=CC=CC=C4O,CN(Cc1nc(C2CC2)no1)C(=O)c1cc(-c2ccccc2O)n[nH]1,2.631124258928539,11,16,-0.04504763334989548,0.04052501916885376,-0.038817908614873886,0.01476789265871048,-0.043340522795915604,-0.018055301159620285,-0.025626523420214653,0.057061295956373215,0.22636103151862463
CC1=CC=CC=C1CN2C=C(C=N2)NC(=O)CN3C=CC(=N3)C(=O)O,Cc1ccccc1Cn1cc(NC(=O)Cn2ccc(C(=O)O)n2)cn1,2.255417650044464,13,17,0.07139113545417786,-0.13422654569149017,0.018394339829683304,0.016050035133957863,-0.04444107040762901,-0.022060677409172058,0.0926399827003479,-0.07115595042705536,0.15615615615615616
C1CC(CN(C1)C(=O)C2=NOC(=C2)C3CC3)OC4=NC=CN=C4C#N,N#Cc1nccnc1OC1CCCN(C(=O)c2cc(C3CC3)on2)C1,3.3015427686344623,10,16,-0.08197949826717377,0.0410306379199028,-0.003692314028739929,-0.008724257349967957,-0.044641174376010895,-0.024653835222125053,-0.050156120210886,0.04034113883972168,0.1396508728179551
CN1C=C(N=C1)C(=O)N2CCNC(=O)C2CC3=NC4=CC=CC=C4O3,Cn1cnc(C(=O)N2CCNC(=O)C2Cc2nc3ccccc3o2)c1,3.2345793070960003,12,17,-0.16896289587020874,0.10358913242816925,0.020469143986701965,0.015518706291913986,-0.044904619455337524,-0.01585427299141884,-0.0591459721326828,0.07847973704338074,0.15466666666666667
CN1C(=O)C2=C(C=N1)C=NN2CC(COC3=CC=CC4=C3C=CN4)O,Cn1ncc2cnn(CC(O)COc3cccc4[nH]ccc34)c2c1=O,3.2086793070960002,13,17,-0.009894718416035175,-0.2898561954498291,0.2543362081050873,-0.12662193179130554,-0.045414705760777,-0.18555279076099396,0.048239681869745255,-0.11236274242401123,0.2636986301369863
C1CNCC2=C1C(=NN2)NC(=O)CCN3C(=O)C4=CC=CC=C4C3=O,O=C(CCN1C(=O)c2ccccc2C1=O)Nc1n[nH]c2c1CCNC2,2.5871704669458744,10,13,-0.022410422563552856,0.19946283102035522,-0.2232050597667694,0.0014851149171590805,-0.04615265130996704,0.07401762902736664,-0.11747840791940689,0.052392080426216125,0.16326530612244897
CC1=CC(=NN1CC2=CC(=CC=C2)C3=NOC(=N3)[C@H]4C[C@H]4[N+](=O)[O-])C,Cc1cc(C)n(Cc2cccc(-c3noc([C@H]4C[C@H]4[N+](=O)[O-])n3)c2)n1,3.442776223751647,11,17,-0.05185519903898239,-0.020666738972067833,0.025511721149086952,-0.061410050839185715,-0.04701021686196327,-0.05882205069065094,0.0017590951174497604,-0.07045005261898041,0.1736842105263158
COC(=O)C1=CC2=C(CCCC2CC3=NC(=NO3)C4=NC=NN4)C=C1,COC(=O)c1ccc2c(c1)C(Cc1nc(-c3ncn[nH]3)no1)CCC2,3.162909417738783,11,17,-0.18791374564170837,0.29400578141212463,-0.1538619101047516,-0.07374168187379837,-0.04776987433433533,0.0637173056602478,-0.2639378607273102,0.07212422788143158,0.13953488372093023
CC1=NC=C(N1CCOC(C2=CC=CC=C2)C3=NC=CN=C3)[N+](=O)[O-],Cc1ncc([N+](=O)[O-])n1CCOC(c1ccccc1)c1cnccn1,3.1533946917113855,11,15,-0.007875742390751839,-0.13709276914596558,0.09710574150085449,-0.020843422040343285,-0.04786277003586292,-0.07974845170974731,0.07307587563991547,-0.057575710117816925,0.14772727272727273
CN1CCN(CC1)C2=C(C(=NC=N2)OC3=CC=CC(=C3)C#C)[N+](=O)[O-],C#Cc1cccc(Oc2ncnc(N3CCN(C)CC3)c2[N+](=O)[O-])c1,2.5612343347681925,9,15,-0.008291610516607761,-0.20418445765972137,0.1643199622631073,0.02125682681798935,-0.048156105913221836,-0.08569153398275375,0.10758635401725769,-0.03634858876466751,0.22910216718266255
C1CC1C(C2=NOC(=N2)C3=CC(=NN3)C4=CC5=C(C=C4)OCCO5)N,NC(c1noc(-c2cc(-c3ccc4c(c3)OCCO4)n[nH]2)n1)C1CC1,3.2333654767482667,11,16,-0.11607778072357178,-0.004704214632511139,0.0726243406534195,-0.07784463465213776,-0.04815765470266342,-0.0697430968284607,-0.07788912206888199,-0.005401064641773701,0.27245508982035926
CN1C=CC(=N1)NC(=O)CN2C(=O)C=CN(C2=O)CC3=CC=CC=C3,Cn1ccc(NC(=O)Cn2c(=O)ccn(Cc3ccccc3)c2=O)n1,2.2832133163499897,11,15,0.16481336951255798,-0.1864030361175537,-0.027057938277721405,0.001590769737958908,-0.04864760488271713,-0.01105509139597416,0.08890210092067719,-0.0905497819185257,0.26666666666666666
CN1C(=NN=N1)C2=CC(=CC=C2)NC(=O)[C@H]3[C@@H]4C[C@@H]([C@@H]3C(=O)O)C=C4,Cn1nnnc1-c1cccc(NC(=O)[C@@H]2[C@@H](C(=O)O)[C@H]3C=C[C@H]2C3)c1,4.232811831055472,14,17,0.10112570226192474,-0.06326340138912201,-0.08656283468008041,0.04950422793626785,-0.04870053380727768,0.08538548648357391,0.0778483971953392,-0.12469108402729034,0.2568493150684932
CC1=CC(=CC=C1)N2N=C(C(=NC3=C(C=C(C=C3)C)C)N2O)[N+](=O)[O-],Cc1cccc(-n2nc([N+](=O)[O-])c(=Nc3ccc(C)cc3C)n2O)c1,2.8286606007251365,11,17,0.01470552384853363,-0.2570697069168091,0.19354373216629028,-0.07056581974029541,-0.04882045090198517,-0.10610195994377136,0.08862864226102829,-0.14633850753307343,0.07989690721649484
C1=CC=C2C(=C1)C=CC=C2CNC(=O)NCCN3C=C(C=N3)[N+](=O)[O-],O=C(NCCn1cc([N+](=O)[O-])cn1)NCc1cccc2ccccc12,2.195653159253565,14,17,0.0822746604681015,-0.19009654223918915,0.05887793377041817,0.01962568610906601,-0.04894394800066948,-0.03089996986091137,0.1212569922208786,-0.09492254257202148,0.13504823151125403
CN1C=NC=C1C(C(=O)NCC(=O)NC2=CC=CC3=C2N=CC=C3)O,Cn1cncc1C(O)C(=O)NCC(=O)Nc1cccc2cccnc12,2.935535455525036,14,17,-0.0640658289194107,0.02150508388876915,-0.006452379748225212,-0.017900723963975906,-0.04901312477886677,-0.04272580146789551,0.023773550987243652,-0.02466503344476223,0.21068249258160238
C1=CC=C(C=C1)C(CN2C=CC=N2)NC(=O)CN3C=CC(=O)NC3=O,O=C(Cn1ccc(=O)[nH]c1=O)NC(Cn1cccn1)c1ccccc1,2.8083543070959998,13,15,0.08564351499080658,-0.14104054868221283,0.005883209407329559,-0.0006131082773208618,-0.04951382428407669,0.0009762588888406754,0.053106363862752914,-0.08475251495838165,0.22641509433962265
CC1=NN(N=C1C(=O)NCC(=O)NCC2=CC=CO2)C3=CC=CC=C3,Cc1nn(-c2ccccc2)nc1C(=O)NCC(=O)NCc1ccco1,2.23839354386895,11,15,-0.0040992614813148975,0.05851505696773529,-0.10404589772224426,0.006305302493274212,-0.04963010223582387,-0.003380328416824341,0.03266390785574913,-0.028292793780565262,0.12173913043478261
CC1=CC=NC2=NC(=NN12)C(=O)O[C@@H](C)C(=O)N(C)C3=CC=CC=C3,Cc1ccnc2nc(C(=O)O[C@@H](C)C(=O)N(C)c3ccccc3)nn12,2.9040160653377587,9,15,0.039997298270463943,-0.21278217434883118,0.1229141354560852,0.006303554400801659,-0.04987074062228203,-0.06678235530853271,0.09418483078479767,-0.05506327748298645,0.22054380664652568
C1CC(CN(C1)C(=O)C2=NNC(=C2)C3=CC=CO3)OC4=NC=CC=N4,O=C(c1cc(-c2ccco2)[nH]n1)N1CCCC(Oc2ncccn2)C1,3.1177647021063954,12,16,0.02161417528986931,0.05210677161812782,-0.12378751486539841,-0.060959696769714355,-0.050066567957401276,0.025610610842704773,-0.05497438833117485,-0.08531059324741364,0.2116991643454039
CC1=C(C(=NC2=CC=CC=C12)N3CCC(C3)(C4=NNN=C4)O)C(=O)O,Cc1c(C(=O)O)c(N2CCC(O)(c3cn[nH]n3)C2)nc2ccccc12,3.392392226922653,12,17,-0.018796829506754875,-0.1006520688533783,0.06923364847898483,-0.04055634140968323,-0.05021524988114834,-0.04110280051827431,0.02821163460612297,-0.09613751620054245,0.16883116883116883
C1CC2=C(N(N=C2C3=C1C=NC=C3)CC(CN4C=CN=C4)O)C(=O)O,O=C(O)c1c2c(nn1CC(O)Cn1ccnc1)-c1ccncc1CC2,3.3660293070960012,13,17,0.019704226404428482,0.07543976604938507,-0.14545199275016785,-0.02504083141684532,-0.050308000296354294,0.05185898765921593,-0.05252502113580704,-0.05673186108469963,0.20540540540540542
COC1=CC=C(C=C1)N2C=CC(=N2)CNC3=NN=C(C=C3)C(=O)OC,COC(=O)c1ccc(NCc2ccn(-c3ccc(OC)cc3)n2)nn1,2.322076236176642,10,15,0.1990249752998352,-0.24923822283744812,-0.00014721602201461792,-0.03182264789938927,-0.05036046355962753,-0.02580110728740692,0.10304249823093414,-0.14735698699951172,0.17159763313609466
CC1=C(C=CO1)C(=O)NC2=NN(C=N2)CC(=O)NCC3=CC=CC=C3,Cc1occc1C(=O)Nc1ncn(CC(=O)NCc2ccccc2)n1,2.2368685438689493,11,15,-0.18302622437477112,0.005519782193005085,0.12676820158958435,0.015644513070583344,-0.05073824059218168,-0.07386010140180588,0.005243159830570221,0.0524749718606472,0.19117647058823528
C1=CC=C(C=C1)C[C@@H](CNC(=O)C2=CC=NC3=C(C=NN23)C(=O)N)O,NC(=O)c1cnn2c(C(=O)NC[C@@H](O)Cc3ccccc3)ccnc12,2.797754523780725,12,15,0.0023723244667053223,-0.014402223750948906,-0.03904052823781967,0.0007637441158294678,-0.051070427522063255,-0.0032134344801306725,-0.01841774955391884,0.003856118768453598,0.18597560975609756
CCNC(=O)C1=CN=C(C=C1)C2=CC(=NC3=C2C=CN3)NCC(=O)O,CCNC(=O)c1ccc(-c2cc(NCC(=O)O)nc3[nH]ccc23)nc1,2.5716209003153203,13,17,0.1535843163728714,-0.002828756347298622,-0.20227238535881042,0.03860262408852577,-0.05151682533323765,0.03588046878576279,0.06558582186698914,-0.02387380786240101,0.3519163763066202
CCC(=O)N1C[C@H]2CC1C3N2C(=O)N(C3=O)C4=CN=C(C(=C4)C)C#N,CCC(=O)N1C[C@H]2CC1C1C(=O)N(c3cnc(C#N)c(C)c3)C(=O)N12,4.6400205868914135,10,17,-0.04019162058830261,0.020212208852171898,-0.03154299408197403,0.02463551051914692,-0.051522405818104744,0.022065842524170876,-0.01430920884013176,0.000538285356014967,0.15406976744186046
C1CC1C2=NC(=C(O2)N3CCN(CC3)C(=O)C4=CNC(=O)C=C4)C#N,N#Cc1nc(C2CC2)oc1N1CCN(C(=O)c2ccc(=O)[nH]c2)CC1,2.665421767054216,8,14,-0.04473743587732315,0.004060288891196251,-0.011133482679724693,0.021932238712906837,-0.05181062966585159,-0.02609950676560402,0.011637447401881218,0.02875704877078533,0.1585677749360614
CC1=CC(=O)N2C(=NC=N2)N1CC(COC3=CC=CC4=C3C=CN4)O,Cc1cc(=O)n2ncnc2n1CC(O)COc1cccc2[nH]ccc12,3.170431230172923,13,17,0.04773949459195137,-0.20359092950820923,0.10399293154478073,-0.06311977654695511,-0.05185850337147713,-0.08293426036834717,0.07866360247135162,-0.1357783079147339,0.3079470198675497
C[C@H](C(=O)NC1=C(N=CC=C1)OC2=CC=C(C=C2)OC)N3C=NC=N3,COc1ccc(Oc2ncccc2NC(=O)[C@@H](C)n2cncn2)cc1,2.6264350763267714,11,15,-0.005416589789092541,-0.0968327671289444,0.05005032196640968,0.004803492687642574,-0.052199034951627254,-0.05918494239449501,0.04480777308344841,-0.002559902146458626,0.2398753894080997
C[C@@H](C1=NC=NC=C1)N(C)CC2=NC(=NO2)C3=CC4=C(C=C3)OCO4,C[C@@H](c1ccncn1)N(C)Cc1nc(-c2ccc3c(c2)OCO3)no1,3.036736814999056,11,17,-0.1696455031633377,0.07956957072019577,0.037617720663547516,-0.031904540956020355,-0.05245821177959442,-0.0447806678712368,-0.11104056239128113,0.08076980710029602,0.2973856209150327
C1CC(C1)N2C=C(N=N2)CNC3=CC4=C(C=C3)C(=CNC4=O)C(=O)O,O=C(O)c1c[nH]c(=O)c2cc(NCc3cn(C4CCC4)nn3)ccc12,2.611283305515755,12,16,0.03998325765132904,-0.23050348460674286,0.13779495656490326,-0.029318392276763916,-0.05272527039051056,-0.07593920081853867,0.08117834478616714,-0.09928383678197861,0.18658892128279883
C1CC1N2[C@H]([C@@H](CC2=O)NC3=NC=C(N=C3)C(=O)O)C4=CN=CC=C4,O=C(O)c1cnc(N[C@@H]2CC(=O)N(C3CC3)[C@H]2c2cccnc2)cn1,3.551335920393032,13,16,-0.05420776084065437,0.20612379908561707,-0.20482651889324188,0.03643009066581726,-0.05291048064827919,0.07757948338985443,-0.07986344397068024,0.05749695748090744,0.18435754189944134
CC1CC2=C(C(N3C(=NC(=N3)C)N2)C4=CC=CC=C4[N+](=O)[O-])C(=O)C1,Cc1nc2n(n1)C(c1ccccc1[N+](=O)[O-])C1=C(CC(C)CC1=O)N2,3.742964182271999,11,17,0.06822033226490021,0.04755823314189911,-0.16882872581481934,0.0249541737139225,-0.05305016040802002,0.08758934587240219,0.03653348982334137,-0.11802608519792557,0.17906976744186046
C1C2=C(C=CN1C(=N)[C@@H](CN)C3=CC(=C(C=C3)O)C(=O)O)N=NC=C2,N=C([C@@H](CN)c1ccc(O)c(C(=O)O)c1)N1C=Cc2nnccc2C1,3.886234526876221,14,17,-0.09407453238964081,0.14750957489013672,-0.10701730102300644,-0.0394621416926384,-0.05358225852251053,-0.010453718714416027,-0.11197400093078613,0.05521050840616226,0.12672176308539945
C[C@H](COC1=NC=C(C=C1)C2=CN=C3C(=N2)C(=CN3)/C=C/C(=O)N)O,C[C@@H](O)COc1ccc(-c2cnc3[nH]cc(/C=C/C(N)=O)c3n2)cn1,3.424540655958406,13,17,-0.17282280325889587,0.15555164217948914,-0.03640817850828171,-0.04221499338746071,-0.053679339587688446,-0.051854610443115234,-0.08218026161193848,0.05232163518667221,0.3649122807017544
C1=CC=C(C=C1)OCC2=CC=CC=C2NC(=O)NCC3=NNC(=O)N3,O=C(NCc1n[nH]c(=O)[nH]1)Nc1ccccc1COc1ccccc1,2.3098746292219534,13,15,-0.096835657954216,-0.16186237335205078,0.20491774380207062,-0.033276334404945374,-0.05378028750419617,-0.11353372037410736,0.0026667919009923935,-0.0030079656280577183,0.2195945945945946
CC(C)C1=CC(=CC=C1)NC(=O)COC(=O)C2=CN3C(=NN=N3)C=C2,CC(C)c1cccc(NC(=O)COC(=O)c2ccc3nnnn3c2)c1,2.3195038905645085,11,16,-0.009875044226646423,0.12503394484519958,-0.16929350793361664,-0.0471009761095047,-0.05413460731506348,0.015723668038845062,-0.0966884195804596,0.009527713060379028,0.21766561514195584
CC1=C(C(=NN1)NC(=O)CCC(=O)O)C2=CC=C(C=C2)N3C=CN=C3,Cc1[nH]nc(NC(=O)CCC(=O)O)c1-c1ccc(-n2ccnc2)cc1,2.434198798473501,11,15,-0.12267468124628067,0.07880216836929321,-0.010377563536167145,-0.029179200530052185,-0.0542500764131546,-0.05496099963784218,-0.035169705748558044,0.03385215252637863,0.2654320987654321
CC1=CC=CN2C1=NC(=C2)CCNC(=O)C3=C(C=CC=C3[N+](=O)[O-])N,Cc1cccn2cc(CCNC(=O)c3c(N)cccc3[N+](=O)[O-])nc12,2.5162980493634546,12,17,0.21662026643753052,-0.14605693519115448,-0.12512212991714478,-0.005897389724850655,-0.05455879867076874,0.03157585859298706,0.1252385675907135,-0.16890138387680054,0.1786833855799373
C1CN2C(=NN=C2COCC3=CN=CC=C3)CN1C(=O)C4=CC=CO4,O=C(c1ccco1)N1CCn2c(COCc3cccnc3)nnc2C1,2.557180342205749,12,17,-0.2965274751186371,0.04562265798449516,0.19633163511753082,-0.11614879965782166,-0.0545731820166111,-0.17094579339027405,-0.13173907995224,0.05703473463654518,0.13746630727762804
CN1C(=O)C=C(C=N1)N2CCN(CC2)C(=O)C3=C4C=CC=CC4=NO3,Cn1ncc(N2CCN(C(=O)c3onc4ccccc34)CC2)cc1=O,2.496485851561257,9,15,-0.15651491284370422,-0.17815342545509338,0.2799411416053772,0.003346504643559456,-0.05472719669342041,-0.13278943300247192,0.044207483530044556,0.014583354815840721,0.1553133514986376
COC1=C(C=C(C=C1)C2=CN=C(O2)NC3=CC(=C(N=C3)N)C=N)OC,COc1ccc(-c2cnc(Nc3cnc(N)c(C=N)c3)o2)cc1OC,2.8082204669458726,12,17,-0.016767442226409912,0.07075413316488266,-0.10872019082307816,-0.013888087123632431,-0.05473349988460541,0.001924768090248108,-0.010316185653209686,-0.03198295086622238,0.2042042042042042
CC1=C(OC=C1)C(=O)NC[C@H]2CN3C(=C(N=N3)C4=CN=CC=C4)CO2,Cc1ccoc1C(=O)NC[C@H]1Cn2nnc(-c3cccnc3)c2CO1,3.4532234324911544,12,17,-0.000833495520055294,-0.11888156831264496,0.0649392381310463,-0.06631200015544891,-0.05477582570165396,-0.09967613220214844,0.078797847032547,-0.11213715374469757,0.16822429906542055
COC1=CC=C(C=C1)NCC(=O)NNC(=O)C2=CN3C=NC=C3C=C2,COc1ccc(NCC(=O)NNC(=O)c2ccc3cncn3c2)cc1,2.4322877746381817,12,15,-0.11588739603757858,0.17499494552612305,-0.11411814391613007,-0.0070356037467718124,-0.0550105944275856,0.007871679961681366,-0.0824885368347168,0.058732740581035614,0.24054982817869416
COC1=CC=CC=C1N2C(=NN=N2)NC3=CC4=C(C=C3)OCCCO4,COc1ccccc1-n1nnnc1Nc1ccc2c(c1)OCCCO2,2.3596948952203007,12,17,-0.16027384996414185,-0.08485399186611176,0.1893419772386551,-0.1677207499742508,-0.05578586459159851,-0.16614988446235657,-0.07308445870876312,-0.06466701626777649,0.19798657718120805
CNC(=O)[C@H]1CCCN(C1)C2=NC3=C(C=C(C=C3)[N+](=O)[O-])C(=C2)C#N,CNC(=O)[C@H]1CCCN(c2cc(C#N)c3cc([N+](=O)[O-])ccc3n2)C1,2.943667493909187,11,17,-0.06514550745487213,0.09953831881284714,-0.09018002450466156,-0.03501918911933899,-0.055787213146686554,0.025970768183469772,-0.08914822340011597,-0.0214524045586586,0.21311475409836064
C1=CC=C(C=C1)COC(=O)NCC(=O)NCC2=NN=C3N2C=CC=C3,O=C(CNC(=O)OCc1ccccc1)NCc1nnc2ccccn12,2.1150914890744286,12,15,-0.039390724152326584,0.024218779057264328,-0.0408296100795269,-0.027489103376865387,-0.05600155517458916,-0.039663661271333694,-0.02247120812535286,0.0052394624799489975,0.19205298013245034
CCC(=O)NC1=CC2=C(C=C1C)N=C3C(=N2)NC(=O)N(C3=O)CC=C,C=CCn1c(=O)[nH]c2nc3cc(NC(=O)CC)c(C)cc3nc2c1=O,2.6444806676147703,10,17,0.2959669232368469,-0.10960191488265991,-0.24285633862018585,0.07818242162466049,-0.05649133026599884,0.11897686123847961,0.13735654950141907,-0.14900824427604675,0.28289473684210525
C1C(CC1N2C(=CN=N2)CO)NC(=O)C3=CC(=NO3)C4=CC=CC=C4,O=C(NC1CC(n2nncc2CO)C1)c1cc(-c2ccccc2)no1,2.75763777463818,11,14,0.052068084478378296,0.006847582757472992,-0.11543954163789749,0.050367314368486404,-0.056523874402046204,0.05514730513095856,0.04091424494981766,-0.04096665233373642,0.15326633165829145
CC(C)N1C2=NC3=C(C(=C2C=N1)C4=CC(=C(C=C4)O)O)N(C(=O)N3)C,CC(C)n1ncc2c(-c3ccc(O)c(O)c3)c3c(nc21)[nH]c(=O)n3C,2.895047891695036,10,16,-0.12885920703411102,-0.18058478832244873,0.2528027594089508,-0.06072048842906952,-0.05664123594760895,-0.15154163539409637,0.04157962650060654,-0.035926248878240585,0.2823920265780731
COCCN1C=NC2=C1C(=O)N(C(=O)N2CC3=CC=CC=C3)CC#N,COCCn1cnc2c1c(=O)n(CC#N)c(=O)n2Cc1ccccc1,2.4418590368266972,9,15,-0.1298699676990509,-0.23484916985034943,0.3078111410140991,-0.034139614552259445,-0.05690799653530121,-0.1573055386543274,0.07404286414384842,-0.04152148962020874,0.2363013698630137
C/C(=N/NC(=O)C1=CC(=C(C=C1)O)OC)/CN2C3=CC=CC=C3N=N2,COc1cc(C(=O)N/N=C(/C)Cn2nnc3ccccc32)ccc1O,2.288617216675018,12,17,0.12170618772506714,-0.1572812795639038,-0.02135227806866169,-0.007219542749226093,-0.05692736990749836,-0.027470435947179794,0.13283377885818481,-0.1465528905391693,0.18095238095238095
CC1=CC=CN2C1=NC=C2CC(=O)N3CC4=C(C[C@@H]3C(=O)O)N=CN4,Cc1cccn2c(CC(=O)N3Cc4[nH]cnc4C[C@@H]3C(=O)O)cnc12,3.409764274593293,12,17,0.03492480516433716,-0.07854018360376358,-0.013381704688072205,-0.010393895208835602,-0.05699708312749863,-0.0027590058743953705,0.015464713796973228,-0.0625772625207901,0.19571865443425077
C[C@@H](C(=O)NC1=C(N=CC=C1)OC2=CC=C(C=C2)OC)N3C=NC=N3,COc1ccc(Oc2ncccc2NC(=O)[C@H](C)n2cncn2)cc1,2.6264350763267714,11,15,0.009614624083042145,-0.11476707458496094,0.04790187627077103,0.0069060977548360825,-0.057250574231147766,-0.056650348007678986,0.05324932187795639,-0.012606486678123474,0.2398753894080997
CN(C)C(=O)[C@@H]1CCCN1C2=NC3=C(C=C(C=C3)[N+](=O)[O-])C(=C2)C#N,CN(C)C(=O)[C@@H]1CCCN1c1cc(C#N)c2cc([N+](=O)[O-])ccc2n1,3.0512780529154,9,16,-0.19394451379776,0.09668637067079544,0.039655882865190506,-0.06113870069384575,-0.05760226026177406,-0.060724109411239624,-0.13151296973228455,0.05701728165149689,0.19753086419753085
CC1=CC=CC=C1N2N=C(C(=NC3=CC(=CC(=C3)C)C)N2O)[N+](=O)[O-],Cc1cc(C)cc(N=c2c([N+](=O)[O-])nn(-c3ccccc3C)n2O)c1,2.9285395304910224,9,14,-0.026489609852433205,-0.2395145744085312,0.20791080594062805,-0.042848095297813416,-0.05809337832033634,-0.11816593259572983,0.0753118246793747,-0.08874140679836273,0.07672634271099744
CN(C)CN1C2=C(C=C(C=C2)[N+](=O)[O-])C(=NC3=CC=C(C=C3)N)C1=O,CN(C)CN1C(=O)C(=Nc2ccc(N)cc2)c2cc([N+](=O)[O-])ccc21,2.6184519050729644,8,14,-0.35992586612701416,0.07759149372577667,0.22325941920280457,-0.010696236044168472,-0.05907495319843292,-0.0984015166759491,-0.0963485836982727,0.13153117895126343,0.13005780346820808
CN1C(=O)NC(=N1)C(=O)N2CCC3=C(C2)N=C(O3)CC4=CC=CC=C4,Cn1nc(C(=O)N2CCc3oc(Cc4ccccc4)nc3C2)[nH]c1=O,2.9644166207920275,9,15,-0.2970372140407562,-0.020130814984440804,0.25799596309661865,-0.036694932729005814,-0.05917206592857838,-0.12082631886005402,-0.13095974922180176,0.10918328911066055,0.14214463840399003
CCC1=CC(=NC(=N1)C2=CC=C(C=C2)[N+](=O)[O-])N3CC(C3)(CC#N)O,CCc1cc(N2CC(O)(CC#N)C2)nc(-c2ccc([N+](=O)[O-])cc2)n1,2.776669296377312,8,14,0.03746635094285011,0.20009295642375946,-0.29794812202453613,0.011171945370733738,-0.06038881465792656,0.0980047732591629,-0.05673399940133095,-0.01567097380757332,0.3032258064516129
CCCCNC1=C(C=C(C=C1)C2=NC(=NO2)C3=CN=CC=C3)[N+](=O)[O-],CCCCNc1ccc(-c2nc(-c3cccnc3)no2)cc1[N+](=O)[O-],2.258232005407411,12,17,-0.1719740629196167,0.2875070571899414,-0.17635327577590942,-0.04739648848772049,-0.06082028150558472,-0.03196937218308449,-0.15002307295799255,0.12944501638412476,0.24916943521594684
C1COC2=C(O1)C=CC(=C2)CC(=O)NC3NNC(=N3)C4=CC=CC=N4,O=C(Cc1ccc2c(c1)OCCO2)NC1N=C(c2ccccn2)NN1,3.301800668842363,14,17,-0.02831033244729042,-0.08590073883533478,0.053388554602861404,-0.1244463175535202,-0.060822516679763794,-0.12530343234539032,-0.02872300148010254,-0.07004693150520325,0.2375
CC1=CC=C(C=C1)CN2C=CC(=N2)NC(=O)C3=NN(C=C3C(=O)O)C,Cc1ccc(Cn2ccc(NC(=O)c3nn(C)cc3C(=O)O)n2)cc1,2.2818846427700485,10,15,0.06688503921031952,-0.23380088806152344,0.10605598986148834,-0.04621593654155731,-0.060859858989715576,-0.10590790212154388,0.0749528706073761,-0.07548816502094269,0.13031161473087818
CC1=CC=C(C=C1)CN2C=C(C=N2)NC(=O)C3=C(C=NN3C)C(=O)O,Cc1ccc(Cn2cc(NC(=O)c3c(C(=O)O)cnn3C)cn2)cc1,2.231122664748071,10,15,-0.014822965487837791,-0.17836157977581024,0.1320137083530426,-0.043246425688266754,-0.06117083691060543,-0.10214895009994507,0.030899273231625557,-0.036070000380277634,0.12571428571428572
CCN(C1CC1)C(=O)C2=CC(=NC3=C(N=CN23)C(=O)N)C4=CC=CO4,CCN(C(=O)c1cc(-c2ccco2)nc2c(C(N)=O)ncn12)C1CC1,2.8242246427700497,10,16,-0.13290072977542877,0.177499458193779,-0.10599283874034882,0.019799042493104935,-0.061394110321998596,0.0013153962790966034,-0.07171725481748581,0.08660858869552612,0.22916666666666666
CN1C=CN=C1[C@H](C2=CC=CC=C2OC)NC3=C(C=CC=N3)[N+](=O)[O-],COc1ccccc1[C@H](Nc1ncccc1[N+](=O)[O-])c1nccn1C,2.8305445562834333,13,17,-0.06581349670886993,0.012296103872358799,-0.007887940853834152,-0.04733516275882721,-0.06140533369034529,-0.03967692330479622,-0.026190005242824554,-0.03922414034605026,0.21929824561403508
CC(C)C1=NOC(=N1)C2=CC(=C(C=C2)NCC3=CN=CC=C3)[N+](=O)[O-],CC(C)c1noc(-c2ccc(NCc3cccnc3)c([N+](=O)[O-])c2)n1,2.3490703044323293,11,16,-0.12419246137142181,0.06818915903568268,-0.00570882111787796,-0.06790447235107422,-0.061712123453617096,-0.07440056651830673,-0.10368788242340088,0.04719443619251251,0.20481927710843373
C1C[C@H](CN(C1)C(=O)C2=NOC(=C2)C3CC3)OC4=NC=CN=C4C#N,N#Cc1nccnc1O[C@@H]1CCCN(C(=O)c2cc(C3CC3)on2)C1,3.3015427686344623,10,16,-0.06425567716360092,0.029893066734075546,-0.027373898774385452,-0.00790749117732048,-0.06173650920391083,-0.014318125322461128,-0.0491366945207119,0.022825948894023895,0.1396508728179551
C1=CC=C(C=C1)C2=NNC(=C2)CNC(=O)CCN3C=CC(=O)NC3=O,O=C(CCn1ccc(=O)[nH]c1=O)NCc1cc(-c2ccccc2)n[nH]1,2.373628159253565,12,15,0.050209108740091324,-0.04011424258351326,-0.07192999869585037,-0.01625508815050125,-0.06183513253927231,-0.01695553958415985,0.021416164934635162,-0.047206658869981766,0.2977346278317152
CC1=CC=C(C=C1)N(C(=O)N)NC(=O)C2=CC=C(O2)CN3C=CC=N3,Cc1ccc(N(NC(=O)c2ccc(Cn3cccn3)o2)C(N)=O)cc1,2.5683855807053533,11,15,0.08602810651063919,-0.11971424520015717,-0.028834030032157898,0.013828631490468979,-0.06252016872167587,0.0031218193471431732,0.0788751021027565,-0.08782865852117538,0.1126005361930295
CC1=C(OC=C1)C(=O)NCC2CN3C(=C(N=N3)C4=CN=CC=C4)CO2,Cc1ccoc1C(=O)NCC1Cn2nnc(-c3cccnc3)c2CO1,3.4532234324911544,12,17,-0.009985166601836681,-0.1309935748577118,0.0783316120505333,-0.0748857706785202,-0.06264712940901518,-0.11284646391868591,0.07256792485713959,-0.1099574863910675,0.16822429906542055
CCC(=O)N1C[C@@H]2C[C@H]1[C@@H]3N2C(=O)N(C3=O)C4=CN=C(C(=C4)C)C#N,CCC(=O)N1C[C@@H]2C[C@H]1[C@H]1C(=O)N(c3cnc(C#N)c(C)c3)C(=O)N21,4.6400205868914135,10,17,-0.015580171719193459,0.010814334265887737,-0.05804364010691643,0.014978421851992607,-0.06280947756022215,0.028132781386375427,-0.013382628560066223,-0.02489808201789856,0.15406976744186046
C1CN(CCC1(C(=O)O)N2C=CC=N2)C3=NC(=NO3)C4=CC=CC=C4,O=C(O)C1(n2cccn2)CCN(c2nc(-c3ccccc3)no2)CC1,2.7417778958183714,9,13,-0.08766429126262665,0.17404355108737946,-0.14968067407608032,-0.02692526765167713,-0.06330141425132751,0.01396435871720314,-0.06600267440080643,-0.008632013574242592,0.2636103151862464
CN(C)C(=O)N1N=C(N=N1)C2=CC=C(C=C2)OC3=CC=CC(=C3)OC,COc1cccc(Oc2ccc(-c3nnn(C(=O)N(C)C)n3)cc2)c1,2.29504300215714,8,14,-0.06105966866016388,-0.1403609812259674,0.13799801468849182,-0.038444869220256805,-0.06342263519763947,-0.12050889432430267,-0.0167654100805521,0.03566388785839081,0.2536764705882353
COC1=CC(=C(C=C1)NC2=C(C(=NC=N2)OC3=CN=CC=C3)N)OC,COc1ccc(Nc2ncnc(Oc3cccnc3)c2N)c(OC)c1,2.2524877746381815,12,17,-0.07579527795314789,0.03169117495417595,-0.019325394183397293,-0.0265897735953331,-0.06342949718236923,-0.03292150795459747,-0.045521099120378494,0.008488629013299942,0.22857142857142856
CC(C1=NC2=CC=CC=C2N1)NC3=C(C=C(C=C3)[N+](=O)[O-])C(=O)NC,CNC(=O)c1cc([N+](=O)[O-])ccc1NC(C)c1nc2ccccc2[nH]1,2.715010131271825,13,17,0.17526967823505402,-0.11415493488311768,-0.1247963011264801,0.0026705143973231316,-0.06368155777454376,0.04568652808666229,0.04860058054327965,-0.12406366318464279,0.16613418530351437
C1=CN=CC=C1CN(CC2=CC=NC=C2)C(=O)C3(C=CNO3)C(=O)N,NC(=O)C1(C(=O)N(Cc2ccncc2)Cc2ccncc2)C=CNO1,3.5837100763267706,7,9,0.0729895755648613,-0.10273609310388565,-0.03399548679590225,0.00654510036110878,-0.0637420043349266,-0.00516018271446228,0.051294825971126556,-0.0660962462425232,0.1551155115511551
CC1C(=O)N(C2=C(O1)C=CC(=C2)NC(=O)C3=C4N(C=CN4N=C3)C)C,CC1Oc2ccc(NC(=O)c3cnn4ccn(C)c34)cc2N(C)C1=O,3.1923187027003967,11,17,-0.018813226372003555,-0.3365522027015686,0.29153597354888916,-0.0593000091612339,-0.063829455524683,-0.1860867142677307,0.10606765002012253,-0.06175684928894043,0.276657060518732
CC1=CC=CN2C1=NC=C2CC(=O)N3CC4=C(CC3C(=O)O)N=CN4,Cc1cccn2c(CC(=O)N3Cc4[nH]cnc4CC3C(=O)O)cnc12,3.409764274593293,12,17,0.05329277366399765,-0.16474726796150208,0.04744604229927063,-0.026876039803028107,-0.0640084519982338,-0.02388577163219452,0.03214723616838455,-0.0929749608039856,0.19571865443425077
C1C[C@H](N(C1)C(=O)C2=NC=CN3C2=NC=C3)C(=O)NCC4=CC=CO4,O=C(NCc1ccco1)[C@@H]1CCCN1C(=O)c1nccn2ccnc12,3.008344612680826,13,17,-0.1733405441045761,0.22797128558158875,-0.11864250898361206,-0.032747186720371246,-0.06401176750659943,0.014540299773216248,-0.1412716656923294,0.053482431918382645,0.15868263473053892
C1=CC=C(C=C1)C[C@H](CNC(=O)C2=CC=NC3=C(C=NN23)C(=O)N)O,NC(=O)c1cnn2c(C(=O)NC[C@H](O)Cc3ccccc3)ccnc12,2.797754523780725,12,15,0.005144868046045303,-0.027300549671053886,-0.041975535452365875,-0.0041544511914253235,-0.06413121707737446,-0.008180607110261917,-0.01737687736749649,-0.006394708529114723,0.18597560975609756
CC1=CC=C(C=C1)CN2C=CC(=N2)NC(=O)C3=CC=NN3CC(=O)O,Cc1ccc(Cn2ccc(NC(=O)c3ccnn3CC(=O)O)n2)cc1,2.30515459478986,11,15,0.10868869721889496,-0.10310809314250946,-0.07039695978164673,-0.015034874901175499,-0.06481635570526123,-0.012052508071064949,0.06190706044435501,-0.08881986141204834,0.1440677966101695
C1[C@H](N(C(=O)O1)CC2=CC=CC=C2C#N)C(=O)NCCN3C=CC=N3,N#Cc1ccccc1CN1C(=O)OC[C@H]1C(=O)NCCn1cccn1,3.0360312301729238,13,17,-0.08703809231519699,-0.08054157346487045,0.10272438079118729,-0.07920519262552261,-0.06485528498888016,-0.1275269091129303,0.0048958174884319305,-0.049067020416259766,0.13636363636363635
COC1=CC=CC2=C1N=C(N3C2=NC(=C3)C(=O)N4CC5C[C@H]4CO5)N,COc1cccc2c1nc(N)n1cc(C(=O)N3CC4C[C@H]3CO4)nc21,4.373500480015708,11,17,-0.010038793087005615,-0.17607906460762024,0.12121903896331787,-0.08175012469291687,-0.06489881873130798,-0.09923390299081802,0.02397015690803528,-0.10205088555812836,0.28703703703703703
C1CN(CCN1C(=O)CN2C3=CC=CC=C3N=N2)C(=O)C4=COC=C4,O=C(Cn1nnc2ccccc21)N1CCN(C(=O)c2ccoc2)CC1,2.2532248926571476,10,15,-0.19454512000083923,0.04401819780468941,0.08557848632335663,-0.03678732365369797,-0.0649484358727932,-0.08952927589416504,-0.037074293941259384,0.01937190070748329,0.10682492581602374
C1C[C@@H](N(C1)C(=O)C2=NC=CN3C2=NC=C3)C(=O)NCC4=CC=CO4,O=C(NCc1ccco1)[C@H]1CCCN1C(=O)c1nccn2ccnc12,3.008344612680826,13,17,-0.1712571084499359,0.21992506086826324,-0.11378800868988037,-0.03598078340291977,-0.06512005627155304,0.010648872703313828,-0.13827374577522278,0.047816596925258636,0.15868263473053892
C1CC(CN(C1)C(=O)C2=NOC(=C2)C3=CC4=C(C=C3)NN=C4)C(=O)N,NC(=O)C1CCCN(C(=O)c2cc(-c3ccc4[nH]ncc4c3)on2)C1,2.9140600763267717,12,17,-0.28594771027565,0.24417388439178467,-0.023587290197610855,-0.04261840134859085,-0.06536111608147621,-0.03889166936278343,-0.20938369631767273,0.139583557844162,0.1681159420289855
C1[C@@H]2[C@@H](C2NC(=O)C3=NC(=NC=C3)NC4=CC=CC=C4)CN1C(=O)O,O=C(NC1[C@H]2CN(C(=O)O)C[C@@H]12)c1ccnc(Nc2ccccc2)n1,3.3453169933999742,13,15,0.17933720350265503,-0.1498805284500122,-0.09488847106695175,0.09265360236167908,-0.06543179601430893,0.0700012594461441,0.1342688351869583,-0.08033072203397751,0.20063694267515925
CC1=C(C(=NC2=NC=NN12)C)CCC(=O)NC3=CC4=C(C=C3)OCO4,Cc1nc2ncnn2c(C)c1CCC(=O)Nc1ccc2c(c1)OCO2,2.3705685438689503,10,17,0.0006403066217899323,0.023917287588119507,-0.09004345536231995,-0.05826859548687935,-0.06548586115241051,-0.061016395688056946,-0.03304261341691017,-0.005022411700338125,0.2833333333333333
CC1=C(OC=C1)C(=O)NC[C@@H]2CN3C(=C(N=N3)C4=CN=CC=C4)CO2,Cc1ccoc1C(=O)NC[C@@H]1Cn2nnc(-c3cccnc3)c2CO1,3.4532234324911544,12,17,-0.012240972369909286,-0.11263536661863327,0.05931592732667923,-0.06942075490951538,-0.06556041166186333,-0.10131869465112686,0.06842634081840515,-0.110070139169693,0.16822429906542055
C1=CN(N=C1)C2=NC=C(C=C2)NC(=O)CCCNC(=O)C3=CC=CO3,O=C(CCCNC(=O)c1ccco1)Nc1ccc(-n2cccn2)nc1,2.2506832698963475,14,17,0.09232917428016663,-0.013389027677476406,-0.1448533833026886,-0.013510217890143394,-0.06591323669999838,-0.008213665336370468,0.06518672406673431,-0.07967253029346466,0.1478494623655914
C1CN(CC1N2C=C(N=N2)COC3=CC=NC=C3)C(=O)C4=COC=C4,O=C(c1ccoc1)N1CCC(n2cc(COc3ccncc3)nn2)C1,3.0507493174910127,11,15,-0.20246292650699615,0.1756724864244461,-0.03913002461194992,-0.038068920373916626,-0.06592046469449997,-0.02282533049583435,-0.11834253370761871,0.04916900396347046,0.16310160427807488
CC1=C(OC=C1)C(=O)NC2=CC(=C(C=C2)OC)N3C(=NN=N3)C4CC4,COc1ccc(NC(=O)c2occc2C)cc1-n1nnnc1C1CC1,2.4939069241506413,10,16,-0.055933743715286255,-0.10179999470710754,0.09170392900705338,-0.05079425126314163,-0.06602980941534042,-0.08488110452890396,0.04320552945137024,-0.08066552877426147,0.16580310880829016
C[C@@H](COC1=NC=C(C=C1)C2=CN=C3C(=N2)C(=CN3)/C=C/C(=O)N)O,C[C@H](O)COc1ccc(-c2cnc3[nH]cc(/C=C/C(N)=O)c3n2)cn1,3.424540655958406,13,17,-0.16798070073127747,0.14078593254089355,-0.03901737555861473,-0.045167017728090286,-0.06621214374899864,-0.05542111396789551,-0.07991047203540802,0.043027400970458984,0.3649122807017544
CCOC(=O)C1=CN2C(=C1C)C(=NC=N2)NC3=C(C=CC(=C3)N=O)C,CCOC(=O)c1cn2ncnc(Nc3cc(N=O)ccc3C)c2c1C,2.7807160713414785,10,17,-0.03972342237830162,-0.20904484391212463,0.18238259851932526,-0.05840615928173065,-0.066385667771101,-0.10835136473178864,0.017796453088521957,-0.0504634752869606,0.15273775216138327
CCOC1=C(C=C2C(=C1)CC(O2)C)NC(=O)C3=CC=CN4C3=NN=N4,CCOc1cc2c(cc1NC(=O)c1cccn3nnnc13)OC(C)C2,3.0814562301729236,11,17,0.16007418930530548,-0.25402241945266724,0.02749938890337944,-0.06878811120986938,-0.06644884124398232,-0.07760581374168396,0.10599984973669052,-0.1722612977027893,0.24923076923076923
CC(C(=O)O)N1C=C(C=N1)C(=O)NC2=CC=CC(=C2)CN3C=CC=N3,CC(C(=O)O)n1cc(C(=O)Nc2cccc(Cn3cccn3)c2)cn1,2.7386724002704312,14,17,0.03998681157827377,-0.09781066328287125,-0.008856825530529022,0.02300601452589035,-0.0666806772351265,-0.02321317233145237,0.07152879983186722,-0.04119740054011345,0.1394658753709199
CC(C(=O)NC1=NN(C=C1)CC2=CN=CC=C2)NC(=O)C3=COC=C3,CC(NC(=O)c1ccoc1)C(=O)Nc1ccn(Cc2cccnc2)n1,2.8295639224806166,14,17,0.16973277926445007,-0.1588861346244812,-0.07772542536258698,0.02114698849618435,-0.0668787807226181,-0.004678890109062195,0.11749044060707092,-0.0978061854839325,0.15934065934065933
CC1=CN=C(N=C1C2=CC=C(C=C2)C(=O)O)NC3=CN(N=C3)CCO,Cc1cnc(Nc2cnn(CCO)c2)nc1-c1ccc(C(=O)O)cc1,2.3621032405103364,11,15,-0.1490255743265152,0.05596296489238739,0.025861332193017006,-0.02888435870409012,-0.0672012772411108,-0.02547968178987503,-0.06156201660633087,0.002736319787800312,0.26058631921824105
CN1C(=NC(=NC1=O)NN)C2=CC(=C(C=C2)O)O.C1C2=CC=C1C=C2,C1=CC2=CC=C1C2.Cn1c(-c2ccc(O)c(O)c2)nc(NN)nc1=O,4.016455391063207,11,14,0.0644015520811081,-0.08118574321269989,-0.05055643990635872,-0.00967573095113039,-0.06734063103795052,0.008091419003903866,0.029902707785367966,-0.09055708348751068,0.3705179282868526
C1CN(CCN1)C2=NC=C(C=C2)C3=NC4=C(N3)C=CC=C4OC(=O)O,O=C(O)Oc1cccc2[nH]c(-c3ccc(N4CCNCC4)nc3)nc12,2.5064027641007733,11,15,0.07326222956180573,-0.07173094153404236,-0.06895928829908371,0.029563020914793015,-0.06742800027132034,0.04137829318642616,0.032120127230882645,-0.059807710349559784,0.3917910447761194
CN1C=CN=C1[C@@H](C2=CC=CC=C2OC)NC3=C(C=CC=N3)[N+](=O)[O-],COc1ccccc1[C@@H](Nc1ncccc1[N+](=O)[O-])c1nccn1C,2.8305445562834333,13,17,-0.062226057052612305,0.0018860558047890663,-0.007159789092838764,-0.04811469092965126,-0.067499790340662,-0.03958487510681152,-0.023872284218668938,-0.04699135571718216,0.21929824561403508
CN1C=CN=C1C(C2=CC=CC=C2OC)NC3=NC=C(C=C3)[N+](=O)[O-],COc1ccccc1C(Nc1ccc([N+](=O)[O-])cn1)c1nccn1C,2.8227166039540723,13,17,-0.13302969932556152,0.058931682258844376,0.006418009288609028,-0.05745697766542435,-0.06768000777810812,-0.05685456842184067,-0.06764103472232819,0.0012542810291051865,0.2222222222222222
CC1=CN=C(N=C1)C(C)NC2=CC(=O)N(C3=C2C=C(C=C3)[N+](=O)[O-])C,Cc1cnc(C(C)Nc2cc(=O)n(C)c3ccc([N+](=O)[O-])cc23)nc1,3.114300126493994,10,16,-0.04093281552195549,-0.16515181958675385,0.13839392364025116,-0.04645426571369171,-0.06769071146845818,-0.10888134688138962,0.03244778886437416,-0.03907395154237747,0.22772277227722773
COC1=CC2=NC=C(C=C2C=C1)C(=O)N[C@@H]3CCO[C@@H]3C4=NC=NN4,COc1ccc2cc(C(=O)N[C@@H]3CCO[C@@H]3c3ncn[nH]3)cnc2c1,3.4677801389180924,13,17,-0.186063751578331,0.13550657033920288,-0.017945993691682816,-0.11035870015621185,-0.06850317493081093,-0.03323093801736832,-0.17508633434772491,-0.0025275954976677895,0.21098265895953758
CC(C(=O)NC1=NNC(=N1)C2=CC=CC=N2)OC3=CC=C(C=C3)OC,COc1ccc(OC(C)C(=O)Nc2n[nH]c(-c3ccccn3)n2)cc1,2.6315293070960006,11,15,0.08677642047405243,-0.18919900059700012,0.03389225900173187,-0.009597733616828918,-0.06853032112121582,-0.04915933310985565,0.07385803759098053,-0.07673236727714539,0.4901185770750988
CN(CC1=CN(N=C1)C2=CC=CC=C2)C(=O)CN3C=CC(=O)NC3=O,CN(Cc1cnn(-c2ccccc2)c1)C(=O)Cn1ccc(=O)[nH]c1=O,2.3557593618537833,11,15,-0.09778659045696259,-0.024867085739970207,0.05380379408597946,-0.0068472158163785934,-0.06884988211095333,-0.05889319255948067,-0.014221947640180588,0.021326549351215363,0.21341463414634146
COC1=CN=CC(=C1)C(=O)NC(CC2=CC=CC=C2)C3=NNC(=O)N3,COc1cncc(C(=O)NC(Cc2ccccc2)c2n[nH]c(=O)[nH]2)c1,2.940742768634463,12,15,0.08029116690158844,-0.05404612421989441,-0.09562373906373978,0.017166126519441605,-0.06937869638204575,0.054100435227155685,-0.02004317007958889,-0.04704657942056656,0.2358490566037736
C1[C@@H](C[C@H]([C@@H]1NC(=O)C2=NN(C(=C2)C(=O)N)C3=CC=CC=C3)O)C#N,N#C[C@@H]1C[C@@H](O)[C@H](NC(=O)c2cc(C(N)=O)n(-c3ccccc3)n2)C1,3.6685393560373374,12,15,0.0510968454182148,-0.028580132871866226,-0.09191466867923737,0.006894545629620552,-0.0693979561328888,0.020538896322250366,0.04110972583293915,-0.07838065177202225,0.1174785100286533
CC1=C(C=C(C=C1)NC(=O)C2=CC(=CC(=C2)OC)OC)N3C=NN=N3,COc1cc(OC)cc(C(=O)Nc2ccc(C)c(-n3cnnn3)c2)c1,2.1332380184084947,9,14,-0.07548318058252335,-0.08369655162096024,0.08948983252048492,-0.057283494621515274,-0.06968989968299866,-0.09708970040082932,0.012551925145089626,-0.047372885048389435,0.17320261437908496
CCCCNC1=C(C=C(C=C1)C2=NC(=NO2)C3=CC=CC=N3)[N+](=O)[O-],CCCCNc1ccc(-c2nc(-c3ccccn3)no2)cc1[N+](=O)[O-],2.2785243130997195,12,17,-0.15849554538726807,0.3503243923187256,-0.26159846782684326,-0.03037521243095398,-0.06976962089538574,0.015666786581277847,-0.17585080862045288,0.13782364130020142,0.2532467532467532
CN1C=CN=C1COC2=CC=C(C=C2)NC(=O)C3=NN(C(=O)C=C3)C,Cn1ccnc1COc1ccc(NC(=O)c2ccc(=O)n(C)n2)cc1,2.1982505861224713,10,15,-0.2734277546405792,-0.018081508576869965,0.2215813249349594,-0.034163955599069595,-0.06992793828248978,-0.14725100994110107,-0.024609148502349854,0.07159943133592606,0.23564954682779457
C[C@H](COC1=NN2C(=NC=C2C3=CC4=C(O3)C=CN=C4OC)C=C1)N,COc1nccc2oc(-c3cnc4ccc(OC[C@@H](C)N)nn34)cc12,3.4084350763267715,11,17,-0.019433479756116867,-0.2261427342891693,0.17564073204994202,-0.062007877975702286,-0.06993548199534416,-0.14691342413425446,0.07144482433795929,-0.06046281382441521,0.30745341614906835
C1CC1N([C@@H]2CC(=O)NC2=O)C(=O)CN3C=C(N=N3)C4=CC=CC=C4,O=C1C[C@@H](N(C(=O)Cn2cc(-c3ccccc3)nn2)C2CC2)C(=O)N1,3.065997427356022,10,14,-0.020215488970279694,0.14320871233940125,-0.19318507611751556,0.04252047464251518,-0.07019185274839401,0.06870005279779434,-0.020234297960996628,-0.0010835230350494385,0.17027863777089783
CN1C=NC2=C1CCN(C2)CC3=NC(=NO3)C4=CC5=C(C=C4)OCO5,Cn1cnc2c1CCN(Cc1nc(-c3ccc4c(c3)OCO4)no1)C2,2.6717310698564756,10,17,-0.12322166562080383,0.032948825508356094,0.01993349939584732,-0.06464597582817078,-0.07033934071660042,-0.05683424696326256,-0.09182733297348022,0.005827900022268295,0.26099706744868034
CC(C(=O)NCC1=CC(=NC=C1)N2C=CC=N2)NC(=O)C3=COC=C3,CC(NC(=O)c1ccoc1)C(=O)NCc1ccnc(-n2cccn2)c1,2.8919369994036934,14,17,0.18528014421463013,-0.3017520308494568,0.045959003269672394,0.0005136318504810333,-0.07051288336515427,-0.05359383672475815,0.17939724028110504,-0.16658973693847656,0.12921348314606743
CC(C)C1=CC(=NC2=NC=NN12)C(=O)NCC3=CC4=C(C=C3)OCO4,CC(C)c1cc(C(=O)NCc2ccc3c(c2)OCO3)nc2ncnn12,2.5531839284843354,10,16,-0.12645015120506287,0.21214397251605988,-0.1565552055835724,-0.07070517539978027,-0.07086138427257538,-0.022526878863573074,-0.16796451807022095,0.07758896797895432,0.24342105263157895
CC(C(=O)N/N=C/C1=CC(=C(C=C1)O)OC)N2C3=CC=CC=C3N=N2,COc1cc(/C=N/NC(=O)C(C)n2nnc3ccccc32)ccc1O,2.7505118368901513,13,17,0.05287899076938629,0.015674874186515808,-0.13950341939926147,-0.0030202604830265045,-0.07094955444335938,0.007282689679414034,0.04348807781934738,-0.07766995579004288,0.18808777429467086
CC1=CN2C3=C(N=C2N1CC4=CC=C(C=C4)OC)N(C(=O)NC3=O)C,COc1ccc(Cn2c(C)cn3c4c(=O)[nH]c(=O)n(C)c4nc23)cc1,2.481118928484335,8,15,-0.1782495677471161,-0.060150254517793655,0.16683460772037506,-0.06486305594444275,-0.07156521454453468,-0.15816175937652588,-0.032398972660303116,0.04590360075235367,0.2857142857142857
CC1=CC(=CC(=C1)NC(=O)C(=O)NCC2=NC(=NN2)C3=CC=CO3)C,Cc1cc(C)cc(NC(=O)C(=O)NCc2nc(-c3ccco3)n[nH]2)c1,2.4715561115829257,10,14,-0.11860974133014679,-0.10791127383708954,0.15480713546276093,-0.07512632012367249,-0.0717138797044754,-0.11893811076879501,-0.010465577244758606,-0.03895757347345352,0.2375
CN1C2=C(C=C(C=C2)C(=O)O)N=C1CNC3=CC=C(C=C3)/C(=N/O)/N,Cn1c(CNc2ccc(/C(N)=N/O)cc2)nc2cc(C(=O)O)ccc21,2.265836950462356,11,15,-0.21657079458236694,0.1615971028804779,-0.0171587523072958,-0.05429689213633537,-0.07213244400918484,-0.07844317704439163,-0.13800561428070068,0.10053365677595139,0.15141955835962145
CC1=NN=NN1/C(=C/C2=CC=CC=C2)/C(=O)NC(CO)C3=CC=CO3,Cc1nnnn1/C(=C/c1ccccc1)C(=O)NC(CO)c1ccco1,3.2546677686344623,12,15,-0.04812511056661606,0.01745322346687317,-0.04154308885335922,-0.05043801665306091,-0.07221497595310211,-0.050979647785425186,0.011426549404859543,-0.06979404389858246,0.12594458438287154
C1CC2=C(CC1NC3=NC=CC=N3)C(=NO2)C(=O)NCC4=CC=CO4,O=C(NCc1ccco1)c1noc2c1CC(Nc1ncccn1)CC2,3.1203917291334236,12,16,0.10786691308021545,0.2163688689470291,-0.3979477882385254,0.010553276166319847,-0.07371200621128082,0.1492341160774231,-0.09874477982521057,-0.03062494844198227,0.2
CC=CC1=CC(=C(C=C1)OCC(=O)NC2=CN=CC3=NN=CN23)OC,CC=Cc1ccc(OCC(=O)Nc2cncc3nncn23)c(OC)c1,2.68579354386895,12,17,-0.22575771808624268,0.07722426950931549,0.07463374733924866,-0.10744162648916245,-0.07389970123767853,-0.13166825473308563,-0.09320017695426941,0.013303112238645554,0.3442028985507246
COC(=O)C1=C(C=C2C=NNC2=C1)NC(=O)CCC3(N=N3)CCC#C,C#CCCC1(CCC(=O)Nc2cc3cn[nH]c3cc2C(=O)OC)N=N1,3.2030118955173013,11,17,-0.0726616159081459,-0.010785184800624847,0.00949904602020979,-0.07538875937461853,-0.07394775468856096,-0.06315109133720398,-0.06199374794960022,-0.03179703652858734,0.16459627329192547
C[C@H]1CN(C2=C(O1)N=CC=C2)C(=O)C3=C(OC(=N3)C4=CN(N=C4)C)C,Cc1oc(-c2cnn(C)c2)nc1C(=O)N1C[C@H](C)Oc2ncccc21,3.3730115118630657,10,17,-0.10644462704658508,-0.3350539207458496,0.3672003149986267,-0.06360983848571777,-0.07429823279380798,-0.20808541774749756,0.09064368158578873,-0.052007246762514114,0.20642201834862386
CC1=CC=CC2=NC(=C(N12)N=NC3=C(C=CC(=C3)[N+](=O)[O-])O)C(C)C,Cc1cccc2nc(C(C)C)c(N=Nc3cc([N+](=O)[O-])ccc3O)n12,3.0282398649391853,10,16,-0.10022075474262238,-0.04701777547597885,0.0729374885559082,-0.059751782566308975,-0.07430104166269302,-0.07224658131599426,-0.02877332642674446,-0.046864163130521774,0.2125
C1=CC=C(C=C1)NCCCNC2=C(C=C3C(=C2)N=CNC3=O)[N+](=O)[O-],O=c1[nH]cnc2cc(NCCCNc3ccccc3)c([N+](=O)[O-])cc12,2.41041854386895,12,15,0.22893205285072327,-0.09314100444316864,-0.21026301383972168,0.02590538188815117,-0.07447196543216705,0.0694705918431282,0.08716276288032532,-0.13216103613376617,0.29838709677419356
C1CN(CC(CN1C2=NC=C(C=C2)C(=O)O)O)C3=C(C=CC=N3)C#N,N#Cc1cccnc1N1CCN(c2ccc(C(=O)O)cn2)CC(O)C1,2.8617159538999015,13,17,-0.1279849261045456,-0.08614218980073929,0.13935059309005737,-0.060399625450372696,-0.07477652281522751,-0.10629237443208694,-0.03415723145008087,-0.015969406813383102,0.17434210526315788
CC1=CC=CC=C1CN2C=C(C=N2)NC(=O)C3=NN(C=C3)CC(=O)O,Cc1ccccc1Cn1cc(NC(=O)c2ccn(CC(=O)O)n2)cn1,2.2668280509112044,13,17,0.08729413896799088,-0.22889292240142822,0.0668085366487503,-0.002256978303194046,-0.07479024678468704,-0.056275948882102966,0.11162322759628296,-0.10266517102718353,0.1411764705882353
CCN1C=C(C=N1)N2C=CC(=O)C(=N2)CC3=CC(=CC=C3)NC(=O)O,CCn1cc(-n2ccc(=O)c(Cc3cccc(NC(=O)O)c3)n2)cn1,2.5918206836305977,13,17,0.11691543459892273,-0.21770396828651428,0.025939233601093292,0.027048982679843903,-0.07484930008649826,-0.01209339965134859,0.11229030787944794,-0.10570678114891052,0.15517241379310345
C1CCN(C(C1)C2=NC=NN2)C(=O)C3=CC=C(NC3=O)C4=CC=CO4,O=C(c1ccc(-c2ccco2)[nH]c1=O)N1CCCCC1c1ncn[nH]1,3.1859566253257166,13,17,-0.2912421226501465,0.11945997178554535,0.09678493440151215,-0.04614049941301346,-0.07499721646308899,-0.053567782044410706,-0.13461145758628845,0.06421059370040894,0.232620320855615
C1CC1N(C2CC(=O)NC2=O)C(=O)CN3C=C(N=N3)C4=CC=CC=C4,O=C1CC(N(C(=O)Cn2cc(-c3ccccc3)nn2)C2CC2)C(=O)N1,3.065997427356022,10,14,-0.028654150664806366,0.14247067272663116,-0.18964438140392303,0.04094309359788895,-0.07582785934209824,0.0636633038520813,-0.023059282451868057,0.00010398216545581818,0.17027863777089783
CC1=C(C=CC(=C1)OC)NC(=O)C(=O)NCC2=NN=C3N2C=CC=C3,COc1ccc(NC(=O)C(=O)NCc2nnc3ccccn23)c(C)c1,2.1791389934897527,12,17,0.08616110682487488,-0.29411229491233826,0.1315576136112213,-0.07811390608549118,-0.07639357447624207,-0.1326998919248581,0.11084064841270447,-0.1462130844593048,0.2739273927392739
COC1=CC(=C(C=C1)OC)NC2=C(C(=NC=N2)OC3=CN=CC=C3)N,COc1ccc(OC)c(Nc2ncnc(Oc3cccnc3)c2N)c1,2.257389697715105,12,17,-0.0890268087387085,0.025261837989091873,-0.012855328619480133,-0.059879545122385025,-0.07662029936909676,-0.058431364595890045,-0.04741932824254036,-0.02464013174176216,0.22939068100358423
CC1=NN2C=CC=NC2=C1C(=O)N3CCN(CC3)C(=O)C4=CC=CO4,Cc1nn2cccnc2c1C(=O)N1CCN(C(=O)c2ccco2)CC1,2.401407005407412,9,15,-0.08261726796627045,-0.2397160679101944,0.245054692029953,-0.023734409362077713,-0.07727864384651184,-0.13725319504737854,0.08432997018098831,-0.055361270904541016,0.16167664670658682
[2H]C[C@@H]1C(C[C@@H](O1)N2C3=NC=NC(=C3C=N2)NC(=O)C4=CC=CC=C4)O,[2H]C[C@H]1O[C@@H](n2ncc3c(NC(=O)c4ccccc4)ncnc32)CC1O,3.9105937851485324,13,15,0.2997923493385315,-0.25121641159057617,-0.12639449536800385,0.04769522696733475,-0.07781855762004852,0.04278837889432907,0.23147457838058472,-0.22500774264335632,0.23306233062330622
CN1C=NN=C1C2CN(CCO2)C(=O)C3=CC(=NC=C3)C4=CC=CO4,Cn1cnnc1C1CN(C(=O)c2ccnc(-c3ccco3)c2)CCO1,3.2004059403942087,12,17,-0.21076014637947083,-0.029417796060442924,0.16186943650245667,-0.13852545619010925,-0.07830850593745708,-0.15608450770378113,-0.087668776512146,-0.05144611746072769,0.18229166666666666
CCC(=O)N1C[C@H]2CC1[C@@H]3N2C(=O)N(C3=O)C4=CN=C(C(=C4)C)C#N,CCC(=O)N1C[C@H]2CC1[C@H]1C(=O)N(c3cnc(C#N)c(C)c3)C(=O)N21,4.6400205868914135,10,17,-0.029257481917738914,0.0237725917249918,-0.0730505883693695,0.011594438925385475,-0.07853547856211662,0.03237677365541458,-0.028210487216711044,-0.02857331559062004,0.15406976744186046
CC(C1=CC(=CC=C1)N2C=CC=C2)NC(=O)C3=NN(C=C3[N+](=O)[O-])C,CC(NC(=O)c1nn(C)cc1[N+](=O)[O-])c1cccc(-n2cccc2)c1,2.9027817796234725,11,15,0.08895203471183777,-0.2643554210662842,0.09680632501840591,-0.0361676961183548,-0.0785970613360405,-0.0699247419834137,0.11316493153572083,-0.1526317596435547,0.13896457765667575
CC(C)OC1=NC(=NC2=NC=C(N=C21)C3=CC=C(C=C3)C(=O)OC)N,COC(=O)c1ccc(-c2cnc3nc(N)nc(OC(C)C)c3n2)cc1,2.4115954120008194,7,14,0.07215860486030579,0.09306742250919342,-0.24456679821014404,-0.02591516636312008,-0.07934077084064484,0.07471305876970291,-0.058808207511901855,-0.0739658996462822,0.35789473684210527
CCOC(=O)C1=C(N=CN1)C(=O)NCC2=CC(=CC=C2)N3C=CC=N3,CCOC(=O)c1[nH]cnc1C(=O)NCc1cccc(-n2cccn2)c1,2.4041223900227955,13,17,-0.172951802611351,0.07712559401988983,0.01638375222682953,-0.005302736535668373,-0.07944245636463165,-0.02102160081267357,-0.09940005838871002,0.06852763146162033,0.15606936416184972
CCC1=NC2=C(O1)C=CC(=C2)NC(=O)C3CC(=O)N(C3)C4=CNN=C4,CCc1nc2cc(NC(=O)C3CC(=O)N(c4cn[nH]c4)C3)ccc2o1,3.0811889224806173,12,17,0.11351849138736725,0.0012784730643033981,-0.19440957903862,0.0032475925981998444,-0.07961261458694935,0.03965384140610695,0.0017043277621269226,-0.04549763351678848,0.17417417417417416
CN1C2=C(C=CC=N2)N=C(C1=O)N3CCN(CC3)C(=O)C4=CC=CO4,Cn1c(=O)c(N2CCN(C(=O)c3ccco3)CC2)nc2cccnc21,2.3271973900227962,9,15,-0.1940152496099472,-0.14769016206264496,0.26172006130218506,-0.03218541294336319,-0.0799853503704071,-0.12058515101671219,-0.0009649759158492088,-0.03696419671177864,0.23098591549295774
C1=CC=C(C=C1)OCC(CN2N=C(N=N2)C3=CC=C(C=C3)C(=O)N)O,NC(=O)c1ccc(-c2nnn(CC(O)COc3ccccc3)n2)cc1,2.568825460942156,10,13,-0.2664056420326233,0.09807366132736206,0.08804096281528473,-0.07967368513345718,-0.0802910178899765,-0.11059708148241043,-0.1383645236492157,0.07234583050012589,0.2903225806451613
C1COCCN1C2=CC=C(C=C2)NC3=C(N4C=CC=CC4=N3)[N+](=O)[O-],O=[N+]([O-])c1c(Nc2ccc(N3CCOCC3)cc2)nc2ccccn12,2.37285186842111,9,13,-0.012750716879963875,-0.15779677033424377,0.08990657329559326,-0.044741980731487274,-0.08064091391861439,-0.07657498121261597,0.02814546227455139,-0.07707851380109787,0.2032258064516129
CCC1CC(=O)NC1COC2=NC=CC3=C2N4C(=NC=N4)C(=C3)C=O,CCC1CC(=O)NC1COc1nccc2cc(C=O)c3ncnn3c12,4.089213358096176,12,17,-0.04619419574737549,0.2113412618637085,-0.24609193205833435,0.007157024461776018,-0.08094486594200134,0.06412535160779953,-0.08481156826019287,0.0176104549318552,0.26605504587155965
CC1=CC(=NN1CC2=CC(=CC=C2)C3=NOC(=N3)[C@H]4COC(=O)N4)C,Cc1cc(C)n(Cc2cccc(-c3noc([C@H]4COC(=O)N4)n3)c2)n1,3.0835754609421553,11,17,-0.1717240959405899,-0.02272859588265419,0.11315126717090607,-0.10023343563079834,-0.08130142465233803,-0.12259311228990555,-0.057640910148620605,-0.03656543046236038,0.19843342036553524
CN1C(=CC=N1)CN(C)C(=O)C2=CC(=NN2)C3=CC4=C(C=C3)OCO4,CN(Cc1ccnn1C)C(=O)c1cc(-c2ccc3c(c2)OCO3)n[nH]1,2.610522390022796,11,17,-0.05993259698152542,-0.1335287094116211,0.11215014010667801,-0.1173488199710846,-0.0813111662864685,-0.12674519419670105,-0.06190922111272812,-0.051093168556690216,0.24025974025974026
CC1=CC=CN2C1=NC(=C2)C(=O)N3CC4=C(C[C@@H]3C(=O)OC)N=CN4,COC(=O)[C@H]1Cc2nc[nH]c2CN1C(=O)c1cn2cccc(C)c2n1,3.3247274381902594,11,17,-0.004393579438328743,-0.1418270766735077,0.0643123984336853,-0.05193357169628143,-0.08190825767815113,-0.0516464002430439,-0.0015026777982711792,-0.08170922100543976,0.19005847953216373
C1CN(C[C@H](CN1C2=NC=C(C=C2)C(=O)O)O)C3=C(C=CC=N3)C#N,N#Cc1cccnc1N1CCN(c2ccc(C(=O)O)cn2)C[C@H](O)C1,2.8617159538999015,13,17,-0.13672836124897003,-0.051559142768383026,0.10627254843711853,-0.06324516981840134,-0.08201495558023453,-0.09696527570486069,-0.05118797719478607,-0.011869994923472404,0.17434210526315788
COC1=CC=C(C=C1)OCC2=CN(N=N2)CC(=O)NC3=CN=CC=C3,COc1ccc(OCc2cn(CC(=O)Nc3cccnc3)nn2)cc1,2.0764758937108887,11,15,-0.14428113400936127,0.06346140056848526,-0.0012142211198806763,-0.029598550871014595,-0.08203395456075668,-0.06705498695373535,-0.05252857133746147,0.03236633539199829,0.22653721682847897
CCC1=NC(=NO1)CN2C(=O)[C@@H](NC2=O)CC3=CNC4=CC=CC=C43,CCc1nc(CN2C(=O)N[C@@H](Cc3c[nH]c4ccccc34)C2=O)no1,3.002644691711386,12,17,-0.057897161692380905,0.17542466521263123,-0.19958698749542236,0.016669023782014847,-0.08205948397517204,0.055004920810461044,-0.12101468443870544,0.08283213526010513,0.1510989010989011
CC(C(=O)NC1=CN(N=C1)CC2=CC=CC=C2)N3C=CC(=N3)C(=O)O,CC(C(=O)Nc1cnn(Cc2ccccc2)c1)n1ccc(C(=O)O)n1,2.6618964522747657,12,15,0.011251448653638363,-0.08866763114929199,-0.004689455032348633,0.022680139169096947,-0.08210563752800226,-0.037839218974113464,0.03956889733672142,0.0013461150228977203,0.1569767441860465
CC1=CC=NC2=NC(=NN12)C(=O)O[C@H](C)C(=O)N(C)C3=CC=CC=C3,Cc1ccnc2nc(C(=O)O[C@H](C)C(=O)N(C)c3ccccc3)nn12,2.9040160653377587,9,15,0.035142648965120316,-0.2308219075202942,0.11324650049209595,-0.00414184108376503,-0.08243275806307793,-0.07769453525543213,0.08905409276485443,-0.07152929157018661,0.22054380664652568
COC(=O)C1=CC=C(C=C1)C2=NOC(=N2)CN3CCC4=C(C3)C=NN4,COC(=O)c1ccc(-c2noc(CN3CCc4[nH]ncc4C3)n2)cc1,2.439233744079699,9,15,-0.09155679494142532,0.22242045402526855,-0.2136705219745636,-0.05614711344242096,-0.08280686289072037,0.07558631896972656,-0.19662564992904663,8.417200297117233e-05,0.20113314447592068
CC(=O)C1=CNC(=C1)C(=O)NCC2=NC(=NN2)C3=CC=C(C=C3)OC,COc1ccc(-c2n[nH]c(CNC(=O)c3cc(C(C)=O)c[nH]3)n2)cc1,2.384768029242732,10,15,-0.12653279304504395,-0.15397974848747253,0.19765666127204895,-0.09058205038309097,-0.08285588026046753,-0.1503095030784607,-0.030872292816638947,-0.030514156445860863,0.31
CN(CCC1=CC=CC=N1)C2=NC=NC3=CC(=C(C=C32)[N+](=O)[O-])OC,COc1cc2ncnc(N(C)CCc3ccccn3)c2cc1[N+](=O)[O-],2.484023500532004,11,17,-0.19536642730236053,0.011948591098189354,0.10037374496459961,-0.022178243845701218,-0.08304409123957157,-0.06510638445615768,-0.13278858363628387,0.1042168065905571,0.2733333333333333
C1C[C@@H](CN(C1)C(=O)C2=NOC(=C2)C3CC3)OC4=NC=CN=C4C#N,N#Cc1nccnc1O[C@H]1CCCN(C(=O)c2cc(C3CC3)on2)C1,3.3015427686344623,10,16,-0.054181963205337524,-0.0005857432261109352,-0.028314126655459404,-0.012741979211568832,-0.08308183308690786,-0.023407336324453354,-0.04173992574214935,0.006874977611005306,0.1396508728179551
CC1=CN(N=C1)C2CN(C2)CC3=NC(=NO3)C4=CC5=C(C=C4)OCO5,Cc1cnn(C2CN(Cc3nc(-c4ccc5c(c4)OCO5)no3)C2)c1,2.5910862203705314,10,16,-0.22373642027378082,0.09251990169286728,0.04811694100499153,-0.10472037643194199,-0.08309957757592201,-0.11615689098834991,-0.12614494562149048,0.03685268014669418,0.26176470588235295
C1COCCN1C2=NC=C(C=C2)CNC3=C(C=C(C=C3)C#N)[N+](=O)[O-],N#Cc1ccc(NCc2ccc(N3CCOCC3)nc2)c([N+](=O)[O-])c1,2.2961820054074114,10,15,-0.07390478253364563,-0.15361696481704712,0.14421486854553223,-0.1100585013628006,-0.08330687880516052,-0.14644484221935272,-0.007343987934291363,-0.07732002437114716,0.16774193548387098
CC1=C(C=CC(=C1)NC(=O)CC2=NOC=C2)NC(=O)CN3C=CC=N3,Cc1cc(NC(=O)Cc2ccon2)ccc1NC(=O)Cn1cccn1,2.374164697715104,13,17,0.0689188688993454,-0.24118365347385406,0.08880962431430817,-0.01377301849424839,-0.0834551602602005,-0.09469057619571686,0.13197822868824005,-0.10083578526973724,0.14285714285714285
COC1=CC(=C(C=C1)OC)NC(=O)NC2=NNC(=N2)C3=CC=CC=C3,COc1ccc(OC)c(NC(=O)Nc2n[nH]c(-c3ccccc3)n2)c1,2.04423777463818,11,15,-0.02486439049243927,-0.033565085381269455,-0.025096729397773743,-0.029820632189512253,-0.08352620527148247,-0.01756027340888977,-0.006811442784965038,-0.06970921158790588,0.4
C1[C@H](N(C(=O)O1)CC2=CC(=CC=C2)C#N)C(=O)NCCN3C=CC=N3,N#Cc1cccc(CN2C(=O)OC[C@H]2C(=O)NCCn2cccn2)c1,3.004317768634462,13,17,-0.21149802207946777,0.03946886956691742,0.08792296051979065,-0.1016950011253357,-0.0841061919927597,-0.1331314742565155,-0.10087724030017853,0.01595492847263813,0.13544668587896252
C[C@H](CN1C=C(C=CC1=O)C2=CN=C3C(=N2)C(=CN3)/C=C/C(=O)N)O,C[C@@H](O)Cn1cc(-c2cnc3[nH]cc(/C=C/C(N)=O)c3n2)ccc1=O,3.5021402411619356,13,17,-0.18283991515636444,0.16458775103092194,-0.06627660244703293,-0.02696175128221512,-0.08452876657247543,-0.02111029624938965,-0.09155766665935516,0.03477354347705841,0.32894736842105265
CN1C(=NN(C1=O)CCNC(=O)/C=C/C2=CC=CO2)C3=CC=CC=N3,Cn1c(-c2ccccn2)nn(CCNC(=O)/C=C/c2ccco2)c1=O,2.6033762361766417,13,17,-0.16383038461208344,0.09510304778814316,-0.016004115343093872,-0.057451583445072174,-0.08473145216703415,-0.072194904088974,-0.0812470018863678,0.021069832146167755,0.24929178470254956
CCOC(=O)NC1=NC(=C2C(=C1)N=C(C(=N2)C3=CC=C(C=C3)O)C)N,CCOC(=O)Nc1cc2nc(C)c(-c3ccc(O)cc3)nc2c(N)n1,2.5030334339788407,9,15,-0.06961073726415634,-0.03716091439127922,0.021925117820501328,-0.01793203316628933,-0.08484653383493423,-0.09402056038379669,0.02507614530622959,0.012476257979869843,0.3205574912891986
CC1=CC=CN2C1=NC=C2CC(=O)N3CC4=C(C[C@H]3C(=O)O)N=CN4,Cc1cccn2c(CC(=O)N3Cc4[nH]cnc4C[C@H]3C(=O)O)cnc12,3.409764274593293,12,17,0.03089340776205063,-0.10196659713983536,-0.013964217156171799,-0.021794956177473068,-0.08503740653395653,-0.017608877271413803,0.014384761452674866,-0.07861487567424774,0.19571865443425077
CN1C(=CC2=CC(=CN=C21)C(=O)O)C(=O)NCCC3(N=N3)CCC#C,C#CCCC1(CCNC(=O)c2cc3cc(C(=O)O)cnc3n2C)N=N1,3.2891234769793174,11,17,-0.08328995853662491,-0.1690833419561386,0.16729532182216644,-0.07038913667201996,-0.08507797867059708,-0.15033964812755585,0.028494590893387794,-0.043565694242715836,0.1863905325443787
CN1C(=C(C=N1)C(=O)N(C)CC2=CC=CC=C2[N+](=O)[O-])N3C=CC=C3,CN(Cc1ccccc1[N+](=O)[O-])C(=O)c1cnn(C)c1-n1cccc1,2.504505082330489,10,15,0.09925436228513718,-0.3461456298828125,0.16150617599487305,-0.02157285436987877,-0.08538509160280228,-0.10841892659664154,0.1729528158903122,-0.15946272015571594,0.11559139784946236
C1CC1N([C@H]2CC(=O)NC2=O)C(=O)CN3C=C(N=N3)C4=CC=CC=C4,O=C1C[C@H](N(C(=O)Cn2cc(-c3ccccc3)nn2)C2CC2)C(=O)N1,3.065997427356022,10,14,-0.03160012140870094,0.1400027573108673,-0.19380399584770203,0.035609520971775055,-0.08540135994553566,0.060063667595386505,-0.02744540572166443,-0.004382319748401642,0.17027863777089783
CC1=CC(=CC=C1)N2N=C(C(=NC3=CC(=C(C=C3)C)C)N2O)[N+](=O)[O-],Cc1cccc(-n2nc([N+](=O)[O-])c(=Nc3ccc(C)c(C)c3)n2O)c1,2.8200218047385146,11,17,-0.005619749426841736,-0.27197569608688354,0.19186852872371674,-0.07901602983474731,-0.08572691679000854,-0.12201832234859467,0.06774507462978363,-0.14263279736042023,0.08333333333333333
CNC1=NC2=C(C=C(C=C2)[N+](=O)[O-])C(=N1)NCC3=CC=C(C=C3)OC,CNc1nc(NCc2ccc(OC)cc2)c2cc([N+](=O)[O-])ccc2n1,2.145202265429079,10,15,0.00960923545062542,-0.006352046504616737,-0.08913539350032806,-0.028983354568481445,-0.08587820455431938,0.004519926384091377,-0.06635019183158875,-0.015397027134895325,0.30303030303030304
CC1=NC2=C(N1C(=O)C3=CC(=NC=C3)CNC(=O)OC)C=C(C=C2)N,COC(=O)NCc1cc(C(=O)n2c(C)nc3ccc(N)cc32)ccn1,2.565066181231588,11,17,-0.1087893694639206,-0.12459123879671097,0.14749394357204437,-0.05862264335155487,-0.08588666468858719,-0.12520822882652283,0.015938732773065567,-0.037227556109428406,0.14454277286135694
CC1=CC=C(O1)C2=NC(=CC3=NC(=NN32)C4COC4)NC(=O)C5CC5,Cc1ccc(-c2nc(NC(=O)C3CC3)cc3nc(C4COC4)nn23)o1,2.9727010736630994,9,15,0.06779683381319046,-0.14743351936340332,-0.006612718105316162,-0.008799241855740547,-0.08624940365552902,-0.04020944610238075,0.07341531664133072,-0.09110134094953537,0.3342857142857143
C1=CC=C2C(=C1)N=CN2CCCNC(=O)NC3=CC=C(C=C3)[N+](=O)[O-],O=C(NCCCn1cnc2ccccc21)Nc1ccc([N+](=O)[O-])cc1,2.02818008233049,12,15,-0.017684228718280792,-0.08212773501873016,0.01344384253025055,-0.010184226557612419,-0.0863681212067604,-0.03308511897921562,0.021192500367760658,-0.054513514041900635,0.1864406779661017
CCC1=C2[C@H](C(=C(OC2=NN1)N)C#N)C3=CC(=CC=C3)OCC(=O)N,CCc1[nH]nc2c1[C@@H](c1cccc(OCC(N)=O)c1)C(C#N)=C(N)O2,3.162134087315782,11,17,0.03354131430387497,-0.17500802874565125,0.05485234782099724,-0.08151085674762726,-0.08661436662077904,-0.12110540270805359,0.04527456685900688,-0.09147606790065765,0.2180232558139535
COC(=O)C1=CC=CC=C1NC2=NC=NC(=C2N)NCC3=CC=CO3,COC(=O)c1ccccc1Nc1ncnc(NCc2ccco2)c1N,2.2588070054074123,13,17,0.13039948046207428,-2.4796463549137115e-05,-0.21711555123329163,0.004221527837216854,-0.08674086723476648,0.06391498446464539,0.045823659747838974,-0.11636084318161011,0.18654434250764526
C1=CC=C2C(=C1)N=C(C3=NC(=NN23)C4=CC=CO4)N(CCO)CCO,OCCN(CCO)c1nc2ccccc2n2nc(-c3ccco3)nc12,2.714347337335756,10,15,0.04014291986823082,-0.13088640570640564,0.003847743384540081,-0.026682376861572266,-0.08689574245363474,-0.030996235087513924,0.0714363157749176,-0.13074401021003723,0.3022508038585209
C1CN(CCC1C2=CC(=O)N3C(=N2)C(=CN3)C4=CC=CC=N4)C(=O)O,O=C(O)N1CCC(c2cc(=O)n3[nH]cc(-c4ccccn4)c3n2)CC1,2.7113300823304876,11,15,-0.1683521270751953,0.07884269952774048,0.0025733765214681625,-0.05786574259400368,-0.08693605102598667,-0.053588688373565674,-0.14418603479862213,0.06847482919692993,0.29878048780487804
C1CN(C[C@@H](CN1C2=NC=C(C=C2)C(=O)O)O)C3=C(C=CC=N3)C#N,N#Cc1cccnc1N1CCN(c2ccc(C(=O)O)cn2)C[C@@H](O)C1,2.8617159538999015,13,17,-0.1355951726436615,-0.0564132034778595,0.10489331185817719,-0.06484069675207138,-0.08711506426334381,-0.09899083524942398,-0.05149796977639198,-0.014581926167011261,0.17434210526315788
C[C@H](C1=NC=NC=C1)N(C)CC2=NC(=NO2)C3=CC4=C(C=C3)OCO4,C[C@H](c1ccncn1)N(C)Cc1nc(-c2ccc3c(c2)OCO3)no1,3.036736814999056,11,17,-0.18721109628677368,0.06217299401760101,0.03784641623497009,-0.0438942089676857,-0.08719168603420258,-0.0601937472820282,-0.12146607041358948,0.07074165344238281,0.2973856209150327
CCOC1=CC=C(C=C1)OCC(=O)NC2=CC(=NC=N2)N3C=CN=C3,CCOc1ccc(OCC(=O)Nc2cc(-n3ccnc3)ncn2)cc1,2.22386535630309,11,15,-0.1546364277601242,-0.025983432307839394,0.093025803565979,-0.018295038491487503,-0.0875940565019846,-0.12307479232549667,-0.0016162041574716568,0.06490568816661835,0.3382352941176471
CCC1=NC(=NO1)CN2C(=O)C(NC2=O)CC3=CNC4=CC=CC=C43,CCc1nc(CN2C(=O)NC(Cc3c[nH]c4ccccc34)C2=O)no1,3.002644691711386,12,17,-0.0971088856458664,0.21205353736877441,-0.20255304872989655,0.010615474544465542,-0.08760839700698853,0.05335412919521332,-0.14473256468772888,0.09924576431512833,0.1510989010989011
COC(=O)[C@H]1CN(C[C@@H]1C2=CC=C(C=C2)O)C3=NC=CN4C3=NN=C4,COC(=O)[C@H]1CN(c2nccn3cnnc23)C[C@@H]1c1ccc(O)cc1,3.4436614350192514,11,15,0.0873035341501236,-0.21125644445419312,0.03628571331501007,-0.041868891566991806,-0.08766719698905945,-0.030482595786452293,0.04486978054046631,-0.13638421893119812,0.23795180722891565
C1=CC=C(C=C1)C2=NNC(=C2)C(=O)NCCCNC(=O)C3=NC=CO3,O=C(NCCCNC(=O)c1ncco1)c1cc(-c2ccccc2)n[nH]1,2.4153045554600983,12,15,0.039195071905851364,-0.08284640312194824,-0.04407433047890663,0.012155956588685513,-0.08772566169500351,-0.02787325344979763,0.04497573524713516,-0.03200038522481918,0.18541033434650456
CN1C(=C2C=CC=C(C2=C1O)N(C)C(=O)N=NC3=CC=C(C=C3)N)O,CN(C(=O)N=Nc1ccc(N)cc1)c1cccc2c(O)n(C)c(O)c12,3.2048505672803227,10,15,-0.18223057687282562,-0.06400246173143387,0.15826967358589172,-0.03710603713989258,-0.08796336501836777,-0.13023996353149414,-0.029681028798222542,0.04529198259115219,0.17123287671232876
C1=CC=C2C(=C1)NC(=N2)CNC(=O)CCNC3=CC=CC=C3[N+](=O)[O-],O=C(CCNc1ccccc1[N+](=O)[O-])NCc1nc2ccccc2[nH]1,2.1249108515612587,14,17,0.09138200432062149,-0.21931907534599304,0.039930664002895355,-0.035858139395713806,-0.0880064070224762,-0.07572329044342041,0.08805567026138306,-0.11488570272922516,0.2049469964664311
C1=CC(=C(C=C1N)N)OC2=C(NC=CC2=O)OC3=C(C=C(C=C3)N)N,Nc1ccc(Oc2[nH]ccc(=O)c2Oc2ccc(N)cc2N)c(N)c1,2.875558269143676,13,17,0.10013370960950851,-0.16595560312271118,-0.02232966385781765,-0.06649094820022583,-0.08815155737102032,-0.04330668970942497,0.03697754815220833,-0.14506839215755463,0.17829457364341086
C[C@@H](COC1=NN2C(=NC=C2C3=CC4=C(O3)C=CN=C4OC)C=C1)N,COc1nccc2oc(-c3cnc4ccc(OC[C@H](C)N)nn34)cc12,3.4084350763267715,11,17,-0.02250608429312706,-0.24302281439304352,0.1772390604019165,-0.06870249658823013,-0.08828983828425407,-0.15609514713287354,0.07052778452634811,-0.07020217180252075,0.30745341614906835
CC(C(=O)NC1=CC=CC(=C1)CN2C=CC=N2)N3C=C(C=N3)C(=O)O,CC(C(=O)Nc1cccc(Cn2cccn2)c1)n1cc(C(=O)O)cn1,2.7199820427406376,14,17,0.024830885231494904,-0.12106607854366302,0.007661020383238792,0.01623515971004963,-0.08857417292892933,-0.03425566107034683,0.06800618022680283,-0.05395270884037018,0.14583333333333334
C1CCN([C@@H](C1)CC(=O)N)C2=NC3=C(C=C(C=C3)[N+](=O)[O-])C(=C2)C#N,N#Cc1cc(N2CCCC[C@H]2CC(N)=O)nc2ccc([N+](=O)[O-])cc12,3.059698263139958,11,17,-0.2012062519788742,0.035683490335941315,0.07687129080295563,-0.037667445838451385,-0.08865147083997726,-0.07206788659095764,-0.09453980624675751,0.03855438902974129,0.2079207920792079
CN(C)C1=NC2=C(N1)C=C(C=C2)NC(=O)CC3=CC(=CC=C3)[N+](=O)[O-],CN(C)c1nc2ccc(NC(=O)Cc3cccc([N+](=O)[O-])c3)cc2[nH]1,2.29420376364917,11,16,-0.1373281627893448,-0.1523808240890503,0.20070168375968933,-0.04667693376541138,-0.08900730311870575,-0.1576526165008545,0.009303661994636059,0.019177015870809555,0.2591240875912409
COC1=CC(=CC2=C1OCO2)C3=NC=CN3CC4=NN=C5N4CCC5,COc1cc(-c2nccn2Cc2nnc3n2CCC3)cc2c1OCO2,2.7553487413741475,10,17,0.023308545351028442,-0.017194563522934914,-0.09550278633832932,-0.05709628015756607,-0.08938880451023579,-0.012234637513756752,-0.013188601471483707,-0.10249343514442444,0.2838709677419355
CN1C2=C(C=C(C=C2)NC(=O)C(=O)NCC3=NOC=C3)N=C1C4CC4,Cn1c(C2CC2)nc2cc(NC(=O)C(=O)NCc3ccon3)ccc21,2.59069934018531,11,16,0.03705950081348419,-0.14967186748981476,0.02315961942076683,0.0018894076347351074,-0.08945274725556374,-0.07879859954118729,0.09246112406253815,-0.04433359578251839,0.17663817663817663
CN1CCN(C1=O)C2=CC=C(C=C2)N3C=C(C(=C3C(=O)OC)N)C#N,COC(=O)c1c(N)c(C#N)cn1-c1ccc(N2CCN(C)C2=O)cc1,2.7373923733003878,8,15,-0.0724223405122757,-0.3523940443992615,0.3353259861469269,-0.05971847474575043,-0.08949039876461029,-0.1694275438785553,0.07188886404037476,-0.08821998536586761,0.13881748071979436
CC1=NC2=C(N1C(=O)C3=CC(=NC=C3)CNC(=O)OC)C=CC(=C2)N,COC(=O)NCc1cc(C(=O)n2c(C)nc3cc(N)ccc32)ccn1,2.547159148264555,11,17,-0.0662611722946167,-0.14799261093139648,0.12430603802204132,-0.05909968167543411,-0.08994774520397186,-0.11534225940704346,0.031538382172584534,-0.0652647465467453,0.14454277286135694
COC(=O)[C@H](CC1=CNC2=CC=CC=C21)N3CC4=CN=NN4CC3=O,COC(=O)[C@H](Cc1c[nH]c2ccccc12)N1Cc2cnnn2CC1=O,3.417983153249847,12,17,-0.31818318367004395,0.16045427322387695,0.06751497089862823,-0.05778975784778595,-0.09021393954753876,-0.06764388084411621,-0.2061517834663391,0.11848974227905273,0.14921465968586387
C1CC1N2C(=O)C3CN(CC(N3C2=O)(C#N)C4=CC=CC=C4)C(=O)N,N#CC1(c2ccccc2)CN(C(N)=O)CC2C(=O)N(C3CC3)C(=O)N21,3.8294840102700887,9,14,-0.0693969652056694,-0.011468145996332169,-0.00968889333307743,0.05646129697561264,-0.090554004535079,0.02661711536347866,0.012237153947353363,-0.009093089029192924,0.12101910828025478
CCC1=C2[C@@H](C(=C(OC2=NN1)N)C#N)C3=CC(=CC=C3)OCC(=O)N,CCc1[nH]nc2c1[C@H](c1cccc(OCC(N)=O)c1)C(C#N)=C(N)O2,3.162134087315782,11,17,0.030117936432361603,-0.17709556221961975,0.05608444660902023,-0.08350557833909988,-0.09089317917823792,-0.123660609126091,0.04378354921936989,-0.0930415540933609,0.2180232558139535
CCC1=NC(=NO1)CN2C(=O)[C@H](NC2=O)CC3=CNC4=CC=CC=C43,CCc1nc(CN2C(=O)N[C@H](Cc3c[nH]c4ccccc34)C2=O)no1,3.002644691711386,12,17,-0.06934008002281189,0.17881108820438385,-0.20056448876857758,0.012380581349134445,-0.09109348058700562,0.05092036351561546,-0.12779268622398376,0.08251835405826569,0.1510989010989011
CC1=NC(=NC=C1)OCC2CN(CC3=CN=CN23)C(=O)C4=COC=C4,Cc1ccnc(OCC2CN(C(=O)c3ccoc3)Cc3cncn32)n1,3.5177559930812494,12,17,-0.1693641096353531,-0.0005676895380020142,0.07877042144536972,-0.06603595614433289,-0.09116137772798538,-0.07512510567903519,-0.0507177896797657,-0.05016561597585678,0.1712707182320442
C1CC1CN2C(=O)C3=C(C2=O)C=C(C=C3)NC(=O)CCN4C=NC=N4,O=C(CCn1cncn1)Nc1ccc2c(c1)C(=O)N(CC1CC1)C2=O,2.3311600119079525,11,16,-0.30598559975624084,0.22277528047561646,-0.007987306453287601,-0.012536399997770786,-0.09119762573391199,-0.04428382217884064,-0.14756882190704346,0.12902694940567017,0.1696969696969697
CCNC(=O)NC1=C(C=C(C=C1)C2=CC(=CN=C2)C3=NN=CO3)OC,CCNC(=O)Nc1ccc(-c2cncc(-c3nnco3)c2)cc1OC,2.4107300823304882,12,17,0.00732315331697464,0.0723833292722702,-0.17096884548664093,0.008531097322702408,-0.09126236289739609,0.007959205657243729,-0.028166715055704117,0.017239803448319435,0.2757475083056478
CC1=NC2=C(N1)C=C(C=C2)CC(=O)N3CC4=C(C[C@@H]3C(=O)O)N=CN4,Cc1nc2ccc(CC(=O)N3Cc4[nH]cnc4C[C@@H]3C(=O)O)cc2[nH]1,3.2311059864026106,12,17,-0.19510656595230103,0.04712418094277382,0.055733032524585724,-0.05609505623579025,-0.09224935248494148,-0.09659699350595474,-0.09556339681148529,0.052924782037734985,0.17575757575757575
C[C@@H](CN1C=C(C=CC1=O)C2=CN=C3C(=N2)C(=CN3)/C=C/C(=O)N)O,C[C@H](O)Cn1cc(-c2cnc3[nH]cc(/C=C/C(N)=O)c3n2)ccc1=O,3.5021402411619356,13,17,-0.1832709014415741,0.15841788053512573,-0.0674084797501564,-0.029476739466190338,-0.09226150065660477,-0.024351734668016434,-0.09171456843614578,0.030587827786803246,0.32894736842105265
CO[C@@H]1CN(C[C@H]1C2=NNN=C2)C(=O)C3=CC(=NO3)C4=CC=CC=C4,CO[C@@H]1CN(C(=O)c2cc(-c3ccccc3)no2)C[C@H]1c1cn[nH]n1,3.5650351441867967,11,15,-0.12519031763076782,-0.07638407498598099,0.1091303750872612,-0.020364798605442047,-0.09244401752948761,-0.061539214104413986,-0.044542402029037476,-0.008189218118786812,0.15099009900990099
COC1=CC=C(C=C1)/C(=N\N=C(N)N)/C=C/C2=CC(=CC=C2)[N+](=O)[O-],COc1ccc(C(/C=C/c2cccc([N+](=O)[O-])c2)=N\N=C(N)N)cc1,2.4896184889238953,10,15,-0.05943017080426216,0.08928292989730835,-0.12271776795387268,-0.004009664058685303,-0.09286500886082649,0.0030562281608581543,-0.04340818524360657,0.005046632140874863,0.16723549488054607
C1CN(CC2=C1NN=C2)C(=O)C3=NN(C(C3)C(=O)O)C4=CC=CC=C4,O=C(O)C1CC(C(=O)N2CCc3[nH]ncc3C2)=NN1c1ccccc1,3.165777384019078,11,15,-0.20505231618881226,0.1519254744052887,-0.039852604269981384,-0.039943862706422806,-0.09297944605350494,-0.017607219517230988,-0.15746450424194336,0.06227782368659973,0.12652068126520682
CC1=CC=CC=C1CN2C=CC(=N2)NC(=O)C3=NN(C=C3C(=O)O)C,Cc1ccccc1Cn1ccc(NC(=O)c2nn(C)cc2C(=O)O)n1,2.3397378295832354,12,17,0.09888634085655212,-0.3818765878677368,0.18993371725082397,-0.0484500490128994,-0.09305652976036072,-0.15327133238315582,0.1366175264120102,-0.12843215465545654,0.1295774647887324
CC1=CC(=NN1CC2=CC(=CC=C2)C3=NOC(=N3)C4CC4[N+](=O)[O-])C,Cc1cc(C)n(Cc2cccc(-c3noc(C4CC4[N+](=O)[O-])n3)c2)n1,3.442776223751647,11,17,-0.03212067857384682,-0.05853404849767685,-0.00254722498357296,-0.0733896940946579,-0.09320195205509663,-0.07789034396409988,0.005023995414376259,-0.08884350955486298,0.1736842105263158
C1CN(CC(=C1)C2=CC(=CC=C2)O)C(=O)C3=C4C(=O)NCCN4N=N3,O=C1NCCn2nnc(C(=O)N3CCC=C(c4cccc(O)c4)C3)c21,3.0653473900227963,12,17,-0.06663919985294342,-0.00702743511646986,-0.019627701491117477,-0.052048321813344955,-0.09329433646053076,-0.019764702767133713,-0.07926715165376663,-0.042393218725919724,0.15053763440860216
COC(=O)C1=C(C(=CN1C2=CC=C(C=C2)N3CCNCC3=O)C#N)N,COC(=O)c1c(N)c(C#N)cn1-c1ccc(N2CCNCC2=O)cc1,2.7571420054074114,9,15,-0.08040758222341537,-0.17003102600574493,0.15705353021621704,-0.07542800903320312,-0.09338507801294327,-0.10178753733634949,-0.030593514442443848,-0.06983423233032227,0.15508021390374332
COC(=O)C1=NN2CCCN(CC2=C1)C(=O)C3=CN=C4N3C=CC=C4,COC(=O)c1cc2n(n1)CCCN(C(=O)c1cnc3ccccn13)C2,2.7080454669458724,11,17,0.05850537121295929,-0.19686812162399292,0.0449216365814209,-0.09562793374061584,-0.09344111382961273,-0.0666830986738205,0.015786804258823395,-0.16090330481529236,0.16442048517520216
CCCC1=CN(N=N1)C2=CC(=O)N(N=C2C(=O)OC)C3=CC=CC=C3,CCCc1cn(-c2cc(=O)n(-c3ccccc3)nc2C(=O)OC)nn1,2.5079344431105515,9,15,-0.15483592450618744,0.13069668412208557,-0.06936144828796387,0.014265792444348335,-0.09350068867206573,-0.010090853087604046,-0.06491129845380783,0.0466792955994606,0.13978494623655913
C1=CC=NC(=C1)CN2C(=O)C(=CNC2=O)C(=O)NCCN3C=CC=C3,O=C(NCCn1cccc1)c1c[nH]c(=O)n(Cc2ccccn2)c1=O,2.5598031592535637,12,15,0.2230914831161499,-0.1916320025920868,-0.12515056133270264,0.012938332743942738,-0.09369108080863953,0.030103133991360664,0.09484130889177322,-0.13798177242279053,0.2082018927444795
CC(C(=O)NC1=NNC2=C1CCNC2)N3C(=O)C4=CC=CC=C4C3=O,CC(C(=O)Nc1n[nH]c2c1CCNC2)N1C(=O)c2ccccc2C1=O,3.087677384019077,10,13,0.11202694475650787,0.0318891815841198,-0.23763367533683777,-0.017383359372615814,-0.0937175489962101,0.0636822059750557,-0.05173756927251816,-0.0713585764169693,0.15819209039548024
CN1C=C(C(=O)C=C1C(=O)NC2=CC=C(C=C2)CN3C=NC=N3)OC,COc1cn(C)c(C(=O)Nc2ccc(Cn3cncn3)cc2)cc1=O,2.3200713878559487,10,15,-0.33167940378189087,0.05337291210889816,0.18381072580814362,-0.03030126914381981,-0.09449576586484909,-0.13950027525424957,-0.08539867401123047,0.12051235139369965,0.2235294117647059
CN(CCNC(=O)C1=CC2=C(N1)C=CC=N2)C(=O)C3=CNC(=O)C=C3,CN(CCNC(=O)c1cc2ncccc2[nH]1)C(=O)c1ccc(=O)[nH]c1,2.519904540618679,13,17,0.12518176436424255,-0.15275323390960693,-0.06782154738903046,0.021375413984060287,-0.09539301693439484,-0.013270791620016098,0.08413117378950119,-0.0714939534664154,0.1875
CN1C=CC2=C1N=C(C=C2)C(=O)N3CCC4=C(C3)C(=NN4)C(=O)OC,COC(=O)c1n[nH]c2c1CN(C(=O)c1ccc3ccn(C)c3n1)CC2,2.7994837388852005,10,17,-0.21232914924621582,-0.01526261679828167,0.13207456469535828,-0.09655560553073883,-0.09551720134913921,-0.08800878375768661,-0.15231360495090485,0.004908411763608456,0.18181818181818182
C[C@@H](C(=O)NCC1=CN=C(C=C1)N2C=CC=N2)NC(=O)C3=COC=C3,C[C@H](NC(=O)c1ccoc1)C(=O)NCc1ccc(-n2cccn2)nc1,2.851975460942155,14,17,0.14260020852088928,-0.24303790926933289,0.0045134201645851135,-0.00713365338742733,-0.09592428058385849,-0.05582293123006821,0.14686022698879242,-0.14297276735305786,0.1270718232044199
CCCCNC(=O)C1=CC2=C(N1C3=NC=CC=N3)C=CC(=C2)[N+](=O)[O-],CCCCNC(=O)c1cc2cc([N+](=O)[O-])ccc2n1-c1ncccn1,2.4597478775634247,11,16,0.09580651670694351,0.0009691976010799408,-0.19271594285964966,-0.014616434462368488,-0.0959402285516262,0.014109092764556408,-0.006123499479144812,-0.03578738495707512,0.182370820668693
CC(C(=O)NC1=CN(N=C1)CC2=CC=CC=C2)N3C(=CC=N3)C(=O)O,CC(C(=O)Nc1cnn(Cc2ccccc2)c1)n1nccc1C(=O)O,2.691135238840314,12,15,-0.04023440554738045,-0.0748441144824028,0.019040662795305252,0.018019532784819603,-0.096037857234478,-0.05876900255680084,0.02166632190346718,0.024019483476877213,0.1590909090909091
COC1=CC=C(C=C1)C(CN2N=C(N=N2)C3=CC=C(C=C3)C(=O)N)O,COc1ccc(C(O)Cn2nnc(-c3ccc(C(N)=O)cc3)n2)cc1,2.6084268964784503,9,13,-0.178683340549469,0.09287972748279572,-0.010313238948583603,-0.05932195484638214,-0.09611685201525688,-0.0687454342842102,-0.11836263537406921,0.04888146370649338,0.2422145328719723
CC1=CC=CC=C1CN2C=C(C=N2)NC(=O)C3=CN(N=C3C(=O)O)C,Cc1ccccc1Cn1cc(NC(=O)c2cn(C)nc2C(=O)O)cn1,2.305723763649171,12,17,-0.020238831639289856,-0.2766582667827606,0.2000521570444107,-0.013755220919847488,-0.09684494137763977,-0.1293111890554428,0.09983028471469879,-0.06258086860179901,0.12903225806451613
C/C=C\C=C(\C(=O)NC1=CC2=C(C=C1)C(=NN2CC=O)C(=O)N)/N=C,C=N/C(=C\C=C/C)C(=O)Nc1ccc2c(C(N)=O)nn(CC=O)c2c1,3.416594379989352,12,17,0.08734837174415588,-0.05311910808086395,-0.13117624819278717,0.012629546225070953,-0.09694698452949524,0.02074495702981949,0.06364898383617401,-0.09821033477783203,0.1529745042492918
C1=COC(=C1)CN=C(/C(=C\N=CN=CN)/C2=CC=C(C=C2)C(=O)O)N,NC=NC=N/C=C(\C(N)=NCc1ccco1)c1ccc(C(=O)O)cc1,3.477321225342406,12,15,-0.10208524763584137,0.17098388075828552,-0.16594243049621582,-0.0042654527351260185,-0.09704379737377167,-0.0001768535003066063,-0.08730264753103256,0.05297131836414337,0.08849557522123894
CC1=CC=CN2C1=NC(=CC2=O)COC(=O)CCNC3=NC=CC=N3,Cc1cccn2c(=O)cc(COC(=O)CCNc3ncccn3)nc12,2.4494223900227965,11,16,0.17157018184661865,-0.048482079058885574,-0.2201867699623108,-0.029806289821863174,-0.09709866717457771,0.016306549310684204,0.025555897504091263,-0.10140086710453033,0.36764705882352944
CC1=CC(=NN1CC2=CC=CC=C2)NC(=O)C3=CN(N=C3)CC(=O)O,Cc1cc(NC(=O)c2cnn(CC(=O)O)c2)nn1Cc1ccccc1,2.241019600206979,11,15,0.1885194480419159,-0.276670902967453,-0.009356744587421417,0.0031704436987638474,-0.09750819951295853,-0.03588593751192093,0.15403926372528076,-0.16217094659805298,0.13920454545454544
COC(=O)C1=NN2CCN(CC2=C1)C(=O)CC3=C4C=CC=CC4=NN3,COC(=O)c1cc2n(n1)CCN(C(=O)Cc1[nH]nc3ccccc13)C2,2.684422390022796,11,17,-0.207774817943573,-0.1442919373512268,0.25413215160369873,-0.09997652471065521,-0.09793460369110107,-0.16467466950416565,-0.0768328607082367,-0.015563979744911194,0.12668463611859837
C1=CC(=CC(=C1)NC(=O)C2=CC=NN2CCC(=O)O)CN3C=CC=N3,O=C(O)CCn1nccc1C(=O)Nc1cccc(Cn2cccn2)c1,2.295708928484334,14,17,0.08613801002502441,-0.15476879477500916,-0.029704447835683823,0.016002677381038666,-0.09833523258566856,-0.009029700420796871,0.0916333794593811,-0.10290959477424622,0.14492753623188406
CC(C(=O)N1CCC2=NN=C(C=C2C1)N)N3C4=CC=CC=C4OC3=O,CC(C(=O)N1CCc2nnc(N)cc2C1)n1c(=O)oc2ccccc21,3.2048138953950254,11,17,-0.1473974883556366,-0.01396913081407547,0.06297533959150314,-0.021469779312610626,-0.09839127957820892,-0.07955704629421234,-0.0462602935731411,0.03466903790831566,0.14043583535108958
C1CCN(C1)C2=C(C=C(C=C2)[N+](=O)[O-])C=NNC(=O)C3=CC=CC=N3,O=C(NN=Cc1cc([N+](=O)[O-])ccc1N1CCCC1)c1ccccn1,2.279578159253564,11,15,-0.09565137326717377,-0.11113224178552628,0.10827226936817169,-0.05085231363773346,-0.09851134568452835,-0.07618802785873413,-0.016003284603357315,-0.066484734416008,0.1467065868263473
CC1=C(NN=C1)C2=C(C=CC=N2)COC3=CN=C(C=C3CN=O)OC,COc1cc(CN=O)c(OCc2cccnc2-c2[nH]ncc2C)cn1,3.1284646977151027,11,17,-0.1243431344628334,0.03204185143113136,-0.006270213983952999,-0.050070371478796005,-0.09857149701565504,-0.050335533916950226,-0.07219501584768295,-0.00657476345077157,0.23248407643312102
CC(=NNC(=O)CN1C2=CC=CC=C2N=N1)C3=CC(=C(C=C3)O)OC,COc1cc(C(C)=NNC(=O)Cn2nnc3ccccc32)ccc1O,2.2274367183001527,12,17,0.07020106911659241,-0.15023353695869446,-0.018610499799251556,-0.033799342811107635,-0.09864296764135361,-0.03802739828824997,0.09848832339048386,-0.1740749031305313,0.18238993710691823
CC1(CC2=C([C@@H](N3C(=NC=N3)N2)C4=CC=C(C=C4)[N+](=O)[O-])C(=O)C1)C,CC1(C)CC(=O)C2=C(C1)Nc1ncnn1[C@H]2c1ccc([N+](=O)[O-])cc1,3.3849365048981994,8,14,-0.13685137033462524,-0.010857764631509781,0.04904765635728836,-0.051390327513217926,-0.09866147860884666,-0.05192217603325844,-0.05615656450390816,-0.039673879742622375,0.18181818181818182
CC1=CC=C(C=C1)[C@@H](C2=NC(=NN2)C3=CC(=C(C=C3)OC)[N+](=O)[O-])N,COc1ccc(-c2n[nH]c([C@@H](N)c3ccc(C)cc3)n2)cc1[N+](=O)[O-],2.859154526876221,10,15,-0.3160476088523865,0.021692559123039246,0.19551172852516174,-0.11948047578334808,-0.09884332120418549,-0.15178197622299194,-0.1512773334980011,0.04297370836138725,0.2739273927392739
CC(C1=CC=CC=C1)NC2=NC=NC(=C2[N+](=O)[O-])NCC3=CC=CO3,CC(Nc1ncnc(NCc2ccco2)c1[N+](=O)[O-])c1ccccc1,2.7377177686344627,12,15,-0.05362820625305176,-0.0859719067811966,0.040160879492759705,0.006580635905265808,-0.09943923354148865,-0.03948349133133888,0.031712234020233154,-0.04216312617063522,0.2032258064516129
C1CCN(C1)C2=C(C=C(C=C2)[N+](=O)[O-])/C=N/NC(=O)C3=CC=CC=N3,O=C(N/N=C/c1cc([N+](=O)[O-])ccc1N1CCCC1)c1ccccn1,2.279578159253564,11,15,-0.09352049231529236,-0.11746372282505035,0.11145836114883423,-0.053654178977012634,-0.09952585399150848,-0.07877957075834274,-0.014912751503288746,-0.06916007399559021,0.1467065868263473
CCOC1=C(C=C2C(=C1)C[C@@H](O2)C)NC(=O)C3=CC=NC4=NC=NN34,CCOc1cc2c(cc1NC(=O)c1ccnc3ncnn13)O[C@@H](C)C2,3.073198537865232,11,17,0.03643571212887764,-0.15366090834140778,0.017626803368330002,-0.03410240262746811,-0.09959839284420013,-0.07863908261060715,0.04498947039246559,-0.06827369332313538,0.25075528700906347
C1CNCC2=C1NN=C2C(=O)NCCN3C(=O)C4=CC=CC=C4C3=O,O=C(NCCN1C(=O)c2ccccc2C1=O)c1n[nH]c2c1CNCC2,2.520637774638182,10,13,-0.118586465716362,0.12041912972927094,-0.10171552002429962,-0.018254946917295456,-0.09988285601139069,0.008074884302914143,-0.13624024391174316,0.06153373047709465,0.11182108626198083
CC1=CC=C(C=C1)CN=C2C(=NN(N2O)C3=CC=CC=C3C)[N+](=O)[O-],Cc1ccc(CN=c2c([N+](=O)[O-])nn(-c3ccccc3C)n2O)cc1,2.8113773900227947,10,15,0.06646674126386642,-0.26715436577796936,0.10056310147047043,-0.047418512403964996,-0.10012452304363251,-0.10490173101425171,0.08492927253246307,-0.10944673418998718,0.08616187989556136
CN1C=C(C=N1)C#CC2=CC(=O)N(C=C2)CCC3C(C(=O)NC=N3)O,Cn1cc(C#Cc2ccn(CCC3N=CNC(=O)C3O)c(=O)c2)cn1,4.364698000566381,13,17,-0.0017548827454447746,-0.20198027789592743,0.10350064933300018,-0.08995406329631805,-0.10023451130837202,-0.13618721067905426,0.026127859950065613,-0.08687707781791687,0.18233618233618235
CC(=O)C1=CNC(=C1)C(=O)NCCNC(=O)C2=NNC3=CC=CC=C32,CC(=O)c1c[nH]c(C(=O)NCCNC(=O)c2n[nH]c3ccccc23)c1,2.357877238343489,13,17,-0.03947211429476738,-0.08464805781841278,0.02345024049282074,-0.015784094110131264,-0.10066993162035942,-0.043962933123111725,0.02084624394774437,-0.059876151382923126,0.1513157894736842
CC1=CC=CN2C1=NC(=C2)C(=O)N3CC4=C(C[C@H]3C(=O)OC)N=CN4,COC(=O)[C@@H]1Cc2nc[nH]c2CN1C(=O)c1cn2cccc(C)c2n1,3.3247274381902594,11,17,-0.027499035000801086,-0.1403794139623642,0.06680084764957428,-0.061718471348285675,-0.101077601313591,-0.06601719558238983,-0.015115815214812756,-0.07806259393692017,0.19005847953216373
C1CCN([C@H](C1)CC(=O)N)C2=NC3=C(C=C(C=C3)[N+](=O)[O-])C(=C2)C#N,N#Cc1cc(N2CCCC[C@@H]2CC(N)=O)nc2ccc([N+](=O)[O-])cc12,3.059698263139958,11,17,-0.20391109585762024,0.028353853151202202,0.07446411997079849,-0.04053482040762901,-0.10109312273561954,-0.07548642158508301,-0.09606333076953888,0.03292394429445267,0.2079207920792079
C1COCCN1C2=CC=C(C=C2)NC3=NC=C(N4C3=NC=C4)C(=O)O,O=C(O)c1cnc(Nc2ccc(N3CCOCC3)cc2)c2nccn12,2.4402636703178437,9,13,-0.2001006007194519,-0.035972073674201965,0.13477787375450134,-0.051658641546964645,-0.10129480063915253,-0.10807929188013077,-0.062350090593099594,0.026934979483485222,0.18789808917197454
CC1=C(NN=C1)C2=C(C=CC=N2)COC3=CN=C(C=C3/C=N\O)OC,COc1cc(/C=N\O)c(OCc2cccnc2-c2[nH]ncc2C)cn1,3.05651277463818,12,17,-0.0506514273583889,-0.018863268196582794,-0.03208232671022415,-0.05475926026701927,-0.10159702226519585,-0.04338492453098297,-0.030204351991415024,-0.06318722665309906,0.22397476340694006
C[C@@H](C(=O)NC1=NN(C=C1)CC2=CN=CC=C2)NC(=O)C3=COC=C3,C[C@H](NC(=O)c1ccoc1)C(=O)Nc1ccn(Cc2cccnc2)n1,2.8295639224806166,14,17,0.15590910613536835,-0.1439020037651062,-0.11403098702430725,0.0001716669648885727,-0.1020238846540451,-0.005349844694137573,0.09391368925571442,-0.12047243863344193,0.15934065934065933
CN(C[C@H]1CC2=CC=CC=C2O1)C(=O)COC3=NN4C=NN=C4C=C3,CN(C[C@H]1Cc2ccccc2O1)C(=O)COc1ccc2nncn2n1,3.133081388234041,12,17,0.05284487083554268,-0.03852037340402603,-0.11706247925758362,-0.04415246099233627,-0.10273798182606697,-0.012187834829092026,-0.03734562546014786,-0.05136062204837799,0.2647058823529412
CCOC1=C(C=C2C(=C1)C[C@H](O2)C)NC(=O)C3=CC=NC4=NC=NN34,CCOc1cc2c(cc1NC(=O)c1ccnc3ncnn13)O[C@H](C)C2,3.073198537865232,11,17,0.04345446079969406,-0.16550807654857635,0.019188374280929565,-0.03796817362308502,-0.10286524146795273,-0.08333764970302582,0.0491800457239151,-0.07537247985601425,0.25075528700906347
CCN1C=C(C(=N1)C(=O)NCC2=CC=C(C=C2)N3C=CC=C3)[N+](=O)[O-],CCn1cc([N+](=O)[O-])c(C(=O)NCc2ccc(-n3cccc3)cc2)n1,2.3617366099577914,9,13,0.04256393760442734,-0.295515775680542,0.14972102642059326,-0.05626267194747925,-0.10323081165552139,-0.12523145973682404,0.08934057503938675,-0.1199660673737526,0.13019390581717452
CC1=C(C=C(C=C1)CNC(=O)C2=C(C(=O)NC(=N2)C3=NC=CN3)O)C,Cc1ccc(CNC(=O)c2nc(-c3ncc[nH]3)[nH]c(=O)c2O)cc1C,2.677342664748071,12,17,-0.110871322453022,-0.09608703851699829,0.10368931293487549,-0.062189340591430664,-0.1032690480351448,-0.09745711088180542,-0.011266157031059265,-0.046988748013973236,0.28975265017667845
CC1=NC2=C(N1)C=C(C=C2)CC(=O)N3CC4=C(C[C@H]3C(=O)O)N=CN4,Cc1nc2ccc(CC(=O)N3Cc4[nH]cnc4C[C@H]3C(=O)O)cc2[nH]1,3.2311059864026106,12,17,-0.19780871272087097,0.03827444836497307,0.05619772523641586,-0.06152461841702461,-0.10333653911948204,-0.10390198230743408,-0.09532073140144348,0.046058908104896545,0.17575757575757575
C1CC1C2=CC(=NN2)NC(=O)CC3=CC=C(C=C3)N4C(=CC(=O)N4)O,O=C(Cc1ccc(-n2[nH]c(=O)cc2O)cc1)Nc1cc(C2CC2)[nH]n1,2.7646655373684084,11,14,-0.005773664452135563,-0.019544443115592003,-0.07837578654289246,-0.006008641794323921,-0.10369389411062002,-0.045044027268886566,0.005692562088370323,-0.006561572663486004,0.22254335260115607
CCC1=C2C(C(=C(OC2=NN1)N)C#N)C3=CC(=CC=C3)OCC(=O)N,CCc1[nH]nc2c1C(c1cccc(OCC(N)=O)c1)C(C#N)=C(N)O2,3.162134087315782,11,17,0.03179919719696045,-0.17977577447891235,0.04388045519590378,-0.08560290187597275,-0.10409612208604813,-0.12195518612861633,0.04057092219591141,-0.10054339468479156,0.2180232558139535
C[C@H](C(=O)NC1=CC=C(C=C1)N2C=NN=N2)OC3=CC=CC=C3OC,COc1ccccc1O[C@H](C)C(=O)Nc1ccc(-n2cnnn2)cc1,2.4194735378652332,11,15,0.20637723803520203,-0.2308073490858078,-0.07976570725440979,-0.03955791890621185,-0.10419581830501556,-0.027753539383411407,0.11760906130075455,-0.2033078968524933,0.23875432525951557
CCN(CC)C1=C(C=C(C=C1)C2=NC(=NO2)C3=CN=CC=C3)[N+](=O)[O-],CCN(CC)c1ccc(-c2nc(-c3cccnc3)no2)cc1[N+](=O)[O-],2.4015901310845518,9,15,-0.2556462287902832,0.12018407881259918,0.031146416440606117,-0.0798029899597168,-0.1043157335370779,-0.12977197766304016,-0.142917662858963,0.10118938982486725,0.23934426229508196
COC1=CC=CC=C1N2CCN(CC2)C3=NC(=C(C=C3)[N+](=O)[O-])C#N,COc1ccccc1N1CCN(c2ccc([N+](=O)[O-])c(C#N)n2)CC1,2.3045402935980945,9,15,-0.0010226387530565262,-0.20153307914733887,0.0970153659582138,-0.03507409617304802,-0.10554035194218159,-0.07120784372091293,0.037790730595588684,-0.09448109567165375,0.2297734627831715
CCOC(=O)C1=NN(C=C1)C2=CC=C(C=C2)NC(=O)C3=CN(N=C3)C,CCOC(=O)c1ccn(-c2ccc(NC(=O)c3cnn(C)c3)cc2)n1,2.197140943652265,10,15,-0.04988860338926315,-0.03389524668455124,-0.02177560329437256,-0.04245012253522873,-0.10555945336818695,-0.05859252065420151,-0.04731607809662819,-0.006472321227192879,0.1322314049586777
CC1(CC2=C([C@H](N3C(=NC=N3)N2)C4=CC=C(C=C4)[N+](=O)[O-])C(=O)C1)C,CC1(C)CC(=O)C2=C(C1)Nc1ncnn1[C@@H]2c1ccc([N+](=O)[O-])cc1,3.3849365048981994,8,14,-0.15603125095367432,0.0021039508283138275,0.04831325262784958,-0.056987565010786057,-0.10561404749751091,-0.05888678878545761,-0.0671226754784584,-0.03407618775963783,0.18181818181818182
CC(C1=CC=NC=C1)N(C)CC2=NN=C(O2)C3=CC=C(C=C3)[N+](=O)[O-],CC(c1ccncc1)N(C)Cc1nnc(-c2ccc([N+](=O)[O-])cc2)o1,2.7964381640840834,8,13,-0.14745399355888367,-0.03283386304974556,0.0745324045419693,-0.04315602779388428,-0.10575545206665993,-0.08179517090320587,-0.07078856229782104,0.011228663846850395,0.1636904761904762
CC1=C(C=CC(=N1)[N+](=O)[O-])OC2=CC(=NC=C2)C3=CN(N=C3)C(C)C,Cc1nc([N+](=O)[O-])ccc1Oc1ccnc(-c2cnn(C(C)C)c2)c1,2.7487057416711487,10,16,-0.11137248575687408,-0.09729764610528946,0.10285768657922745,-0.056999802589416504,-0.1058124452829361,-0.08413061499595642,-0.022889137268066406,-0.058993853628635406,0.22807017543859648
C[C@H](C(=O)NCC1=CN=C(C=C1)N2C=CC=N2)NC(=O)C3=COC=C3,C[C@@H](NC(=O)c1ccoc1)C(=O)NCc1ccc(-n2cccn2)nc1,2.851975460942155,14,17,0.13608184456825256,-0.2464199960231781,0.004110928624868393,-0.010968197137117386,-0.10622722283005714,-0.061737582087516785,0.14396803081035614,-0.14523015916347504,0.1270718232044199
CC1=CC=C(C=C1)CN2C=CC(=N2)NC(=O)C3=CN(N=C3)CC(=O)O,Cc1ccc(Cn2ccc(NC(=O)c3cnn(CC(=O)O)c3)n2)cc1,2.2456083326013445,11,15,0.033253513276576996,-0.09199361503124237,-0.04749307036399841,-0.02671748772263527,-0.10623317211866379,-0.043991755694150925,0.027895033359527588,-0.0681193619966507,0.14414414414414414
C[C@@H](C(=O)NC1=CC=C(C=C1)N2C=NN=N2)OC3=CC=CC=C3OC,COc1ccccc1O[C@@H](C)C(=O)Nc1ccc(-n2cnnn2)cc1,2.4194735378652332,11,15,0.20194965600967407,-0.23068931698799133,-0.07820001244544983,-0.04017922282218933,-0.10693967342376709,-0.028679363429546356,0.11565640568733215,-0.20357288420200348,0.23875432525951557
CCC(=O)N1CCC(C1)NC2=NC3=C(C=C(C=C3)[N+](=O)[O-])C(=C2)C#N,CCC(=O)N1CCC(Nc2cc(C#N)c3cc([N+](=O)[O-])ccc3n2)C1,3.008427933469627,11,17,-0.06415419280529022,0.0320163369178772,-0.07513314485549927,-0.05906350165605545,-0.10727100074291229,-0.027653809636831284,-0.07866588979959488,-0.03391067311167717,0.2098360655737705
C1=CC=C(C=C1)C2=CN=C3C=CC(=NC3=N2)NC(=O)NCC(CO)O,O=C(NCC(O)CO)Nc1ccc2ncc(-c3ccccc3)nc2n1,2.7873254609421547,13,15,0.027190454304218292,-0.11549937725067139,-0.01914409175515175,-0.04107128828763962,-0.10745301470160484,-0.054530069231987,0.045362722128629684,-0.1076049730181694,0.36101083032490977
CC1CN2C(=CC(=N2)C(=O)O)CN1C3=NC(=NO3)C4=CC=C(C=C4)C,Cc1ccc(-c2noc(N3Cc4cc(C(=O)O)nn4CC3C)n2)cc1,3.314268716630129,9,15,0.0029315389692783356,-0.19665032625198364,0.08569750934839249,-0.05589936673641205,-0.10802127793431282,-0.08993113040924072,0.04217291995882988,-0.1056622862815857,0.22448979591836735
CN(C)C1=CC=C(C=C1)CNC2=C(C(=O)N3C=CC=CC3=N2)[N+](=O)[O-],CN(C)c1ccc(CNc2nc3ccccn3c(=O)c2[N+](=O)[O-])cc1,2.367914752660159,9,14,0.16873669624328613,-0.25947052240371704,-0.017772486433386803,-0.05462183803319931,-0.10850631259381771,-0.04820413887500763,0.048774272203445435,-0.13623449206352234,0.26421404682274247
C1CCN(C1)C(=O)C2=NOC(=C2)COC3=CC=C(C=C3)N4C=NC=N4,O=C(c1cc(COc2ccc(-n3cncn3)cc2)on1)N1CCCC1,2.2894686997941047,8,13,-0.24370111525058746,0.057958610355854034,0.07712108641862869,-0.04097695276141167,-0.10862141847610474,-0.11345241218805313,-0.07070225477218628,0.0666617900133133,0.16216216216216217
CN(C)C1=CC=C(C=C1)C2=CC(=NN2C3=NN=C(C=C3)OC)C(=O)O,COc1ccc(-n2nc(C(=O)O)cc2-c2ccc(N(C)C)cc2)nn1,2.415084642770047,8,14,-0.011561861261725426,-0.13556334376335144,0.03845411539077759,-0.009985560551285744,-0.10867108963429928,-0.06015786901116371,0.00017257407307624817,-0.010199073702096939,0.18230563002680966
CC(C)(C)OC(=O)N1C(=O)CCC2=C1C=CC(=C2)NN=C(C#N)C#N,CC(C)(C)OC(=O)N1C(=O)CCc2cc(NN=C(C#N)C#N)ccc21,2.951937435271665,7,14,-0.24643675982952118,0.04093994200229645,0.09654723107814789,-0.14222462475299835,-0.10894958674907684,-0.1535143405199051,-0.17282414436340332,0.03195187821984291,0.13994169096209913
C1=CC(=CC(=C1)NC(=O)CCN2C(=CC=N2)C(=O)O)CN3C=CC=N3,O=C(CCn1nccc1C(=O)O)Nc1cccc(Cn2cccn2)c1,2.290795466945873,14,17,0.01754712127149105,-0.09970233589410782,-0.02693808451294899,-0.010454252362251282,-0.10909329913556576,-0.026627549901604652,0.03121361881494522,-0.07417625933885574,0.16071428571428573
CC1=CC(=CC(=C1)OC2=NC=NC(=C2N)NNC(=O)C3=CC=CO3)C,Cc1cc(C)cc(Oc2ncnc(NNC(=O)c3ccco3)c2N)c1,2.474264887314238,10,14,-0.023598503321409225,-0.12568342685699463,0.04016216844320297,-0.05473260581493378,-0.10911976173520088,-0.08887884020805359,0.04229418933391571,-0.09665626287460327,0.20535714285714285
C1CCC2=C(C1)C3=NC(=NN3C(=O)N2)OC(=O)NCC4=CC=CC=C4,O=C(NCc1ccccc1)Oc1nc2c3c([nH]c(=O)n2n1)CCCC3,2.7738156197382864,10,15,-0.2102033644914627,0.07862213253974915,0.022387970238924026,-0.035432420670986176,-0.10919326171278954,-0.04495399445295334,-0.1046685054898262,0.028159260749816895,0.20234604105571846
CC1C2=NN=CN2CCN1C(=O)C3=NOC(=C3)COC4=CC=CC=C4,CC1c2nncn2CCN1C(=O)c1cc(COc2ccccc2)on1,3.085226804461648,10,15,-0.10763650387525558,-0.15641629695892334,0.15472277998924255,-0.07086181640625,-0.10933002084493637,-0.13909845054149628,-0.03965933620929718,-0.006373647600412369,0.15926892950391644
COC1=CC=C(C=C1)N2CCN(CC2)C3=NC(=C(C=C3)[N+](=O)[O-])C#N,COc1ccc(N2CCN(c3ccc([N+](=O)[O-])c(C#N)n3)CC2)cc1,2.2720954398602835,7,13,-0.03274241089820862,-0.24803361296653748,0.1714443564414978,-0.015458207577466965,-0.10933166742324829,-0.10450221598148346,0.07757386565208435,-0.08383326977491379,0.23666666666666666
CC1=NN=NN1/C(=C/C2=CC=CC=C2)/C(=O)NCC(C3=CC=CO3)O,Cc1nnnn1/C(=C/c1ccccc1)C(=O)NCC(O)c1ccco1,3.144448537865232,12,15,-0.06572416424751282,0.00866734143346548,-0.05238702520728111,-0.07762569189071655,-0.10944384802132845,-0.08289936184883118,-0.0045948997139930725,-0.08037720620632172,0.12307692307692308
CC(C)C1=NOC(=N1)C2=CC(=C(C=C2)NCC3=CC=CC=N3)[N+](=O)[O-],CC(C)c1noc(-c2ccc(NCc3ccccn3)c([N+](=O)[O-])c2)n1,2.3643225254507474,11,16,-0.07447627931833267,-0.0011568684130907059,-0.03390707075595856,-0.05517279729247093,-0.10954021848738194,-0.05429583042860031,-0.09226492047309875,0.012118406593799591,0.20783132530120482
C1=CC=C(C=C1)C(CC(=O)NNC(=O)C2=CC3=C(C=C2)NN=C3N)O,Nc1n[nH]c2ccc(C(=O)NNC(=O)CC(O)c3ccccc3)cc12,2.7423231044957834,13,15,0.004522968083620071,-0.02536127157509327,-0.08899733424186707,-0.011415854096412659,-0.10983563773334026,-0.03163685277104378,0.03344561159610748,-0.05290374159812927,0.1715210355987055
CCCC1=C(C(=NN1)C(=O)NCC2=NC3=CC=CC=C3C=C2)[N+](=O)[O-],CCCc1[nH]nc(C(=O)NCc2ccc3ccccc3n2)c1[N+](=O)[O-],2.4924599035655906,12,17,0.0033534355461597443,0.06809300929307938,-0.18132972717285156,-0.024860026314854622,-0.10988328233361244,0.03662566468119621,-0.08435946702957153,-0.022191066294908524,0.1559633027522936
CC1=C(C(=O)NN1)C(CC(=O)N)C2=CC(=CC=C2)OC3=NC=CC=N3,Cc1[nH][nH]c(=O)c1C(CC(N)=O)c1cccc(Oc2ncccn2)c1,3.2312405476160446,12,16,0.003511440008878708,-0.04244790971279144,-0.07115814089775085,-0.03869996964931488,-0.11009461060166359,-0.05102352052927017,-0.03083256259560585,-0.016818497329950333,0.264026402640264
CCCCC1=CC=C(C=C1)NC(=O)C2=NC=C(N=C2)C3=NOC(=O)N3,CCCCc1ccc(NC(=O)c2cnc(-c3noc(=O)[nH]3)cn2)cc1,2.6375108515612578,10,15,-0.1815180629491806,0.20366379618644714,-0.13241270184516907,0.0016338573768734932,-0.11026696860790253,0.009085612371563911,-0.1581162065267563,0.11593984067440033,0.22941176470588234
CC[C@]1(OC2=C(O1)C=C(C=C2)NC(=O)C3=CC4=C(N=C3)N(N=N4)C)C,CC[C@@]1(C)Oc2ccc(NC(=O)c3cnc4c(c3)nnn4C)cc2O1,3.185721804387443,10,17,-0.176262766122818,-0.052507977932691574,0.11831196397542953,-0.09495764970779419,-0.11045878008008003,-0.17580677568912506,-0.040106527507305145,0.01359708234667778,0.2626865671641791
CN1C2=C(C=N1)C(=O)NC(=N2)CN(CC3=CC=CO3)CC4=CC=CO4,Cn1ncc2c(=O)[nH]c(CN(Cc3ccco3)Cc3ccco3)nc21,2.689177685070213,8,12,-0.03260256350040436,-0.15037325024604797,0.07195773720741272,-0.051512956619262695,-0.11101807653903961,-0.07791060209274292,0.0034396499395370483,-0.07805313915014267,0.22073578595317725
C1CCN(C(C1)CC(=O)N)C2=NC3=C(C=C(C=C3)[N+](=O)[O-])C(=C2)C#N,N#Cc1cc(N2CCCCC2CC(N)=O)nc2ccc([N+](=O)[O-])cc12,3.059698263139958,11,17,-0.20901793241500854,-0.020175209268927574,0.11813286691904068,-0.04565500468015671,-0.11106027476489544,-0.09725943207740784,-0.08400930464267731,0.02939751371741295,0.2079207920792079
CC(C1=CC2=C(C=C1)OCO2)NC(=O)NCC3=NN=C4N3C=CC=C4,CC(NC(=O)NCc1nnc2ccccn12)c1ccc2c(c1)OCO2,2.7697108929758745,13,17,0.025069456547498703,-0.09018617868423462,-0.04604104906320572,-0.08320119231939316,-0.11115777119994164,-0.08303792774677277,-0.026636430993676186,-0.05595152825117111,0.24915824915824916
CC1(CN(CCO1)C2=NC=NC3=C2N=CN3C4=CC=CC=C4)C(=O)O,CC1(C(=O)O)CN(c2ncnc3c2ncn3-c2ccccc2)CCO1,3.1944869994036935,10,15,-0.1645929217338562,-0.20492292940616608,0.2583408057689667,-0.036437924951314926,-0.1111750453710556,-0.13835509121418,0.03520575910806656,-0.05159120261669159,0.23867069486404835
C[C@@H](C(=O)NCC1=C(N=CC=C1)N2C=CC=N2)NC(=O)C3=CC=CO3,C[C@H](NC(=O)c1ccco1)C(=O)NCc1cccnc1-n1cccn1,2.775202384019078,14,17,0.1227542832493782,-0.2676903009414673,0.03356298431754112,-0.003305557183921337,-0.11137303337454796,-0.05901377275586128,0.1320025622844696,-0.1330491602420807,0.1279373368146214
C1=CC(=C(C=C1N)N)OC2=C(C(=O)NC=C2)OC3=C(C=C(C=C3)N)N,Nc1ccc(Oc2cc[nH]c(=O)c2Oc2ccc(N)cc2N)c(N)c1,2.693467499912906,13,17,0.0741206482052803,-0.16460376977920532,-0.021344486624002457,-0.062214404344558716,-0.11182760819792747,-0.05738365650177002,0.03319080173969269,-0.12940621376037598,0.2217573221757322
CC1=CC=CC=C1CN2C=C(C=N2)NC(=O)CN3C(=CC=N3)C(=O)O,Cc1ccccc1Cn1cc(NC(=O)Cn2nccc2C(=O)O)cn1,2.289446035743273,13,17,0.05222678929567337,-0.1651766449213028,0.0008925450965762138,0.010085966438055038,-0.11205731052905321,-0.045112140476703644,0.08208031952381134,-0.0795181542634964,0.15835777126099707
C1C[C@@H](CN(C1)C(=O)C2=CC3=C(C=C2)NC(=O)C(=O)N3)C4=NC=CN4,O=C(c1ccc2[nH]c(=O)c(=O)[nH]c2c1)N1CCC[C@H](c2ncc[nH]2)C1,3.0113389224806166,13,17,-0.19340664148330688,0.18012800812721252,-0.09879039227962494,-0.012397050857543945,-0.1120690256357193,0.03010512702167034,-0.16367122530937195,0.04722627252340317,0.18122977346278318
C1CN(CCC1C(=O)NC2=NOC=C2)C3=NN=C(C=C3)C4=CC=CO4,O=C(Nc1ccon1)C1CCN(c2ccc(-c3ccco3)nn2)CC1,2.5037042507296565,11,15,0.13052819669246674,-0.09045501053333282,-0.1523628830909729,-0.02330727130174637,-0.11228969693183899,0.01297080796211958,0.04277441278100014,-0.13110706210136414,0.20699708454810495
CC1=CC=C(O1)[C@H]2N=C(NC3=NC4=CC5=C(C=C4N23)OCCCO5)N,Cc1ccc([C@H]2N=C(N)Nc3nc4cc5c(cc4n32)OCCCO5)o1,3.633644507306749,11,17,-0.26459282636642456,0.03202472999691963,0.1201956570148468,-0.18773320317268372,-0.11237243935465813,-0.19768676161766052,-0.1380695104598999,-0.02140587940812111,0.28160919540229884
COC(=O)C1=NC2=C(C=C1)N3CC[C@@H](C3)N2C(=O)NC4=CC=CC=N4,COC(=O)c1ccc2c(n1)N(C(=O)Nc1ccccn1)[C@H]1CCN2C1,4.027681249246475,12,17,0.06953288614749908,-0.035717323422431946,-0.14636752009391785,-0.028597325086593628,-0.11255195736885071,0.06863398104906082,-0.031113343313336372,-0.13768336176872253,0.1935483870967742
COC(=O)NCC1C2=C(C=CC(=C2)N3CN=CC4=C3NC=C4)C(=O)N1,COC(=O)NCC1NC(=O)c2ccc(N3CN=Cc4cc[nH]c43)cc21,3.934977384019078,13,17,0.13426430523395538,-0.18848967552185059,-0.05836060270667076,-0.055191557854413986,-0.11258597299456596,-0.05771128088235855,0.0812305435538292,-0.15600794553756714,0.15775401069518716
COC1=C(C=CC(=C1)C2=NN(N=N2)CC(=O)N)OCC3=CC=CC=C3,COc1cc(-c2nnn(CC(N)=O)n2)ccc1OCc1ccccc1,2.065414697715104,10,15,-0.20868125557899475,0.021027274429798126,0.0749654769897461,-0.09062732011079788,-0.11268850415945053,-0.10368745028972626,-0.11006505787372589,0.004673149436712265,0.2767527675276753
CCN(C1=CC=CC=C1)C2=NC=NC(=C2[N+](=O)[O-])NCC3=CC=CO3,CCN(c1ccccc1)c1ncnc(NCc2ccco2)c1[N+](=O)[O-],2.464814697715104,11,15,-0.03796027600765228,-0.09138189256191254,0.016606148332357407,-0.00364554300904274,-0.11273602023720741,-0.06574320793151855,0.024604402482509613,-0.017854224890470505,0.2087227414330218
CCC1=C(N=CC=C1)CNC(=O)C2=NC(=CC(=C2)C3=NOC(=O)N3)C,CCc1cccnc1CNC(=O)c1cc(-c2noc(=O)[nH]2)cc(C)n1,2.9834152665125035,11,17,-0.12172311544418335,0.12261786311864853,-0.11411334574222565,-0.02327466383576393,-0.11321859806776047,-0.0039557404816150665,-0.0972253829240799,0.017777226865291595,0.24290220820189273
CN(C[C@@H]1CC2=CC=CC=C2O1)C(=O)COC3=NN4C=NN=C4C=C3,CN(C[C@@H]1Cc2ccccc2O1)C(=O)COc1ccc2nncn2n1,3.133081388234041,12,17,0.03783634677529335,-0.03406441584229469,-0.11711744964122772,-0.048695825040340424,-0.11334551870822906,-0.01813485659658909,-0.047805484384298325,-0.046899665147066116,0.2647058823529412
CC1=C(C(=NN2C1=NN=C2)C)CCC(=O)NC3=CC4=C(C=C3)OCO4,Cc1nn2cnnc2c(C)c1CCC(=O)Nc1ccc2c(c1)OCO2,2.501807005407411,10,17,0.03135833889245987,-0.03323762118816376,-0.11184340715408325,-0.08194755017757416,-0.11372268944978714,-0.06691186130046844,-0.0323251411318779,-0.05972769111394882,0.2847682119205298
COC1=CC=C(C=C1)C2CN3C(=C(N=N3)C4=NOC(=N4)C5CC5)CO2,COc1ccc(C2Cn3nnc(-c4noc(C5CC5)n4)c3CO2)cc1,3.3632442965585927,8,14,-0.15406665205955505,0.05079618841409683,-0.010785212740302086,-0.053312309086322784,-0.11405567638576031,-0.07998726516962051,-0.11095763742923737,0.06004190444946289,0.18248175182481752
C1C[C@H](CN(C1)C(=O)C2=CC3=C(C=C2)NC(=O)C(=O)N3)C4=NC=CN4,O=C(c1ccc2[nH]c(=O)c(=O)[nH]c2c1)N1CCC[C@@H](c2ncc[nH]2)C1,3.0113389224806166,13,17,-0.18605849146842957,0.1682208925485611,-0.09674105793237686,-0.012829147279262543,-0.11457865685224533,0.028625469654798508,-0.15725770592689514,0.03980685770511627,0.18122977346278318
C1CN(CCC1N2C=C(C=N2)C(=O)O)C(=O)C3=CC4=C(C=C3)NN=C4,O=C(O)c1cnn(C2CCN(C(=O)c3ccc4[nH]ncc4c3)CC2)c1,2.49679354386895,11,15,-0.35660871863365173,0.25600695610046387,-0.01422599982470274,-0.07888538390398026,-0.1148277623578906,-0.028308650478720665,-0.279732346534729,0.12230214476585388,0.12386706948640483
C1=CC=C(C=C1)N2C=C(C=N2)NC(=O)NCCNC(=O)C3=CC=CO3,O=C(NCCNC(=O)c1ccco1)Nc1cnn(-c2ccccc2)c1,2.1491814785370202,13,15,0.0795513466000557,-0.18062704801559448,-0.014185849577188492,-0.0028934916481375694,-0.11526155099272728,-0.05827824026346207,0.09402728825807571,-0.08442775160074234,0.12968299711815562
CCN(C1CC1)C(=O)C2=NC3=C(N=CN3C(=C2)C4=CC=CO4)C(=O)N,CCN(C(=O)c1cc(-c2ccco2)n2cnc(C(N)=O)c2n1)C1CC1,2.8793659614513682,10,16,-0.09753763675689697,0.0817795991897583,-0.09973018616437912,-0.010461447760462761,-0.11548822373151779,-0.0338159017264843,-0.05130523815751076,0.027410313487052917,0.228486646884273
CC1=NC2=C(N1)C=C(C=C2)CC(=O)N3CC4=C(CC3C(=O)O)N=CN4,Cc1nc2ccc(CC(=O)N3Cc4[nH]cnc4CC3C(=O)O)cc2[nH]1,3.2311059864026106,12,17,-0.1485050916671753,-0.04090768098831177,0.07386060059070587,-0.06911379098892212,-0.11555217206478119,-0.10982673615217209,-0.06439191102981567,-0.00014257431030273438,0.17575757575757575
CC1=CC=C(C=C1)[C@H](C2=NC(=NN2)C3=CC(=C(C=C3)OC)[N+](=O)[O-])N,COc1ccc(-c2n[nH]c([C@H](N)c3ccc(C)cc3)n2)cc1[N+](=O)[O-],2.859154526876221,10,15,-0.308838427066803,0.004981630481779575,0.1881456971168518,-0.12467136979103088,-0.1157110994681716,-0.1566811054944992,-0.1489216387271881,0.02961399033665657,0.2739273927392739
CC[C@@]1(OC2=C(O1)C=C(C=C2)NC(=O)C3=CC4=C(N=C3)N(N=N4)C)C,CC[C@]1(C)Oc2ccc(NC(=O)c3cnc4c(c3)nnn4C)cc2O1,3.185721804387443,10,17,-0.16758345067501068,-0.06394831091165543,0.11574716120958328,-0.09484976530075073,-0.11578460037708282,-0.1744794249534607,-0.03489309176802635,0.003774058073759079,0.2626865671641791
CN1C(=CC=N1)C2=CC=C(C=C2)CCNC(=O)C(=O)NC3=NOC=C3,Cn1nccc1-c1ccc(CCNC(=O)C(=O)Nc2ccon2)cc1,2.449453159253565,11,15,0.2270326316356659,-0.23948600888252258,-0.10406452417373657,-0.012633567675948143,-0.11651790142059326,-0.0401468351483345,0.1197674497961998,-0.14190083742141724,0.23353293413173654
CN(CC(=O)NCC1=CC=CO1)C(=O)C2=CN(N=N2)C3=CC=CC=C3,CN(CC(=O)NCc1ccco1)C(=O)c1cn(-c2ccccc2)nn1,2.257176236176644,11,15,-0.10121245682239532,0.06307414174079895,-0.07900286465883255,-0.020718904212117195,-0.11714117974042892,-0.05341494828462601,-0.03789893537759781,0.017349669709801674,0.11731843575418995
CCN1C=C(C=N1)/C=C/C2=NC(=NO2)C3=CC=C(C=C3)OCC(=O)N,CCn1cc(/C=C/c2nc(-c3ccc(OCC(N)=O)cc3)no2)cn1,2.5610031592535663,10,15,-0.3041219711303711,0.12144236266613007,0.06550709903240204,-0.09106788039207458,-0.11717250943183899,-0.15122127532958984,-0.16259950399398804,0.10644779354333878,0.3069620253164557
C1CC1C2=CC(=NO2)C3=NOC(=N3)CNC(=O)NCC4=CC=CC=C4,O=C(NCc1ccccc1)NCc1nc(-c2cc(C3CC3)on2)no1,2.4239214153125754,10,14,-0.02246161736547947,0.05608852207660675,-0.15126216411590576,0.03245743364095688,-0.11763525940477848,0.013885783031582832,-0.019596371799707413,0.02075742557644844,0.18604651162790697
CCOC(=O)NCC1=NC=CC(=C1)C(=O)N2C=NC3=C(C=CC=C32)N,CCOC(=O)NCc1cc(C(=O)n2cnc3c(N)cccc32)ccn1,2.5932267508028612,12,17,-0.09120815992355347,0.05530538037419319,-0.08182010054588318,-0.00027445703744888306,-0.11772288009524345,-0.032948847860097885,-0.034795619547367096,0.021540166810154915,0.16913946587537093
COCC1=CN(C(=C1)C(=O)/C=C(/C2=NC=NN2)\O)CC3=CC=CC=N3,COCc1cc(C(=O)/C=C(\O)c2ncn[nH]2)n(Cc2ccccn2)c1,2.997316620792027,13,17,-0.2365747094154358,0.05319429188966751,0.06557602435350418,-0.021006813272833824,-0.1178043931722641,-0.06519589573144913,-0.10435682535171509,0.062954381108284,0.1346153846153846
CC1=CC=CN2C1=NC(=C2)C(=O)N3CC4=C(CC3C(=O)OC)N=CN4,COC(=O)C1Cc2nc[nH]c2CN1C(=O)c1cn2cccc(C)c2n1,3.3247274381902594,11,17,0.011094510555267334,-0.18757504224777222,0.05866604298353195,-0.05875258147716522,-0.11781448870897293,-0.06654849648475647,0.011661956086754799,-0.10762151330709457,0.19005847953216373
C1=CC=C(C=C1)CNC(=O)C(CO)NC(=O)C2=CC3=NNN=C3C=C2,O=C(NC(CO)C(=O)NCc1ccccc1)c1ccc2n[nH]nc2c1,2.5479427686344636,13,15,-0.07215060293674469,-0.030868995934724808,-0.014910204336047173,-0.038984738290309906,-0.11792980320751667,-0.022680696099996567,-0.06669974327087402,-0.04086298868060112,0.14878892733564014
COC1=NNC2=CC(=NC=C21)NC(=O)N[C@@H]3[C@@H](CC4=CC=CC=C34)O,COc1n[nH]c2cc(NC(=O)N[C@H]3c4ccccc4C[C@H]3O)ncc12,3.415276819634636,14,17,-0.026332618668675423,-0.15245530009269714,0.06084615737199783,-0.08757954835891724,-0.11794176138937473,-0.10975136607885361,-0.037515126168727875,-0.04858554154634476,0.23323615160349853
C1C(CN1C(=O)NCC2=CC=CO2)CC3=NC(=NO3)C4=CN=CC=C4,O=C(NCc1ccco1)N1CC(Cc2nc(-c3cccnc3)no2)C1,2.487105398452723,12,16,-0.21096694469451904,0.27491894364356995,-0.18191996216773987,-0.04455271735787392,-0.11796796321868896,-0.02440408617258072,-0.17772185802459717,0.10208234190940857,0.2134502923976608
C1CN(C[C@H]([C@@H]1NC(=O)C2=NC=CN=C2)O)C3=NC4=CC=CC=C4O3,O=C(N[C@@H]1CCN(c2nc3ccccc3o2)C[C@H]1O)c1cnccn1,3.237990887074046,14,17,-0.04033429175615311,-0.03899582847952843,-0.03909394517540932,-0.02830611541867256,-0.11842406541109085,-0.017694031819701195,-0.01841137371957302,-0.07367682456970215,0.1867816091954023
CCOC(=O)C1=CC=C(C=C1)NC2=NC(=CN=N2)NCC3=CC=CO3,CCOC(=O)c1ccc(Nc2nncc(NCc3ccco3)n2)cc1,2.3372388020354418,11,15,-0.04981997609138489,0.1906830370426178,-0.25946059823036194,-0.026769576594233513,-0.11859753727912903,0.05810766667127609,-0.15479004383087158,0.022145770490169525,0.17507418397626112
CC1=CC2=C(C=C1)C=C(N2)C(=O)N3CC4=NN=C(N4CC3C(=O)O)C,Cc1ccc2cc(C(=O)N3Cc4nnc(C)n4CC3C(=O)O)[nH]c2c1,3.2235516697333635,11,17,-0.07990540564060211,-0.01691305637359619,-0.021919261664152145,-0.047500550746917725,-0.11873772367835045,-0.04549770429730415,-0.055536381900310516,-0.035516444593667984,0.17183098591549295
CN(CC1=NN=C(O1)C2=CC=CC=C2)[C@@H](C3=CN=C(C=C3)N)C(=O)O,CN(Cc1nnc(-c2ccccc2)o1)[C@H](C(=O)O)c1ccc(N)nc1,2.8709402225889598,11,15,-0.1136079877614975,0.07819761335849762,-0.08332745730876923,-0.0028856145218014717,-0.1187378317117691,-0.05422939360141754,-0.008873270824551582,0.00963609479367733,0.18857142857142858
CC1CC2=C(C(N3C(=NC(=N3)C)N2)C4=CC(=CC=C4)[N+](=O)[O-])C(=O)C1,Cc1nc2n(n1)C(c1cccc([N+](=O)[O-])c1)C1=C(CC(C)CC1=O)N2,3.7091914350192514,11,17,-0.015163316391408443,0.0943397581577301,-0.19797128438949585,-0.019524993374943733,-0.11879484262317419,0.06369040906429291,-0.05182500556111336,-0.10281448066234589,0.18095238095238095
CC1=CC=CC=C1CN2C=CC(=N2)NC(=O)C3=CC=NN3CC(=O)O,Cc1ccccc1Cn1ccc(NC(=O)c2ccnn2CC(=O)O)n1,2.3621929479859602,13,17,0.15396365523338318,-0.26156318187713623,-0.011387391947209835,-0.024313215166330338,-0.11898691859096289,-0.05187743902206421,0.1136871799826622,-0.14858698844909668,0.14484679665738162
COC1=CC2=C(CCCN2C(=O)C3=NN4C=CC=NC4=N3)C(=C1)OC,COc1cc(OC)c2c(c1)N(C(=O)c1nc3ncccn3n1)CCC2,2.690295466945871,10,17,-0.10005436092615128,0.036007557064294815,-0.05547427758574486,-0.06329017877578735,-0.11952108144760132,-0.0428975410759449,-0.1132497787475586,0.00676498468965292,0.23809523809523808
CN(CC1=NN=C(O1)C2=CC=CC=C2)[C@H](C3=CN=C(C=C3)N)C(=O)O,CN(Cc1nnc(-c2ccccc2)o1)[C@@H](C(=O)O)c1ccc(N)nc1,2.8709402225889598,11,15,-0.11383523792028427,0.07651890069246292,-0.08273851871490479,-0.005955003201961517,-0.12005485594272614,-0.057267382740974426,-0.009091697633266449,0.007229695096611977,0.18857142857142858
COCC1=CN(C(=C1)C(=O)/C=C(/C2=NC=NN2)\O)CC3=CC=NC=C3,COCc1cc(C(=O)/C=C(\O)c2ncn[nH]2)n(Cc2ccncc2)c1,2.9863435438689496,11,15,-0.1826591193675995,-0.05259348452091217,0.1151922196149826,-0.03920656442642212,-0.12006038427352905,-0.08554751425981522,-0.05830775201320648,0.001735395286232233,0.13370473537604458
C1C(CC1N2C=C(N=N2)CO)NC(=O)C3=CC(=NO3)C4=CC=CC=C4,O=C(NC1CC(n2cc(CO)nn2)C1)c1cc(-c2ccccc2)no1,2.5805223900227965,11,14,-0.032772496342659,0.02237476222217083,-0.10968984663486481,0.004348753020167351,-0.12008758075535297,0.003988646902143955,-0.01720038242638111,-0.029415691271424294,0.15051020408163265
C[C@H](C(=O)NCC1=CC=C(C=C1)N2C=CC=C2)N3C=C(C=N3)[N+](=O)[O-],C[C@H](C(=O)NCc1ccc(-n2cccc2)cc1)n1cc([N+](=O)[O-])cn1,2.8195202875943757,10,13,-0.006619567051529884,-0.23835094273090363,0.12472926080226898,-0.053939640522003174,-0.12024124898016453,-0.14091075956821442,0.07061772793531418,-0.0791470929980278,0.14488636363636365
COC1=CC=C(C=C1)NC2=NC3=NC4=CC(=C(C=C4N3N2)OC)OC,COc1ccc(Nc2nc3nc4cc(OC)c(OC)cc4n3[nH]2)cc1,2.4853339284843337,9,15,-0.2577722668647766,-0.0879829004406929,0.22539344429969788,-0.1022477075457573,-0.12036172300577164,-0.19019773602485657,-0.11650758981704712,0.06111345812678337,0.24334600760456274
C1CCN(C1)C2=C(C=C(C=C2)[N+](=O)[O-])/C=N\NC(=O)C3=CC=CC=N3,O=C(N/N=C\c1cc([N+](=O)[O-])ccc1N1CCCC1)c1ccccn1,2.279578159253564,11,15,-0.09570998698472977,-0.13518095016479492,0.11023107171058655,-0.06439751386642456,-0.12065986543893814,-0.08918198198080063,-0.0181841179728508,-0.0823245421051979,0.1467065868263473
C1CC1N2C(=NN(C2=O)CCNC(=O)C3=CC=NC=C3)C4=CC=CO4,O=C(NCCn1nc(-c2ccco2)n(C2CC2)c1=O)c1ccncc1,2.496628159253566,10,14,-0.05676757171750069,-0.003550652414560318,-0.06053187698125839,-0.013027170673012733,-0.1208501011133194,-0.049014169722795486,0.003921102732419968,-0.024056755006313324,0.22282608695652173
C1CN(CC2=C(N=NN2C1)COC3=CC=CC=N3)C(=O)C4=CC=CO4,O=C(c1ccco1)N1CCCn2nnc(COc3ccccn3)c2C1,2.8004815896069957,12,17,-0.16107383370399475,0.09670761227607727,-0.056579239666461945,-0.1032906323671341,-0.12094546109437943,-0.05984266847372055,-0.14576175808906555,-0.014640312641859055,0.155
CCC(=O)N1CC2CC1C3N2C(=O)N(C3=O)C4=CN=C(C(=C4)C)C#N,CCC(=O)N1CC2CC1C1C(=O)N(c3cnc(C#N)c(C)c3)C(=O)N21,4.6400205868914135,10,17,-0.004058373160660267,-0.00947701744735241,-0.1076400950551033,0.008893775753676891,-0.12117548566311598,0.017842814326286316,-0.02003922499716282,-0.036994416266679764,0.15406976744186046
CC1=C(C=C(C=C1)[N+](=O)[O-])N=NC2=C(N=C3N2C=CC=C3O)C(C)C,Cc1ccc([N+](=O)[O-])cc1N=Nc1c(C(C)C)nc2c(O)cccn12,3.021007757915773,10,16,0.07630814611911774,-0.1854657679796219,-0.012059015221893787,-0.04969964176416397,-0.12121663708239794,-0.05916456878185272,0.06906266510486603,-0.14827421307563782,0.21495327102803738
CCN1C(=O)C2=C(C=C(C=C2)C(=O)N(CCC#N)CCC#N)NC1=O,CCn1c(=O)[nH]c2cc(C(=O)N(CCC#N)CCC#N)ccc2c1=O,2.559892707748549,8,14,-0.10260923206806183,-0.10576212406158447,0.08708272874355316,-0.039287831634283066,-0.12128862738609314,-0.10634361207485199,-0.01761111617088318,-0.00908620934933424,0.24749163879598662
COC1=CC=C(C=C1)C2(CC2)CNC3=NN4C(=NC=C4[N+](=O)[O-])C=C3,COc1ccc(C2(CNc3ccc4ncc([N+](=O)[O-])n4n3)CC2)cc1,2.722105190672851,9,14,-0.010465956293046474,-0.28298816084861755,0.17208385467529297,-0.044298939406871796,-0.12137026246637106,-0.12967902421951294,0.06276822835206985,-0.08824954926967621,0.25297619047619047
CC1=CC=C(C=C1)CN2C=CC(=N2)NC(=O)CN3C=C(C=N3)C(=O)O,Cc1ccc(Cn2ccc(NC(=O)Cn3cc(C(=O)O)cn3)n2)cc1,2.226594248094301,11,15,0.025455620139837265,-0.09730362147092819,-0.049593787640333176,-0.0387788787484169,-0.1214417889714241,-0.05748843774199486,0.02204972319304943,-0.07416628301143646,0.16109422492401215
CC1=CC=C(C=C1)C(C2=NC(=NN2)C3=C(C=CC(=C3)[N+](=O)[O-])OC)N,COc1ccc([N+](=O)[O-])cc1-c1n[nH]c(C(N)c2ccc(C)cc2)n1,2.880161120282814,10,15,-0.2954113185405731,0.013059902004897594,0.1603347659111023,-0.11573854833841324,-0.12201665062457323,-0.14605075120925903,-0.1444941759109497,0.03249093145132065,0.3150684931506849
C[C@@H](C(=O)NCC1=CC=C(C=C1)N2C=CC=C2)N3C=C(C=N3)[N+](=O)[O-],C[C@@H](C(=O)NCc1ccc(-n2cccc2)cc1)n1cc([N+](=O)[O-])cn1,2.8195202875943757,10,13,-0.0031919260509312153,-0.2449338287115097,0.12592819333076477,-0.05207400768995285,-0.12219756143167615,-0.13972119987010956,0.07319942116737366,-0.08131832629442215,0.14488636363636365
C1CN(CC1(CN2C=CN=N2)O)C(=O)C3=CC(=NO3)C4=CC=CC=C4,O=C(c1cc(-c2ccccc2)no1)N1CCC(O)(Cn2ccnn2)C1,3.1711431374437353,11,15,-0.03922185301780701,-0.08080592751502991,-0.002466140314936638,-0.03610403090715408,-0.12249392084777355,-0.04962347820401192,0.011453410610556602,-0.08836555480957031,0.15681233933161953
CC1=CC=CC=C1CN2C=CC(=N2)NC(=O)C3=CN(N=C3)CC(=O)O,Cc1ccccc1Cn1ccc(NC(=O)c2cnn(CC(=O)O)c2)n1,2.302646685797445,13,17,0.16540715098381042,-0.30454111099243164,0.016578463837504387,-0.011970401741564274,-0.12255549617111683,-0.05668827146291733,0.13817642629146576,-0.1578304022550583,0.14497041420118342
COC1=CC=C(C=C1)C(C(=O)NCC2=NC(=NN2)C3=CC=NC=C3)O,COc1ccc(C(O)C(=O)NCc2nc(-c3ccncc3)n[nH]2)cc1,2.7826773840190775,10,13,-0.1637835055589676,-0.07139895856380463,0.11251593381166458,-0.07869001477956772,-0.12266653031110764,-0.13066208362579346,-0.07842566072940826,0.01502353884279728,0.34494773519163763
C[C@H](C(=O)NC1=NN(C=C1)CC2=CN=CC=C2)NC(=O)C3=COC=C3,C[C@@H](NC(=O)c1ccoc1)C(=O)Nc1ccn(Cc2cccnc2)n1,2.8295639224806166,14,17,0.13576361536979675,-0.14476719498634338,-0.11463825404644012,-0.006561600603163242,-0.12364183366298676,-0.014695968478918076,0.08276371657848358,-0.12144255638122559,0.15934065934065933
CN1C=C(C(=O)NC1=O)C(=O)NCC2=CN(N=C2)CC3=CC=CC=C3,Cn1cc(C(=O)NCc2cnn(Cc3ccccc3)c2)c(=O)[nH]c1=O,2.29520291548325,11,15,-0.04726296663284302,-0.25830650329589844,0.18164841830730438,-0.051469556987285614,-0.12392105162143707,-0.13032487034797668,0.021027643233537674,-0.05900278687477112,0.2077922077922078
CCC(=O)N1C[C@H]2CC1[C@H]3N2C(=O)N(C3=O)C4=CN=C(C(=C4)C)C#N,CCC(=O)N1C[C@H]2CC1[C@@H]1C(=O)N(c3cnc(C#N)c(C)c3)C(=O)N21,4.6400205868914135,10,17,-0.027605051174759865,-0.05774088576436043,-0.03900357335805893,-0.001387026160955429,-0.12434951029717922,-0.011249078437685966,-0.007833847776055336,-0.047906555235385895,0.15406976744186046
C1CC1C2=NC(=NO2)CNC(=O)CCC3=NC(=NO3)C4=CC=CC=C4,O=C(CCc1nc(-c2ccccc2)no1)NCc1noc(C2CC2)n1,2.297342911624483,9,14,-0.1028866395354271,0.29526734352111816,-0.31726300716400146,0.003428421914577484,-0.1248823031783104,0.07819235324859619,-0.14609846472740173,0.045651085674762726,0.22185430463576158
C1C(CC1N2C=C(N=N2)CO)C3=C(ON=C3C(=O)N)C4=CC=CC=C4,NC(=O)c1noc(-c2ccccc2)c1C1CC(n2cc(CO)nn2)C1,2.9033006402936525,10,14,-0.29219940304756165,0.2773035764694214,-0.11010140180587769,-0.02791333757340908,-0.12499722838401794,-0.004757433198392391,-0.19824165105819702,0.09747526049613953,0.1383495145631068
COC1=C(C=C(C=C1)CC(=O)NC2=CC(=NC=N2)N3C=CN=C3)OC,COc1ccc(CC(=O)Nc2cc(-n3ccnc3)ncn2)cc1OC,2.2719012361766424,12,17,-0.18481674790382385,0.07557691633701324,-0.01587594673037529,-0.037169329822063446,-0.1251157782971859,-0.08537856489419937,-0.07724298536777496,0.048377156257629395,0.29692832764505117
CCCCNC1=C(C=C(C=C1)C2=NOC(=N2)C3=CC=CC=N3)[N+](=O)[O-],CCCCNc1ccc(-c2noc(-c3ccccn3)n2)cc1[N+](=O)[O-],2.2749377746381825,12,17,-0.24692538380622864,0.33197808265686035,-0.21027371287345886,-0.07126041501760483,-0.12522101402282715,-0.04848742485046387,-0.21868115663528442,0.1484372764825821,0.2540192926045016
CCC(=O)N1CC2CC1[C@H]3N2C(=O)N(C3=O)C4=CN=C(C(=C4)C)C#N,CCC(=O)N1CC2CC1[C@@H]1C(=O)N(c3cnc(C#N)c(C)c3)C(=O)N21,4.6400205868914135,10,17,-0.018296774476766586,-0.046879321336746216,-0.06055791676044464,-0.00021082255989313126,-0.12573401257395744,-0.0022986475378274918,-0.007656842470169067,-0.054053083062171936,0.15406976744186046
C1CN(CCC1(C(=O)O)N2C=CC(=N2)C3=CC=CO3)C4=NC=CC=N4,O=C(O)C1(n2ccc(-c3ccco3)n2)CCN(c2ncccn2)CC1,2.850284323637128,10,14,0.07303687930107117,0.037627507001161575,-0.236450657248497,-0.047568898648023605,-0.12578627094626427,0.02017351984977722,-0.024222679436206818,-0.10905606299638748,0.26136363636363635
COC(=O)C1=CC=CC=C1C(=O)NCCCC2=CN3C(=NC=N3)N=C2,COC(=O)c1ccccc1C(=O)NCCCc1cnc2ncnn2c1,2.4003185438689503,12,17,-0.16570007801055908,0.29682672023773193,-0.2573956847190857,-0.035205043852329254,-0.12626904249191284,0.06376190483570099,-0.19501975178718567,0.043554965406656265,0.1830065359477124
COCC1=COC(=N1)CN2N=CC(=N2)N3COC(=C3)C4=CC=CC=C4,COCc1coc(Cn2ncc(N3C=C(c4ccccc4)OC3)n2)n1,3.3885127746381807,10,15,-0.1175786703824997,-0.1874764859676361,0.1787358820438385,-0.12234702706336975,-0.1263192743062973,-0.17257407307624817,-0.013343123719096184,-0.10072901844978333,0.11479591836734694
C1CC(=O)NC2=C1C=CC(=C2)NC(=O)C(=O)N3CCN4C=NC=C4C3,O=C1CCc2ccc(NC(=O)C(=O)N3CCn4cncc4C3)cc2N1,2.7720858515612576,12,17,-0.2460670918226242,0.014977682381868362,0.10473203659057617,-0.05295710265636444,-0.12635737285017967,-0.09761768579483032,-0.11739498376846313,0.04877643659710884,0.17094017094017094
C1[C@H](N(C(=O)O1)CC2=CC=C(C=C2)C#N)C(=O)NCCN3C=CC=N3,N#Cc1ccc(CN2C(=O)OC[C@H]2C(=O)NCCn2cccn2)cc1,2.960217768634463,11,15,-0.2695038914680481,0.06519199162721634,0.07794840633869171,-0.13102763891220093,-0.12636349350214005,-0.16032713651657104,-0.14749853312969208,0.023921344429254532,0.13623188405797101
CC(C)(C)C1=C2C(C(C(=N)OC2=NN1)C#N)C3=CC=CC=C3[N+](=O)[O-],CC(C)(C)c1[nH]nc2c1C(c1ccccc1[N+](=O)[O-])C(C#N)C(=N)O2,3.9504863218970803,9,15,-0.05517483130097389,-0.24323078989982605,0.1719362437725067,-0.09842885285615921,-0.12646937742829323,-0.1571548730134964,-0.006599342450499535,-0.07901085168123245,0.1675531914893617
CC(C(=O)NCC1=C(N=CC=C1)N2C=CC=N2)NC(=O)C3=COC=C3,CC(NC(=O)c1ccoc1)C(=O)NCc1cccnc1-n1cccn1,2.8942196917113865,14,17,0.09948929399251938,-0.2797093391418457,0.05368636175990105,-0.01584610901772976,-0.12653368338942528,-0.08256807923316956,0.13061654567718506,-0.14006729423999786,0.12634408602150538
CC(C)N1C2=C(C3=C(N=CN=C31)N)C4=NOC(=C4C(=O)OC2)C5CC5,CC(C)n1c2c(c3c(N)ncnc31)-c1noc(C3CC3)c1C(=O)OC2,3.3540101372755435,7,15,-0.024690944701433182,0.11901949346065521,-0.22099247574806213,0.034130945801734924,-0.1266639269888401,0.043561987578868866,-0.043397270143032074,0.0200977586209774,0.2069767441860465
COC(=O)[C@@H](CC1=CC=CC=C1)NC(=O)NC2=CC=CN3C2=NN=C3,COC(=O)[C@@H](Cc1ccccc1)NC(=O)Nc1cccn2cnnc12,2.7343254609421557,12,15,0.21730653941631317,-0.2673465609550476,-0.07664619386196136,0.02457624301314354,-0.1266862154006958,0.02349834144115448,0.12307226657867432,-0.17660418152809143,0.2116564417177914
CCOC(=O)C1=CC=C(C=C1)NC2=CN=NC(=N2)NCC3=CC=CO3,CCOC(=O)c1ccc(Nc2cnnc(NCc3ccco3)n2)cc1,2.3437389074095183,11,15,-0.07673726975917816,0.19876629114151,-0.24901530146598816,-0.025615867227315903,-0.1269862800836563,0.046084411442279816,-0.15950976312160492,0.037115681916475296,0.18373493975903615
CCNC1=NN=C2CCN(CC2=C1)C(=O)C3=NOC(=C3)C4=CC=CO4,CCNc1cc2c(nn1)CCN(C(=O)c1cc(-c3ccco3)on1)C2,2.798528159253566,11,17,0.012531966902315617,-0.027841467410326004,-0.11219778656959534,-0.034918587654829025,-0.12750728707760572,-0.04550235718488693,-0.00505790114402771,-0.0414857491850853,0.13513513513513514
CN1C=CN=C1[C@H](C2=CC=CC=C2)NC(=O)CN3C=CC(=O)NC3=O,Cn1ccnc1[C@@H](NC(=O)Cn1ccc(=O)[nH]c1=O)c1ccccc1,2.7654149788186437,12,15,-0.16427451372146606,0.012446717359125614,0.024247031658887863,-0.0010664621368050575,-0.1275807647034526,-0.05252929404377937,-0.03277411311864853,0.018192186951637268,0.2282958199356913
COC(=O)[C@H](CC1=CC=CC=C1)NC(=O)NC2=CC=CN3C2=NN=C3,COC(=O)[C@H](Cc1ccccc1)NC(=O)Nc1cccn2cnnc12,2.7343254609421557,12,15,0.21236355602741241,-0.26324403285980225,-0.07670947164297104,0.021115530282258987,-0.12758994847536087,0.021187428385019302,0.11737875640392303,-0.17432531714439392,0.2116564417177914
CC(=O)C1=CC(=CC=C1)OCC(CN2C(=NN=N2)C3=CC=CC=N3)O,CC(=O)c1cccc(OCC(O)Cn2nnnc2-c2ccccn2)c1,2.7780408455575394,13,17,-0.10124639421701431,-0.10189373791217804,0.07522109150886536,-0.14280618727207184,-0.127919040620327,-0.09456197917461395,-0.09149162471294403,-0.1303224265575409,0.2879746835443038
C1CN(CCN(C1)C(=O)C2=NOC(=C2)C3=CC=CO3)C4=NN=CC=C4,O=C(c1cc(-c2ccco2)on1)N1CCCN(c2cccnn2)CC1,2.484231693557099,12,17,-0.1617116928100586,0.03543965891003609,-0.0020548049360513687,-0.05527633801102638,-0.12832683883607388,-0.08325617015361786,-0.06150437146425247,-0.005739239044487476,0.14435695538057744
CC(C(=O)NC1=C(N=CC=C1)OC2=CC=C(C=C2)OC)N3C=NC=N3,COc1ccc(Oc2ncccc2NC(=O)C(C)n2cncn2)cc1,2.6264350763267714,11,15,-0.06693245470523834,-0.08070370554924011,0.019155539572238922,-0.024909308180212975,-0.12848062068223953,-0.09104415029287338,0.004788082093000412,-0.012432586401700974,0.2398753894080997
C1C(NNC1C(=O)NCC2=NNC(=O)C3=CC=CC=C32)C4=CC=CO4,O=C(NCc1n[nH]c(=O)c2ccccc12)C1CC(c2ccco2)NN1,3.5181934160519175,15,17,0.06371132284402847,0.07854191958904266,-0.27176812291145325,-0.03216623142361641,-0.1295148804783821,0.019453231245279312,-0.01782272756099701,-0.07226419448852539,0.17563739376770537
C1CN(CC2=CN=C(C(=C21)C=N)N)C(=O)NC3=CC4=C(C=C3)OCO4,N=Cc1c(N)ncc2c1CCN(C(=O)Nc1ccc3c(c1)OCO3)C2,2.800551236176643,12,17,0.04802946746349335,-0.09667561948299408,-0.08129742741584778,-0.09672266989946365,-0.1299435794353485,-0.061669133603572845,-0.031550005078315735,-0.10819492489099503,0.21818181818181817
C1=CC(=CC(=C1)C(=O)N)C2=NC3=C(C=CN=C3N(C2=O)CCCO)N,NC(=O)c1cccc(-c2nc3c(N)ccnc3n(CCCO)c2=O)c1,2.4981338735392793,12,17,-0.19706511497497559,0.1631353497505188,-0.09609093517065048,-0.01840272545814514,-0.13002070039510727,-0.017586657777428627,-0.09740020334720612,0.03566709905862808,0.3072100313479624
CN1C=CN=C1[C@@H](C2=CC=CC=C2)NC(=O)CN3C=CC(=O)NC3=O,Cn1ccnc1[C@H](NC(=O)Cn1ccc(=O)[nH]c1=O)c1ccccc1,2.7654149788186437,12,15,-0.1597689986228943,0.0066931527107954025,0.02264454774558544,-0.004726070910692215,-0.13043129816651344,-0.058819547295570374,-0.031316548585891724,0.017153821885585785,0.2282958199356913
CN1C2=C(C=C(C=C2)C(=O)O)N=C1CNC3=CC=C(C=C3)C(=NO)N,Cn1c(CNc2ccc(C(N)=NO)cc2)nc2cc(C(=O)O)ccc21,2.265836950462356,11,15,-0.24056604504585266,0.136750727891922,-0.02669765055179596,-0.07171466946601868,-0.13051296770572662,-0.10166370123624802,-0.14674095809459686,0.07440164685249329,0.15141955835962145
CC1=C(C=C(C=C1)N2CCCC2)C(=O)N3C(=N3)N4C=C(C=N4)C(=O)O,Cc1ccc(N2CCCC2)cc1C(=O)N1N=C1n1cc(C(=O)O)cn1,3.211660915980075,9,15,-0.19848522543907166,-0.17433691024780273,0.24173159897327423,-0.056154705584049225,-0.13109053671360016,-0.17209196090698242,0.03205206245183945,-0.03215019032359123,0.12342569269521411
CC1=CC(=CC(=C1)OC2=NC=NC(=C2)N3C(=C(C=N3)C(=O)OC)N)C,COC(=O)c1cnn(-c2cc(Oc3cc(C)cc(C)c3)ncn2)c1N,2.5206892581546647,8,14,-0.03513381630182266,-0.14351719617843628,0.047077298164367676,-0.023024406284093857,-0.13157371431589127,-0.07250602543354034,0.0348314568400383,-0.07159383594989777,0.16260162601626016
CN1CCN(CC1)C2=NC(=C(C(=O)N2)C#N)C3=CC4=C(C=C3)OCO4,CN1CCN(c2nc(-c3ccc4c(c3)OCO4)c(C#N)c(=O)[nH]2)CC1,2.6092204669458727,8,15,0.19375234842300415,-0.2814215421676636,-0.04390663281083107,-0.016255689784884453,-0.1315758265554905,-0.018514815717935562,0.1266086846590042,-0.192866250872612,0.4756554307116105
COC1=C(C=C(C=C1)NC(=O)NC2=CC=NN2)OCC3=CC=NC=C3,COc1ccc(NC(=O)Nc2ccn[nH]2)cc1OCc1ccncc1,2.2510322688426054,12,15,0.07868268340826035,-0.08530585467815399,-0.12518206238746643,-0.047122277319431305,-0.13180523365736008,-0.0024185366928577423,-0.014594144187867641,-0.11356975138187408,0.23703703703703705
C1=CC=C(C=C1)CC(CNC(=O)C2=CC=NC3=C(C=NN23)C(=O)N)O,NC(=O)c1cnn2c(C(=O)NCC(O)Cc3ccccc3)ccnc12,2.797754523780725,12,15,-0.019366098567843437,-0.060902658849954605,-0.05186264589428902,-0.025134341791272163,-0.13213140331208706,-0.03653740510344505,-0.031398285180330276,-0.031131593510508537,0.18597560975609756
CC(C(=O)NC1=CN=C(C=C1)OC2=CC=CC(=C2)OC)N3C=NC=N3,COc1cccc(Oc2ccc(NC(=O)C(C)n3cncn3)cn2)c1,2.6704716147883083,13,17,0.040026046335697174,-0.12630347907543182,-0.04589773342013359,-0.023033497855067253,-0.13217516615986824,-0.047212183475494385,0.031300678849220276,-0.07938651740550995,0.24920127795527156
C1CC1C2=NN(C(=O)C=C2)CCNC(=O)C3=NNC(=C3)C4=CC=CO4,O=C(NCCn1nc(C2CC2)ccc1=O)c1cc(-c2ccco2)[nH]n1,2.6614127746381815,12,16,0.1621837615966797,-0.07159541547298431,-0.22287030518054962,-0.025561222806572914,-0.13228195905685425,0.024442525580525398,0.03515469282865524,-0.14697502553462982,0.16494845360824742
CC1(CC2=C(C(N3C(=NC=N3)N2)C4=CC=C(C=C4)[N+](=O)[O-])C(=O)C1)C,CC1(C)CC(=O)C2=C(C1)Nc1ncnn1C2c1ccc([N+](=O)[O-])cc1,3.3849365048981994,8,14,-0.176547572016716,-0.0031353309750556946,0.0473068431019783,-0.0617479532957077,-0.1323760598897934,-0.06473486125469208,-0.07855111360549927,-0.037645742297172546,0.18181818181818182
C1CC(C1)OC2=NC=CC(=C2)C(=O)NCC3=NC(=NN3)C4=CC=CO4,O=C(NCc1nc(-c2ccco2)n[nH]1)c1ccnc(OC2CCC2)c1,2.60840339634524,12,16,-0.12405463308095932,-0.23115521669387817,0.22281432151794434,-0.0979716032743454,-0.13239552825689316,-0.19850321114063263,0.002408113330602646,-0.04837561398744583,0.2826747720364742
C[C@H](C(=O)NCC1=C(N=CC=C1)N2C=CC=N2)NC(=O)C3=CC=CO3,C[C@@H](NC(=O)c1ccco1)C(=O)NCc1cccnc1-n1cccn1,2.775202384019078,14,17,0.11436000466346741,-0.2793814539909363,0.0325496681034565,-0.011002233251929283,-0.13247178122401237,-0.06994032114744186,0.12769721448421478,-0.14050276577472687,0.1279373368146214
CC(C)(C)C1=C2C(C(C(=N)OC2=NN1)C#N)C3=CC(=CC=C3)[N+](=O)[O-],CC(C)(C)c1[nH]nc2c1C(c1cccc([N+](=O)[O-])c1)C(C#N)C(=N)O2,3.937222520992102,9,15,-0.13237501680850983,-0.1236783117055893,0.12347091734409332,-0.12280254065990448,-0.1325824111700058,-0.14698244631290436,-0.10098318010568619,-0.030989456921815872,0.16847826086956522
CC1=CC(=CC=C1)CN(CC2=CC=CO2)C3=NC=C(C(=N3)N)[N+](=O)[O-],Cc1cccc(CN(Cc2ccco2)c2ncc([N+](=O)[O-])c(N)n2)c1,2.527615483197227,12,17,0.10079678893089294,-0.1996118724346161,-0.03440617024898529,-0.05309605225920677,-0.13322125375270844,-0.03742901608347893,0.050033848732709885,-0.16952405869960785,0.20394736842105263
CC1=CC(=CN=C1NCC2=NN(C=C2)C3=CC=C(C=C3)OC)[N+](=O)[O-],COc1ccc(-n2ccc(CNc3ncc([N+](=O)[O-])cc3C)n2)cc1,2.366512557953456,10,15,-0.03956279158592224,-0.17911697924137115,0.08541166037321091,-0.09342699497938156,-0.1332681104540825,-0.15154868364334106,0.01741049997508526,-0.07880183309316635,0.19130434782608696
C1CCN(CC1)C2=CC(=C(C3=NON=C23)[N+](=O)[O-])NC4=CC=CC=C4,O=[N+]([O-])c1c(Nc2ccccc2)cc(N2CCCCC2)c2nonc12,2.4513861149964526,8,13,-0.10798460245132446,-0.28023725748062134,0.25426292419433594,-0.023160094395279884,-0.13395893573760986,-0.15982502698898315,0.07689253240823746,-0.05261572450399399,0.1357615894039735
COC1=C(C=CC(=C1)N(/C=C(/C2=NNC3=CC=CC=C32)\N)N)C(=O)O,COc1cc(N(N)/C=C(\N)c2n[nH]c3ccccc23)ccc1C(=O)O,2.826600247165654,13,17,-0.034933388233184814,0.09380821883678436,-0.19312244653701782,-0.02130231261253357,-0.13424761593341827,-0.004716533236205578,-0.05974479019641876,-0.010303587652742863,0.17352941176470588
CC1=C(C=C(C=C1)C(=O)OC)NC(=O)C2=NN3C(=CC(=NC3=N2)C)C,COC(=O)c1ccc(C)c(NC(=O)c2nc3nc(C)cc(C)n3n2)c1,2.242458594036174,9,17,0.1793680191040039,-0.22605487704277039,-0.08768384903669357,-0.043108824640512466,-0.13437070697546005,-0.0121590755879879,0.07564708590507507,-0.1889253556728363,0.17846153846153845
CC(=O)C(C(=O)NC1=CC2=C(C=C1)NC(N2)O)N=NC3=CC=CC=C3,CC(=O)C(N=Nc1ccccc1)C(=O)Nc1ccc2c(c1)NC(O)N2,3.576510568280357,13,15,-0.16168391704559326,-0.022074416279792786,0.04935911297798157,-0.09084925055503845,-0.13439922034740448,-0.1123892217874527,-0.05262962356209755,-0.05057632550597191,0.15087719298245614
CNC(=O)C1CCCN(C1)C2=NC3=C(C=C(C=C3)[N+](=O)[O-])C(=C2)C#N,CNC(=O)C1CCCN(c2cc(C#N)c3cc([N+](=O)[O-])ccc3n2)C1,2.943667493909187,11,17,-0.018319521099328995,-0.042579926550388336,-0.07463182508945465,-0.057292476296424866,-0.13553127273917198,-0.014564148150384426,-0.05744281783699989,-0.08597314357757568,0.21311475409836064
CC1=CC=C(C=C1)CN2C=C(C=N2)NC(=O)CN3C=CC(=N3)C(=O)O,Cc1ccc(Cn2cc(NC(=O)Cn3ccc(C(=O)O)n3)cn2)cc1,2.1983792968483655,11,15,-0.04687520116567612,-0.06803863495588303,-0.020654059946537018,-0.058256518095731735,-0.13556789606809616,-0.08233293145895004,-0.019914932548999786,-0.04912341758608818,0.15548780487804878
COC1=CN=CC(=N1)OC2CCN(C2)C(=O)C3=CC4=C(C=C3)N=CN4,COc1cncc(OC2CCN(C(=O)c3ccc4nc[nH]c4c3)C2)n1,3.0658877106787195,12,17,-0.09510774910449982,-0.06233585625886917,0.021816760301589966,-0.12770749628543854,-0.13562684506177902,-0.08641371130943298,-0.09794026613235474,-0.1001187413930893,0.21739130434782608
CC1=CC=C(C=C1)CN2C=C(C=N2)NC(=O)C3=NN(C=C3)CC(=O)O,Cc1ccc(Cn2cc(NC(=O)c3ccn(CC(=O)O)n3)cn2)cc1,2.209789697715104,11,15,-0.09055355936288834,-0.0617135614156723,0.016572725027799606,-0.06072491034865379,-0.13569439575076103,-0.08813445270061493,-0.03498316556215286,-0.04009367525577545,0.14029850746268657
CC1(C=CC=CC1(C2=CC=C(C=C2)CC(=O)N)N3C=NC=N3)[N+](=O)[O-],CC1([N+](=O)[O-])C=CC=CC1(c1ccc(CC(N)=O)cc1)n1cncn1,4.129908797656614,11,15,-0.34491419792175293,0.12741206586360931,0.08116061240434647,-0.11927768588066101,-0.13634151965379715,-0.19062228500843048,-0.15415313839912415,0.08849751949310303,0.1206896551724138
C1=CC=C(C=C1)CNC(=O)[C@H](CO)NC(=O)C2=CC3=NNN=C3C=C2,O=C(N[C@@H](CO)C(=O)NCc1ccccc1)c1ccc2n[nH]nc2c1,2.5479427686344636,13,15,-0.05859989672899246,-0.04711168631911278,-0.030930746346712112,-0.04016141965985298,-0.13664232939481735,-0.024856865406036377,-0.06181596592068672,-0.05206883326172829,0.14878892733564014
C1=CC=C(C=C1)C2=NC=CN2CCCNC(=O)C(=O)NC3=NOC=C3,O=C(NCCCn1ccnc1-c1ccccc1)C(=O)Nc1ccon1,2.4152021318563044,12,15,0.010305977426469326,-0.19747000932693481,0.05015411972999573,-0.029540525749325752,-0.13700991217046976,-0.10235121846199036,0.06547197699546814,-0.0787598118185997,0.3106796116504854
CCC1=CC=CC=C1NC2=NC=NC(=C2[N+](=O)[O-])NCC3=CC=CO3,CCc1ccccc1Nc1ncnc(NCc2ccco2)c1[N+](=O)[O-],2.3349570054074125,13,17,-0.025721579790115356,0.0847933441400528,-0.19628533720970154,-0.03658507764339447,-0.1372135728597641,0.017905063927173615,-0.09309405088424683,-0.03099476546049118,0.18181818181818182
CN1C(=CC=N1)C2=NC(=NC=C2OC)NCC3=CC4=C(C=C3)OCO4,COc1cnc(NCc2ccc3c(c2)OCO3)nc1-c1ccnn1C,2.543096968526484,11,17,-0.07266208529472351,-0.158139169216156,0.09323444962501526,-0.12225861102342606,-0.13756680488586426,-0.1471310555934906,-0.04933738708496094,-0.07470415532588959,0.36013986013986016
CC1=C(C=CC(=C1)C(=O)NC(C)C2=NC=NN2)NC(=O)C3=CC=CO3,Cc1cc(C(=O)NC(C)c2ncn[nH]2)ccc1NC(=O)c1ccco1,2.731164274593292,13,17,0.03298591077327728,-0.21540752053260803,0.04445778205990791,-0.03248751908540726,-0.13796382769942284,-0.06888126581907272,0.07819534838199615,-0.13991111516952515,0.13583815028901733
CC1=CC=C(O1)[C@@H]2N=C(NC3=NC4=CC5=C(C=C4N23)OCCCO5)N,Cc1ccc([C@@H]2N=C(N)Nc3nc4cc5c(cc4n32)OCCCO5)o1,3.633644507306749,11,17,-0.2653089165687561,0.007963230833411217,0.11937892436981201,-0.19389528036117554,-0.13796676136553288,-0.20363181829452515,-0.1385652869939804,-0.03907979279756546,0.28160919540229884
C1=COC(=C1)C(=O)NCCCC(=O)NC2=CC=C(C=C2)N3C=NC=N3,O=C(CCCNC(=O)c1ccco1)Nc1ccc(-n2cncn2)cc1,2.119983164522269,12,15,-0.03903397172689438,0.0045570917427539825,-0.10368840396404266,-0.042034395039081573,-0.13816528394818306,-0.04887089505791664,-0.013211694546043873,-0.05109716206789017,0.15204678362573099
C[C@H](C(=O)NN=CC1=C(C=CC(=C1)OC)O)N2C3=CC=CC=C3N=N2,COc1ccc(O)c(C=NNC(=O)[C@@H](C)n2nnc3ccccc32)c1,2.7987393558500635,13,17,0.010029328987002373,-0.04239591583609581,-0.10581701248884201,-0.036444880068302155,-0.13818359933793545,-0.033159587532281876,0.0005004126578569412,-0.08095389604568481,0.18322981366459629
CCN(CC)C1=C(C=C(C=C1)C2=NC(=NO2)C3=CC=CC=N3)[N+](=O)[O-],CCN(CC)c1ccc(-c2nc(-c3ccccn3)no2)cc1[N+](=O)[O-],2.4221682459274554,9,15,-0.27182164788246155,0.13597610592842102,-0.002531317062675953,-0.07916620373725891,-0.13837685901671648,-0.11791949719190598,-0.17280949652194977,0.1071142926812172,0.24358974358974358
C1C=NOC1(C(=O)N)C(=O)N(CC2=CC=NC=C2)CC3=CC=NC=C3,NC(=O)C1(C(=O)N(Cc2ccncc2)Cc2ccncc2)CC=NO1,3.4732062301729236,6,9,-0.13407105207443237,-0.02941426821053028,0.025108251720666885,-0.028771162033081055,-0.13837706856429577,-0.0695042833685875,-0.05779518932104111,0.008655253797769547,0.15841584158415842
C1COC[C@H]([C@@H]1NC(=O)C2=CC3=NNN=C3C=C2)OC4=CC=CC=N4,O=C(N[C@@H]1CCOC[C@H]1Oc1ccccn1)c1ccc2n[nH]nc2c1,3.3437349277427444,14,17,0.08380663394927979,-0.024298541247844696,-0.1979275345802307,-0.07784669101238251,-0.13841944187879562,0.022204739972949028,-0.05411682277917862,-0.14701664447784424,0.2006269592476489
COC1=CC(=C(C=C1)O)C=NNC(=O)CCN2C3=CC=CC=C3N=N2,COc1ccc(O)c(C=NNC(=O)CCn2nnc3ccccc32)c1,2.274185851561258,13,17,0.03399784490466118,-0.0009342841804027557,-0.17159625887870789,-0.052598319947719574,-0.13853269815444946,-0.017421603202819824,-0.017169315367937088,-0.0905311107635498,0.19218241042345277
C1=CC=C(C=C1)O.C1=CC=C(C=C1)O.C1=NC2=C(N1)C(=O)NC(=N2)N,Nc1nc2nc[nH]c2c(=O)[nH]1.Oc1ccccc1.Oc1ccccc1,2.3678367183001523,8,9,0.16569602489471436,-0.2480212152004242,-0.05621420219540596,0.03989620879292488,-0.1385393925011158,0.028484247624874115,0.09543764591217041,-0.12933291494846344,0.4068627450980392
CC1=CC=C(C=C1)CN=C2C(=NN(N2O)C3=CC=CC(=C3)C)[N+](=O)[O-],Cc1ccc(CN=c2c([N+](=O)[O-])nn(-c3cccc(C)c3)n2O)cc1,2.7797448625502685,10,15,-0.10514062643051147,-0.1197972372174263,0.08603429794311523,-0.09432061016559601,-0.13890356570482254,-0.1315845251083374,-0.036568783223629,-0.056025393307209015,0.09042553191489362
CC1=CC(=NC2=NC(=NN12)C(=O)NCC3=CC=C(C=C3)C(=O)OC)C,COC(=O)c1ccc(CNC(=O)c2nc3nc(C)cc(C)n3n2)cc1,2.188725741671149,8,15,0.11613067984580994,-0.16162067651748657,-0.09370844066143036,-0.07388269901275635,-0.139198437333107,-0.027394777163863182,0.016237877309322357,-0.16677768528461456,0.16828478964401294
CC1=CC(=C(C=C1)C)NC(=O)C(=O)NCC2=NC(=NN2)C3=CC=CO3,Cc1ccc(C)c(NC(=O)C(=O)NCc2nc(-c3ccco3)n[nH]2)c1,2.40839814841933,12,17,-0.06614314764738083,-0.2380366027355194,0.1647798866033554,-0.10106216371059418,-0.13939986377954483,-0.1557495892047882,0.007446404546499252,-0.09219696372747421,0.2331288343558282
CC(C(=O)NCC1=C(N=CC=C1)N2C=CC=N2)NC(=O)C3=CC=CO3,CC(NC(=O)c1ccco1)C(=O)NCc1cccnc1-n1cccn1,2.775202384019078,14,17,0.09618966281414032,-0.2831764221191406,0.04758100211620331,-0.02639656513929367,-0.139405757188797,-0.09074515104293823,0.12090705335140228,-0.14328743517398834,0.1279373368146214
C1CN(CC1C2=NOC(=O)N2)C(=O)CC3=NN(C=C3)C4=CC=CC=C4,O=C(Cc1ccn(-c2ccccc2)n1)N1CCC(c2noc(=O)[nH]2)C1,3.2483705347040086,11,15,-0.26089417934417725,0.20505623519420624,-0.08401655405759811,-0.026162855327129364,-0.13985449820756912,-0.006074286997318268,-0.19660323858261108,0.08236629515886307,0.14634146341463414
C1COCCN1C2=NC=C(C=C2)CNC3=C(C=C(C=C3)[N+](=O)[O-])C#N,N#Cc1cc([N+](=O)[O-])ccc1NCc1ccc(N2CCOCC2)nc1,2.321522390022798,10,15,-0.07115372270345688,-0.21221482753753662,0.14342767000198364,-0.13947828114032745,-0.13994088023900986,-0.175034761428833,-0.012268238700926304,-0.11859877407550812,0.1639871382636656
CC(/C=C\C1=NC2=C(NC1=O)N=C(N=C2OCC3=CC=CC=C3)N)O,CC(O)/C=C\c1nc2c(OCc3ccccc3)nc(N)nc2[nH]c1=O,3.3144091283311035,11,15,0.03659564256668091,-0.038267090916633606,-0.13862524926662445,-0.0032959096133708954,-0.14029669761657715,-0.0019262302666902542,0.03617936745285988,-0.09803035110235214,0.30132450331125826
CCCC1=NOC(=N1)C2=CC(=C(C=C2)NCC3=CN=CC=C3)[N+](=O)[O-],CCCc1noc(-c2ccc(NCc3cccnc3)c([N+](=O)[O-])c2)n1,2.3221973900227972,12,17,-0.18972934782505035,0.2263047993183136,-0.17808936536312103,-0.06865891814231873,-0.1415139138698578,-0.0458054319024086,-0.1849370002746582,0.07723946869373322,0.20481927710843373
C1CN(CCN(C1)C(=O)C2=CC=CO2)C(=O)C3=CC4=NN=CN4C=C3,O=C(c1ccn2cnnc2c1)N1CCCN(C(=O)c2ccco2)CC1,2.5353658831734798,12,17,-0.2260301411151886,0.01571717858314514,0.06830267608165741,-0.0896681398153305,-0.14201028645038605,-0.10658404231071472,-0.11482061445713043,-0.015349501743912697,0.1619047619047619
CN(C)C1=C(C=C(C=C1)[N+](=O)[O-])C(=O)NCC2=NC3=CC=CC=C3N2,CN(C)c1ccc([N+](=O)[O-])cc1C(=O)NCc1nc2ccccc2[nH]1,2.2254042032096084,11,16,-0.0677274689078331,-0.10778239369392395,0.03331926465034485,-0.04727882519364357,-0.1421905979514122,-0.09384573251008987,-0.03375357389450073,-0.01468990370631218,0.15181518151815182
CO.C1=CN=C(N=C1)C#CC2=CC(=C(C=C2)NCC=O)C(=N)C(=O)N,CO.N=C(C(N)=O)c1cc(C#Cc2ncccn2)ccc1NCC=O,3.3035686569911213,12,16,-0.08821116387844086,-0.029355764389038086,-0.025093385949730873,-0.014454641379415989,-0.14266031421720982,-0.07746298611164093,-0.00952913798391819,0.0038738083094358444,0.18181818181818182
COC(=O)C1=C2C=CNC2=CC(=C1)NC(=O)NC3=NNC(=C3)C4CC4,COC(=O)c1cc(NC(=O)Nc2cc(C3CC3)[nH]n2)cc2[nH]ccc12,2.5387528613120693,12,16,0.14993225038051605,-0.1000826433300972,-0.19292770326137543,-0.03556080535054207,-0.14307809621095657,0.02464265003800392,-0.005564194172620773,-0.12746930122375488,0.17737003058103976
CC1=C(C=CC(=C1)N)N2C(=O)NC(=O)N(C2=O)C3=C(C=C(C=C3)N)C,Cc1cc(N)ccc1-n1c(=O)[nH]c(=O)n(-c2ccc(N)cc2C)c1=O,2.574656213552208,6,9,0.08236692100763321,-0.36358851194381714,0.13770239055156708,-0.08136973530054092,-0.14351920038461685,-0.10314828902482986,0.08790004253387451,-0.21201744675636292,0.13725490196078433
CN1C=CN=C1CN(C2CC2)C(=O)C3=CC=C(C=C3)C4=NOC(=O)N4,Cn1ccnc1CN(C(=O)c1ccc(-c2noc(=O)[nH]2)cc1)C1CC1,2.831727725884118,9,14,-0.33136457204818726,0.12802070379257202,0.059464678168296814,-0.039753738790750504,-0.14387919008731842,-0.09303060173988342,-0.13633836805820465,0.09042860567569733,0.25609756097560976
COC(=O)C1=C(C(=CN1C2=CC(=CC=C2)N3CCNCC3=O)C#N)N,COC(=O)c1c(N)c(C#N)cn1-c1cccc(N2CCNCC2=O)c1,2.813197170242578,11,17,-0.07499086111783981,-0.18548837304115295,0.116484634578228,-0.08369855582714081,-0.14399459958076477,-0.1033296138048172,-0.03676074743270874,-0.09217779338359833,0.15425531914893617
COC1=NC=CN=C1OC2CCN(C2)C(=O)C3=CC4=C(C=C3)N=CN4,COc1nccnc1OC1CCN(C(=O)c2ccc3nc[nH]c3c2)C1,3.0535760141560644,12,17,-0.17555010318756104,-0.0732240080833435,0.10387624800205231,-0.1284787356853485,-0.14489786326885223,-0.1095568835735321,-0.11977384984493256,-0.0814133882522583,0.21926910299003322
COC(=O)C1=CN(C(C(=O)N1)C2=CC=CN2)C3=CC=CC(=C3)C(=N)N,COC(=O)C1=CN(c2cccc(C(=N)N)c2)C(c2ccc[nH]2)C(=O)N1,3.573677384019078,14,17,0.06906980276107788,-0.07546103000640869,-0.1392911970615387,-0.054857369512319565,-0.1456824243068695,-0.02067696675658226,0.00753193162381649,-0.12913033366203308,0.14030612244897958
COC(=O)C1=C(C(=CN1C2=CC=CC(=C2)NC(=O)NC3CC3)C#N)N,COC(=O)c1c(N)c(C#N)cn1-c1cccc(NC(=O)NC2CC2)c1,2.525265282999385,11,16,0.2107015699148178,-0.2898496985435486,-0.06663861870765686,0.002341216430068016,-0.14578674733638763,-0.02398856170475483,0.1494998037815094,-0.19418591260910034,0.15013404825737264
CN1C=C(C=N1)N2C=CC(=O)C(=N2)CC3=CC(=CC=C3)NC(=O)OC,COC(=O)Nc1cccc(Cc2nn(-c3cnn(C)c3)ccc2=O)c1,2.540153077996793,12,17,-0.015961965546011925,-0.21361210942268372,0.08369658887386322,-0.06741321831941605,-0.14587748609483242,-0.08073757588863373,0.0135955810546875,-0.13294315338134766,0.14985590778097982
CNC(=O)C1=CC=C(C=C1)CN(C)C2=C(N3C=CC=CC3=N2)[N+](=O)[O-],CNC(=O)c1ccc(CN(C)c2nc3ccccn3c2[N+](=O)[O-])cc1,2.4249292581546644,10,15,0.15887883305549622,-0.10434463620185852,-0.20042255520820618,-0.06465619802474976,-0.14588835835456848,0.000944964587688446,0.00557694211602211,-0.15773144364356995,0.20588235294117646
CC1=CC=CC2=NC(=CN12)CNC3=C(C=C(C=C3)[N+](=O)[O-])C(=O)NC,CNC(=O)c1cc([N+](=O)[O-])ccc1NCc1cn2c(C)cccc2n1,2.4236751922205997,12,17,0.10200420767068863,-0.07716535031795502,-0.17138224840164185,-0.07097470760345459,-0.14654339104890823,-0.016568679362535477,0.016226552426815033,-0.16583214700222015,0.16455696202531644
CC1=C(C(=O)NN1)[C@@H](CC(=O)N)C2=CC(=CC=C2)OC3=NC=CC=N3,Cc1[nH][nH]c(=O)c1[C@@H](CC(N)=O)c1cccc(Oc2ncccn2)c1,3.2312405476160446,12,16,0.024445386603474617,-0.08815965801477432,-0.08307462930679321,-0.05146699771285057,-0.14678890071809292,-0.058849867433309555,-0.03198722004890442,-0.044975876808166504,0.264026402640264
CC(C)OC1=NC(=CN=C1)C2=CC3=C(C=C2)NC=C3C(=N)OC(=O)N,CC(C)Oc1cncc(-c2ccc3[nH]cc(C(=N)OC(N)=O)c3c2)n1,2.9613767306821366,11,16,-0.12025821954011917,0.06505665183067322,-0.09170642495155334,-0.0796058252453804,-0.1469079926609993,-0.07161006331443787,-0.09031229466199875,-0.022341297939419746,0.2709677419354839
CC1=CC=C(C=C1)CN2C=C(C=N2)NC(=O)C3=CN(N=C3C(=O)O)C,Cc1ccc(Cn2cc(NC(=O)c3cn(C)nc3C(=O)O)cn2)cc1,2.2478705768359823,10,15,-0.11149078607559204,-0.16562196612358093,0.12996605038642883,-0.059943825006484985,-0.14714670181274414,-0.1425054967403412,-0.002867095172405243,-0.03183513879776001,0.12979351032448377
CC(C(=O)NC1CC1)OC(=O)C2=CC(=CC=C2)N3C(=C(C=N3)C#N)N,CC(OC(=O)c1cccc(-n2ncc(C#N)c2N)c1)C(=O)NC1CC1,2.7860419325140615,11,16,0.10575193911790848,-0.03647146373987198,-0.21645712852478027,-0.018977617844939232,-0.14717665314674377,-0.0008595883846282959,0.05392996966838837,-0.12352889776229858,0.1444141689373297
COC1=CC(=C(C=C1)C2=C3C(CC(=O)NC3=NN2)C4=NC=CN4)OC,COc1ccc(-c2[nH]nc3c2C(c2ncc[nH]2)CC(=O)N3)c(OC)c1,3.4298927686344625,12,17,-0.3104756772518158,0.06019947677850723,0.10264327377080917,-0.11460187286138535,-0.1476329267024994,-0.1632852554321289,-0.16862452030181885,0.080329529941082,0.3556231003039514
C1=CC(=CC=C1CCNC(=O)COC2=CC=C(C=C2)N3C=NN=N3)O,O=C(COc1ccc(-n2cnnn2)cc1)NCCc1ccc(O)cc1,2.0569129853863366,10,13,-0.03281569108366966,-0.01656603068113327,-0.09845305234193802,-0.06117915362119675,-0.14783477410674095,-0.07066712528467178,-0.03861282393336296,-0.037684645503759384,0.21554770318021202
C[C@@H](C(=O)NN=CC1=C(C=CC(=C1)OC)O)N2C3=CC=CC=C3N=N2,COc1ccc(O)c(C=NNC(=O)[C@H](C)n2nnc3ccccc32)c1,2.7987393558500635,13,17,0.03227977454662323,-0.07273522019386292,-0.10748687386512756,-0.031709734350442886,-0.14794231951236725,-0.02821110561490059,0.01570705883204937,-0.09885796904563904,0.18322981366459629
CC1=CC=C(C=C1)[C@@H](C2=NC(=NN2)C3=C(C=CC(=C3)[N+](=O)[O-])OC)N,COc1ccc([N+](=O)[O-])cc1-c1n[nH]c([C@@H](N)c2ccc(C)cc2)n1,2.880161120282814,10,15,-0.3011852204799652,0.007937371730804443,0.14503014087677002,-0.1397940218448639,-0.14821770787239075,-0.16544947028160095,-0.15848961472511292,0.01593322679400444,0.3150684931506849
[HH].[HH].CC1=C(ON=C1C(=O)NC2=CC(=C(C=C2)N)C(=N)C3=COC=C3)C#N,Cc1c(C(=O)Nc2ccc(N)c(C(=N)c3ccoc3)c2)noc1C#N.[HH].[HH],3.3748990387610984,11,17,0.1283760368824005,-0.21363180875778198,-0.06312933564186096,-0.00033830851316452026,-0.14838510751724243,-0.06139802560210228,0.13051551580429077,-0.12207339704036713,0.09947643979057591
CC1=CC=C(O1)C2C=C(NC3=NN=NN23)C4=CC(=C(C=C4)OC)OC,COc1ccc(C2=CC(c3ccc(C)o3)n3nnnc3N2)cc1OC,3.4312581532498463,11,17,-0.20232805609703064,0.03515103831887245,0.018355853855609894,-0.12594623863697052,-0.1488211639225483,-0.12209168076515198,-0.11056835949420929,-0.04365239664912224,0.17098445595854922
CC1=CC=CC=C1NC2=C(C3=NON=C3C(=C2)N4CCCC4)[N+](=O)[O-],Cc1ccccc1Nc1cc(N2CCCC2)c2nonc2c1[N+](=O)[O-],2.516008928484334,9,15,0.01672488823533058,-0.44957590103149414,0.2834835350513458,-0.0872340202331543,-0.14936747774481773,-0.17879977822303772,0.11387547850608826,-0.1741030216217041,0.13249211356466878
COC1=CC(=C(C=C1)/C=C(\C#N)/C2=NN(C(=C2C#N)N)CCO)OC,COc1ccc(/C=C(\C#N)c2nn(CCO)c(N)c2C#N)c(OC)c1,2.7305816709592516,10,17,-0.13895279169082642,-0.21861186623573303,0.2079760730266571,-0.13818134367465973,-0.14958858489990234,-0.1901908814907074,-0.04093560576438904,-0.09824883192777634,0.15633423180592992
C1C=CC[C@H]2[C@H]1C(=O)N(C2=O)CC(=O)NCC3=NN=C4N3C=CC=C4,O=C(CN1C(=O)[C@H]2CC=CC[C@@H]2C1=O)NCc1nnc2ccccn12,3.2555172042500224,10,13,-0.09846119582653046,0.19718793034553528,-0.24855175614356995,-0.049810733646154404,-0.14982502162456512,0.03272160142660141,-0.14900988340377808,-0.0052599310874938965,0.19594594594594594
COC(=O)C1=NC2=C(C=C1)N3CC[C@@H](C3)N2C(=O)NC4=CN=CC=C4,COC(=O)c1ccc2c(n1)N(C(=O)Nc1cccnc1)[C@H]1CCN2C1,4.015196633861861,12,17,-0.028703998774290085,-0.008595582097768784,-0.11257582902908325,-0.057954009622335434,-0.14987540990114212,0.019475527107715607,-0.08677312731742859,-0.10082922875881195,0.1935483870967742
COC1=CC=C(C=C1)/C(=N\N=C(N)N)/C=C/C2=CC=CC=C2[N+](=O)[O-],COc1ccc(C(/C=C/c2ccccc2[N+](=O)[O-])=N\N=C(N)N)cc1,2.509685521890928,10,15,-0.05999772250652313,0.027974631637334824,-0.118091881275177,-0.02357991598546505,-0.1501149721443653,-0.038449548184871674,-0.02231970801949501,-0.030139267444610596,0.16279069767441862
COC(=O)C1=NC2=C(C=C1)N3CCC(C3)N2C(=O)NC4=CN=CC=C4,COC(=O)c1ccc2c(n1)N(C(=O)Nc1cccnc1)C1CCN2C1,4.015196633861861,12,17,-0.011548761278390884,-0.0340554416179657,-0.10521560907363892,-0.06068791449069977,-0.1508198119699955,0.01689714565873146,-0.07168282568454742,-0.118858203291893,0.1935483870967742
C1CN2[C@@H](C[C@@H](C2=O)CC#CC3=CC=CN4C3=NC=N4)CN1C(=O)O,O=C(O)N1CCN2C(=O)[C@@H](CC#Cc3cccn4ncnc34)C[C@H]2C1,3.8522883580961746,12,17,0.0033243708312511444,-0.06327927112579346,-0.09116889536380768,-0.009300939738750458,-0.15112379565835,-0.0033255331218242645,-0.01306268572807312,-0.06914588063955307,0.19169329073482427
C1COC2=NC(=C3C(=C2)N(CC4=C(C=CC=N4)OCC=C1)C(=O)N3)N,Nc1nc2cc3c1[nH]c(=O)n3Cc1ncccc1OCC=CCCO2,4.798791745137768,12,17,0.019502727314829826,-0.06056604161858559,-0.11014585196971893,-0.1111278235912323,-0.1512091662734747,-0.08343556523323059,-0.01696075312793255,-0.12063669413328171,0.258160237388724
CC1=CC(=NN1CC2=CC=CC=C2)NC(=O)CN3C=C(C=N3)C(=O)O,Cc1cc(NC(=O)Cn2cc(C(=O)O)cn2)nn1Cc1ccccc1,2.2220055156999354,11,15,0.11041778326034546,-0.22411200404167175,-0.03761648014187813,-0.01539374329149723,-0.15131070092320442,-0.05231328308582306,0.10193099826574326,-0.14926758408546448,0.15561959654178675
CC1=C(C(=O)NC(=N1)C2=CC=CO2)C(=O)N3CCC(C3)C4=NC=CN4,Cc1nc(-c2ccco2)[nH]c(=O)c1C(=O)N1CCC(c2ncc[nH]2)C1,3.2904581532498476,12,17,-0.135470449924469,0.050112344324588776,-0.06662925332784653,-0.01748005859553814,-0.15198735892772675,0.004625599831342697,-0.0692477822303772,-0.04334113001823425,0.2680115273775216
CC1=C(OC=C1)C(=O)N2CCN3C(=C(N=N3)COC4=CN=CC=C4)C2,Cc1ccoc1C(=O)N1CCn2nnc(COc3cccnc3)c2C1,2.9127418578837023,11,17,-0.2086375504732132,-0.14803799986839294,0.20442472398281097,-0.13891857862472534,-0.15225082635879517,-0.19790467619895935,-0.05951465666294098,-0.07749274373054504,0.16666666666666666
CCNC1=C2C(=CC(=N1)NC(=O)O)N=C(C(=N2)C3=CC=C(C=C3)O)C,CCNc1nc(NC(=O)O)cc2nc(C)c(-c3ccc(O)cc3)nc12,2.5861182691436753,10,15,-0.005434451624751091,-0.14855584502220154,0.0011337772011756897,-0.02052721194922924,-0.15285651944577694,-0.1038854792714119,0.05450591444969177,-0.052331238985061646,0.34296028880866425
COC1=CC=C(C=C1)C2CN3C(=C(N=N3)C4=NC(=NO4)C5CC5)CO2,COc1ccc(C2Cn3nnc(-c4nc(C5CC5)no4)c3CO2)cc1,3.3945498813847266,8,14,-0.17048615217208862,0.040490929037332535,-0.022898968309164047,-0.06142864376306534,-0.15289419144392014,-0.0908648893237114,-0.1237310990691185,0.05373821035027504,0.1761904761904762
CC(CN1C=C(C=CC1=O)C2=CN=C3C(=N2)C(=CN3)/C=C/C(=O)N)O,CC(O)Cn1cc(-c2cnc3[nH]cc(/C=C/C(N)=O)c3n2)ccc1=O,3.5021402411619356,13,17,-0.19492684304714203,0.16471920907497406,-0.12305638194084167,-0.04441129416227341,-0.15326401591300964,-0.0267668217420578,-0.13067926466464996,0.02455008774995804,0.32894736842105265
CC1(CC2=C(C(N3C(=NC=N3)N2)C4=CC=CC=C4[N+](=O)[O-])C(=O)C1)C,CC1(C)CC(=O)C2=C(C1)Nc1ncnn1C2c1ccccc1[N+](=O)[O-],3.451538482920177,10,16,-0.06589002162218094,-0.21506339311599731,0.1276887208223343,-0.047348394989967346,-0.15326469391584396,-0.09999734163284302,0.056837160140275955,-0.13714268803596497,0.17942583732057416
C1=CC=C(C=C1)C2=C(N(C=N2)[C@@H](CCC(=O)N)C(=O)O)C3=NC=CN3,NC(=O)CC[C@@H](C(=O)O)n1cnc(-c2ccccc2)c1-c1ncc[nH]1,3.146330471776391,12,15,-0.15943238139152527,0.04368540644645691,-0.037827134132385254,-0.0409608818590641,-0.1535741090774536,-0.04859368875622749,-0.0711561068892479,-0.023228351026773453,0.2833333333333333
CC1=CC=C(C=C1)CN2C=C(C=N2)NC(=O)CN3C(=CC=N3)C(=O)O,Cc1ccc(Cn2cc(NC(=O)Cn3nccc3C(=O)O)cn2)cc1,2.232407682547173,11,15,-0.11087287217378616,0.023974157869815826,-0.06682506948709488,-0.061164334416389465,-0.15372378379106522,-0.08136392384767532,-0.06449699401855469,-0.014237973839044571,0.15773809523809523
CC1=CC=C(C=C1)CN2C=C(C=N2)NC(=O)C3=NN(C=C3C(=O)O)C,Cc1ccc(Cn2cc(NC(=O)c3nn(C)cc3C(=O)O)cn2)cc1,2.24054398342939,10,15,-0.06625373661518097,-0.22899070382118225,0.1414051204919815,-0.08408099412918091,-0.1538393199443817,-0.16553275287151337,0.009959720075130463,-0.061982475221157074,0.12536443148688048
CC1=CC=C(C=C1)[C@H](C2=NC(=NN2)C3=C(C=CC(=C3)[N+](=O)[O-])OC)N,COc1ccc([N+](=O)[O-])cc1-c1n[nH]c([C@H](N)c2ccc(C)cc2)n1,2.880161120282814,10,15,-0.28733348846435547,-0.00645233690738678,0.13963298499584198,-0.139620840549469,-0.15415284037590027,-0.16415058076381683,-0.15121379494667053,0.005494463257491589,0.3150684931506849
CC1=CN2C(=NC(=C2N=NC3=C(C=CC(=C3)[N+](=O)[O-])O)C(C)C)C=C1,Cc1ccc2nc(C(C)C)c(N=Nc3cc([N+](=O)[O-])ccc3O)n2c1,2.98056294186226,10,16,-0.13623738288879395,-0.10438425093889236,0.08592858910560608,-0.09285196661949158,-0.15469304472208023,-0.13148653507232666,-0.032160595059394836,-0.07128152251243591,0.2125
CC(C)N1C2=C(C=C(C=C2)[N+](=O)[O-])C3=C1C=C(C=C3)C(=O)N=C(N)N,CC(C)n1c2ccc([N+](=O)[O-])cc2c2ccc(C(=O)N=C(N)N)cc21,2.53203653029429,9,16,-0.08256752789020538,0.06616687029600143,-0.13830150663852692,-0.04312523826956749,-0.15470216423273087,-0.0273850429803133,-0.07719848304986954,-0.023410791531205177,0.14950166112956811
CC1=NC2=CC=CC=C2C(=C1)CNC(=O)C(C)N3C=C(C=N3)[N+](=O)[O-],Cc1cc(CNC(=O)C(C)n2cc([N+](=O)[O-])cn2)c2ccccc2n1,2.8033881532498466,12,17,0.08228370547294617,-0.2427416741847992,0.004907911643385887,-0.027552150189876556,-0.15555005706846714,-0.07820674777030945,0.11278931796550751,-0.1557232141494751,0.16184971098265896
COC1=CC(=CC(=C1)N2C=NN=N2)NC(=O)[C@@H](C3=CC=CC=C3)OC,COc1cc(NC(=O)[C@H](OC)c2ccccc2)cc(-n2cnnn2)c1,2.6986869994036926,11,15,0.01438702642917633,-0.23760530352592468,0.06727034598588943,-0.04425843805074692,-0.15594793111085892,-0.12220850586891174,0.07480957359075546,-0.10770571231842041,0.2037037037037037
CN(C)C1=CC=C(C=C1)C2=NN(C(=O)C(=C2)C(=O)OC)C3=CNN=C3,COC(=O)c1cc(-c2ccc(N(C)C)cc2)nn(-c2cn[nH]c2)c1=O,2.5769540933195003,8,14,-0.04115452617406845,-0.15474620461463928,0.03984428942203522,-0.08199261873960495,-0.15605644136667252,-0.06469063460826874,-0.0609721913933754,-0.09578607976436615,0.19658119658119658
CC1=NC=CN1C2=NC=C(C=C2)NC(=O)CCNC(=O)C3=COC=C3,Cc1nccn1-c1ccc(NC(=O)CCNC(=O)c2ccoc2)cn1,2.408826236176644,13,17,-0.14184612035751343,0.09569956362247467,-0.11001951992511749,-0.026302363723516464,-0.15616607666015625,-0.049012910574674606,-0.03741194307804108,-0.009527580812573433,0.17174515235457063
CC1=NN(N=C1C(=O)N2CCCN2C(=O)OCC#C)C3=CC=CC=C3,C#CCOC(=O)N1CCCN1C(=O)c1nn(-c2ccccc2)nc1C,2.882706924150641,9,15,-0.1238778829574585,-0.0960284098982811,0.06356045603752136,-0.09626906365156174,-0.15634583681821823,-0.11779574304819107,-0.043033160269260406,-0.08047983795404434,0.12162162162162163
C1CN(CCC1C(=O)NC2=NN=C3N2C=CC=C3)C(=O)C4=COC=C4,O=C(Nc1nnc2ccccn12)C1CCN(C(=O)c2ccoc2)CC1,2.4690465997172115,11,15,-0.08591991662979126,0.043246060609817505,-0.11375157535076141,-0.08279688656330109,-0.15642543137073517,-0.04648064821958542,-0.09597451239824295,-0.049710482358932495,0.2616822429906542
CC(C(=O)NN=CC1=C(C=CC(=C1)OC)O)N2C3=CC=CC=C3N=N2,COc1ccc(O)c(C=NNC(=O)C(C)n2nnc3ccccc32)c1,2.7987393558500635,13,17,-0.007566845044493675,-0.05519488826394081,-0.0937160775065422,-0.04690923914313316,-0.1564778108149767,-0.05616087093949318,-0.004036491736769676,-0.07854718714952469,0.18322981366459629
CC1=C(N=C2N1C=CC(=C2)C(=O)O)CCC3=C(C(=CC=C3)N)ON=N,Cc1c(CCc2cccc(N)c2ON=N)nc2cc(C(=O)O)ccn12,3.1110615658469722,12,17,-0.04242045804858208,-0.012285061180591583,-0.10195724666118622,-0.06504220515489578,-0.15666276589035988,-0.041837453842163086,-0.047150157392024994,-0.08048718422651291,0.1829652996845426
COC(=O)C1=CC=C(C=C1)C(=O)NCCCC2=CN3C(=NC=N3)N=C2,COC(=O)c1ccc(C(=O)NCCCc2cnc3ncnn3c2)cc1,2.314405082330488,10,15,-0.13057759404182434,0.246002659201622,-0.27226388454437256,-0.0728457123041153,-0.1568388193845749,0.060363493859767914,-0.22734546661376953,6.854906678199768e-05,0.18456375838926176
COC1=C(C=CC(=C1)N2C=NN=N2)NC(=O)[C@H](C3=CC=CC=C3)OC,COc1cc(-n2cnnn2)ccc1NC(=O)[C@@H](OC)c1ccccc1,2.621961999403693,11,15,-0.039373867213726044,-0.1877729892730713,0.07008862495422363,-0.08081361651420593,-0.1570582315325737,-0.15046556293964386,0.03857532888650894,-0.09449100494384766,0.2
C1=CC=C(C=C1)CC2=CC=C(C=C2)NC(=O)CN3C=NC(=N3)N(O)O,O=C(Cn1cnc(N(O)O)n1)Nc1ccc(Cc2ccccc2)cc1,2.43556854386895,10,13,-0.13257485628128052,-0.10654324293136597,0.08198860287666321,0.0009836051613092422,-0.15712949633598328,-0.0677180215716362,-0.03831702470779419,0.016083762049674988,0.19
CC1=CC=CC=C1CN2C=CC(=N2)NC(=O)CN3C=C(C=N3)C(=O)O,Cc1ccccc1Cn1ccc(NC(=O)Cn2cc(C(=O)O)cn2)n1,2.2836326012904014,13,17,0.10151683539152145,-0.24540874361991882,-0.013274840079247952,-0.026980824768543243,-0.15716674830764532,-0.069185271859169,0.09193025529384613,-0.140635147690773,0.16167664670658682
CN(C)C1=NN=C2CCN(CC2=C1)C(=O)C3=NOC(=C3)C4=CC=CO4,CN(C)c1cc2c(nn1)CCN(C(=O)c1cc(-c3ccco3)on1)C2,2.8534723900227963,9,16,-0.12923313677310944,-0.045963551849126816,0.01748775504529476,-0.06548920273780823,-0.1577089335769415,-0.11191268265247345,-0.0662209540605545,0.001215978991240263,0.1262135922330097
CC(C1=NC2=CC=CC=C2N1)NC(=O)C3=CC(=C(C=C3)NC)[N+](=O)[O-],CNc1ccc(C(=O)NC(C)c2nc3ccccc3[nH]2)cc1[N+](=O)[O-],2.6295635378652307,13,17,0.1386776864528656,-0.18937820196151733,-0.10702142119407654,-0.012046394869685173,-0.15772193670272827,-0.0013714563101530075,0.04695676639676094,-0.14472411572933197,0.16987179487179488
CC1=C(C=CC(=C1)C(=O)N[C@H](C)C2=NC=NN2)NC(=O)C3=CC=CO3,Cc1cc(C(=O)N[C@H](C)c2ncn[nH]2)ccc1NC(=O)c1ccco1,2.731164274593292,13,17,0.030383430421352386,-0.2217833548784256,0.03292488306760788,-0.03736907243728638,-0.15847504138946533,-0.07440546900033951,0.0698506161570549,-0.1413607895374298,0.13583815028901733
C[C@@H](C(=O)NCC1=CC(=NC=C1)N2C=CC=N2)NC(=O)C3=COC=C3,C[C@H](NC(=O)c1ccoc1)C(=O)NCc1ccnc(-n2cccn2)c1,2.8919369994036934,14,17,0.13541343808174133,-0.2905781865119934,-0.0033116601407527924,-0.013401742093265057,-0.15847640857100487,-0.06261114031076431,0.13564281165599823,-0.17572417855262756,0.12921348314606743
COC1=CC=C(C=C1)NC(=O)CN2C=C(N=C2)C3=NOC(=N3)C4CC4,COc1ccc(NC(=O)Cn2cnc(-c3noc(C4CC4)n3)c2)cc1,2.3534108515612573,9,14,-0.2536594867706299,0.06942249089479446,0.025156481191515923,-0.003607098013162613,-0.1590805146843195,-0.10055546462535858,-0.06301663815975189,0.08930797874927521,0.28402366863905326
CC1=NC2=CC=CC=C2C(=C1)CNC(=O)[C@@H](C)N3C=C(C=N3)[N+](=O)[O-],Cc1cc(CNC(=O)[C@@H](C)n2cc([N+](=O)[O-])cn2)c2ccccc2n1,2.8033881532498466,12,17,0.08339683711528778,-0.2213725447654724,-0.021651457995176315,-0.02328917197883129,-0.15962716564536095,-0.06524963676929474,0.10506373643875122,-0.15336106717586517,0.16184971098265896
COC1=NC=CN=C1O[C@H]2CCN(C2)C(=O)C3=CC4=C(C=C3)N=CN4,COc1nccnc1O[C@H]1CCN(C(=O)c2ccc3nc[nH]c3c2)C1,3.0535760141560644,12,17,-0.1484653800725937,-0.10964132845401764,0.0982719361782074,-0.1336091160774231,-0.15983477234840393,-0.11731183528900146,-0.10530960559844971,-0.10002342611551285,0.21926910299003322
CCOC1=C(C=C2C(=C1)CC(O2)C)NC(=O)C3=CC=NC4=NC=NN34,CCOc1cc2c(cc1NC(=O)c1ccnc3ncnn13)OC(C)C2,3.073198537865232,11,17,0.03620441257953644,-0.25390923023223877,0.057847075164318085,-0.0651363879442215,-0.15985774248838425,-0.13709089159965515,0.05439286306500435,-0.10320673882961273,0.25075528700906347
CC(C)C1=C(N2C=CC(=CC2=N1)CO)N=NC3=CC(=CC=C3)[N+](=O)[O-],CC(C)c1nc2cc(CO)ccn2c1N=Nc1cccc([N+](=O)[O-])c1,2.993300027385432,11,16,-0.12237460911273956,0.01571446657180786,-0.05341393128037453,-0.08348995447158813,-0.16007407382130623,-0.08474353700876236,-0.09010670334100723,-0.025552529841661453,0.1792452830188679
CC1=C(C=CC(=C1)C(=O)N[C@@H](C)C2=NC=NN2)NC(=O)C3=CC=CO3,Cc1cc(C(=O)N[C@@H](C)c2ncn[nH]2)ccc1NC(=O)c1ccco1,2.731164274593292,13,17,0.022628730162978172,-0.2224660962820053,0.03969142585992813,-0.039125122129917145,-0.160145940259099,-0.0801810622215271,0.06835699081420898,-0.13802222907543182,0.13583815028901733
COC1=C(C=CC(=C1)N2CCN(CC2)C3=NC=CC(=C3)C#N)[N+](=O)[O-],COc1cc(N2CCN(c3cc(C#N)ccn3)CC2)ccc1[N+](=O)[O-],2.2799116912145614,9,15,-0.1905737668275833,-0.2020929753780365,0.2324109524488449,-0.072860948741436,-0.1602557897567749,-0.17130093276500702,-0.02699984982609749,-0.04161052778363228,0.24475524475524477
CC1=NOC(=C1NC(=O)C(=O)NCCN2C=CN=C2)C3=CC=CC=C3,Cc1noc(-c2ccccc2)c1NC(=O)C(=O)NCCn1ccnc1,2.405339697715103,11,15,-0.11197081208229065,-0.14015112817287445,0.09125089645385742,-0.02128264307975769,-0.16087104380130768,-0.11402211338281631,0.026789162307977676,-0.03171148896217346,0.20977011494252873
C1CC1C2=CC(=NN2)NC(=O)CC3=CC=C(C=C3)N4C=C(NC4=O)O,O=C(Cc1ccc(-n2cc(O)[nH]c2=O)cc1)Nc1cc(C2CC2)[nH]n1,2.702322742135472,11,14,0.032589297741651535,-0.09459707885980606,-0.099080890417099,-0.014377300627529621,-0.16108867153525352,-0.044387347996234894,0.027034323662519455,-0.07513891160488129,0.23054755043227665
COC1=CC=CC(=C1)N2CCN(CC2)C3=NC(=C(C=C3)[N+](=O)[O-])C#N,COc1cccc(N2CCN(c3ccc([N+](=O)[O-])c(C#N)n3)CC2)c1,2.325662503782276,9,15,-0.06279172748327255,-0.19556748867034912,0.09726355969905853,-0.06198997050523758,-0.16109565645456314,-0.11548927426338196,-0.007554762065410614,-0.07465548813343048,0.23920265780730898
CN(C)C1=CC(=O)N(N=C1)CC(=O)NC2=CC=CC(=C2)C3=CN=CO3,CN(C)c1cnn(CC(=O)Nc2cccc(-c3cnco3)c2)c(=O)c1,2.5384388851473894,11,16,-0.1439591348171234,-0.040258102118968964,0.022786853834986687,-0.006542454473674297,-0.1614303831011057,-0.0575314499437809,-0.047799933701753616,0.004649394191801548,0.2144927536231884
C1C(OC2=CC=CC=C2O1)CN3C=C(C=N3)NC(=O)CN4C=CC=N4,O=C(Cn1cccn1)Nc1cnn(CC2COc3ccccc3O2)c1,2.908403371545065,14,17,0.021537847816944122,-0.19328440725803375,0.010099094361066818,-0.09480137377977371,-0.1616474650800228,-0.08605411648750305,0.01894437149167061,-0.17492513358592987,0.2698961937716263
CCC1=C2[C@@H](C(=C(OC2=NN1)N)C#N)C3=CC=C(C=C3)OCC(=O)N,CCc1[nH]nc2c1[C@H](c1ccc(OCC(N)=O)cc1)C(C#N)=C(N)O2,3.1150314499531433,9,15,-0.019443262368440628,-0.2073572278022766,0.06500126421451569,-0.10731201618909836,-0.16179922595620155,-0.1710720956325531,0.013698279857635498,-0.08705926686525345,0.2180232558139535
CCC1=C2[C@H](C(=C(OC2=NN1)N)C#N)C3=CC=C(C=C3)OCC(=O)N,CCc1[nH]nc2c1[C@@H](c1ccc(OCC(N)=O)cc1)C(C#N)=C(N)O2,3.1150314499531433,9,15,-0.019080014899373055,-0.20754331350326538,0.06475433707237244,-0.10723926872015,-0.161868991330266,-0.17199300229549408,0.013764552772045135,-0.08559135347604752,0.2180232558139535
CC1=C(C(=O)NN1)[C@H](CC(=O)N)C2=CC(=CC=C2)OC3=NC=CC=N3,Cc1[nH][nH]c(=O)c1[C@H](CC(N)=O)c1cccc(Oc2ncccn2)c1,3.2312405476160446,12,16,0.019170086830854416,-0.09811051934957504,-0.08296938240528107,-0.05561209097504616,-0.1619098149240017,-0.06364354491233826,-0.03582458198070526,-0.05093830078840256,0.264026402640264
C1CN(CC2=NC(=CC(=O)N2C1)CN3C=CN=C3)C(=O)C4=COC=C4,O=C(c1ccoc1)N1CCCn2c(nc(Cn3ccnc3)cc2=O)C1,2.8459730486107837,12,17,-0.19014067947864532,0.02143656089901924,0.006601803936064243,-0.04013611003756523,-0.16210231464356184,-0.041795630007982254,-0.07746219635009766,-0.03716287016868591,0.1790633608815427
CCN1C(=O)N2CCN(C(C2=N1)C3=CC=CC=C3)C(=O)C4=COC=N4,CCn1nc2n(c1=O)CCN(C(=O)c1cocn1)C2c1ccccc1,3.377871614788308,10,15,-0.05913735181093216,-0.22705122828483582,0.12391722947359085,-0.04370654746890068,-0.16227135062217712,-0.11082340776920319,0.03504136949777603,-0.09900546818971634,0.13681592039800994
COC1=NC=CN=C1O[C@@H]2CCN(C2)C(=O)C3=CC4=C(C=C3)N=CN4,COc1nccnc1O[C@@H]1CCN(C(=O)c2ccc3nc[nH]c3c2)C1,3.0535760141560644,12,17,-0.15199507772922516,-0.11046378314495087,0.09952784329652786,-0.134791761636734,-0.16293101757764816,-0.11621566116809845,-0.1082659512758255,-0.10351873934268951,0.21926910299003322
COC(=O)C1=CC=CC(=C1)C2=NOC(=N2)C3=NNC(=C3)C4CCNC4,COC(=O)c1cccc(-c2noc(-c3cc(C4CCNC4)[nH]n3)n2)c1,3.035591188023293,12,17,0.07252156734466553,0.0972810685634613,-0.33305010199546814,-0.07382083684206009,-0.1632474660873413,0.08196907490491867,-0.17340828478336334,-0.08786250650882721,0.2086720867208672
COC1=CC(=C(C=C1)OC)/C=C(\C#N)/C2=NN(C(=C2C#N)N)CCO,COc1ccc(OC)c(/C=C(\C#N)c2nn(CCO)c(N)c2C#N)c1,2.723558259588014,10,17,-0.11185048520565033,-0.2608933746814728,0.2094249427318573,-0.1442124843597412,-0.1633189171552658,-0.18498387932777405,-0.014002140611410141,-0.15554501116275787,0.1586021505376344
CC(COC1=NC=C(C=C1)C2=CN=C3C(=N2)C(=CN3)/C=C/C(=O)N)O,CC(O)COc1ccc(-c2cnc3[nH]cc(/C=C/C(N)=O)c3n2)cn1,3.424540655958406,13,17,-0.15846267342567444,0.07079854607582092,-0.07575845718383789,-0.0759960189461708,-0.1634225845336914,-0.08458366990089417,-0.09548334032297134,-0.005153801292181015,0.3649122807017544
COC1=CC=CC(=C1)NC(=O)CN2C=C(N=C2)C3=NOC(=N3)C4CC4,COc1cccc(NC(=O)Cn2cnc(-c3noc(C4CC4)n3)c2)c1,2.400695466945873,11,16,-0.21032671630382538,0.020960628986358643,0.02586890012025833,-0.044277891516685486,-0.1634971871972084,-0.10373465716838837,-0.06961451470851898,0.022531989961862564,0.2831858407079646
CN1C(=NN=N1)C2=CC(=CC=C2)NC(=O)[C@H]3[C@@H]4C[C@@H]([C@H]3C(=O)O)C=C4,Cn1nnnc1-c1cccc(NC(=O)[C@@H]2[C@H](C(=O)O)[C@H]3C=C[C@H]2C3)c1,4.232811831055472,14,17,0.12615607678890228,-0.15593838691711426,-0.13378186523914337,0.017964228987693787,-0.16356417536735535,0.06786447018384933,0.08362506330013275,-0.22010089457035065,0.2568493150684932
CCC1=C2C(C(=C(OC2=NN1)N)C#N)C3=CC=C(C=C3)OCC(=O)N,CCc1[nH]nc2c1C(c1ccc(OCC(N)=O)cc1)C(C#N)=C(N)O2,3.1150314499531433,9,15,-0.02009655348956585,-0.1987072080373764,0.05520825833082199,-0.10686679184436798,-0.16359550319612026,-0.16541293263435364,0.00926269218325615,-0.08750222623348236,0.2180232558139535
CN(CC1=NC=CN1)C(=O)C2=CN=C(NC2=O)COC3=CC=CC=C3,CN(Cc1ncc[nH]1)C(=O)c1cnc(COc2ccccc2)[nH]c1=O,2.472966620792027,11,15,-0.2927245497703552,0.08580999821424484,0.04327993839979172,-0.006822232156991959,-0.16363461315631866,-0.06721004098653793,-0.14418262243270874,0.1295439898967743,0.2915129151291513
CC(C(=O)O)NCC1=CC(=CC=C1)OC2=NN=NN2C3=CC=CC=C3,CC(NCc1cccc(Oc2nnnn2-c2ccccc2)c1)C(=O)O,2.6640158455575396,12,15,-0.003401290625333786,-0.3569031357765198,0.1956717073917389,-0.03630596771836281,-0.16463271901011467,-0.13068142533302307,0.06696049869060516,-0.10897760093212128,0.15337423312883436
C1CN2C(=C(N=N2)COCC3=CN=CC=C3)CN1C(=O)C4=CC=CO4,O=C(c1ccco1)N1CCn2nnc(COCc3cccnc3)c2C1,2.8020514440768505,12,17,-0.2901221811771393,-0.03506050258874893,0.15982478857040405,-0.1534404158592224,-0.16535789519548416,-0.20000320672988892,-0.13840118050575256,-0.016340989619493484,0.11764705882352941
CC1C2=NN=C(N2CCN1C(=O)C3=COC=C3)COC4=CC=CC=N4,CC1c2nnc(COc3ccccn3)n2CCN1C(=O)c1ccoc1,3.245309206990626,12,17,-0.06010907515883446,-0.11571776121854782,0.010384885594248772,-0.08937065303325653,-0.1654419507831335,-0.10698436200618744,-0.04478306323289871,-0.07144145667552948,0.16445623342175067
C1CN(CC2=C1NN=C2C(=O)O)C(=O)CCC3=NC4=CC=CC=C4N3,O=C(O)c1n[nH]c2c1CN(C(=O)CCc1nc3ccccc3[nH]1)CC2,2.5317108515612574,12,17,-0.21917060017585754,0.08721134811639786,-0.03351818770170212,-0.06275707483291626,-0.1654774397611618,-0.052662111818790436,-0.17942915856838226,0.04865876957774162,0.16473988439306358
C1CC(CN(C1)C(=O)C2=NNC3=CC=CC=C32)N4C=C(C=N4)C(=O)O,O=C(O)c1cnn(C2CCCN(C(=O)c3n[nH]c4ccccc34)C2)c1,2.9154793070960014,13,17,-0.3397258520126343,0.178523987531662,-0.004782581701874733,-0.07646315544843674,-0.16598444618284702,-0.046024490147829056,-0.25480684638023376,0.07758523523807526,0.125
CC1(C(C(C2=C(O1)C=CC(=C2)C3=NNN=N3)N4C=CC=CC4=O)O)C,CC1(C)Oc2ccc(-c3nn[nH]n3)cc2C(n2ccccc2=O)C1O,3.494759755712643,12,16,0.07970310747623444,-0.24205029010772705,-0.0038451198488473892,-0.08010368794202805,-0.16619230248034,-0.07402698695659637,0.046727389097213745,-0.18560519814491272,0.3
COC(=O)C1=C(C(=CN1C2=CC=CC=C2N3CCNC(=O)C3)C#N)N,COC(=O)c1c(N)c(C#N)cn1-c1ccccc1N1CCNC(=O)C1,2.8002787087041145,11,17,-0.10283501446247101,-0.2708187699317932,0.20695561170578003,-0.11319856345653534,-0.1666981726884842,-0.18342122435569763,0.011945147067308426,-0.12055536359548569,0.14511873350923482
C[C@@H]1CC2=C([C@@H](N3C(=NC(=N3)C)N2)C4=CC=CC=C4[N+](=O)[O-])C(=O)C1,Cc1nc2n(n1)[C@@H](c1ccccc1[N+](=O)[O-])C1=C(C[C@@H](C)CC1=O)N2,3.742964182271999,11,17,0.039124179631471634,-0.05626719817519188,-0.1496540904045105,-0.014080481603741646,-0.16679710894823074,0.025905467569828033,0.027275484055280685,-0.16959278285503387,0.17906976744186046
CCCC(=O)NC1=CC2=NN(N=C2C=C1C)C3=CC(=CC=C3)[N+](=O)[O-],CCCC(=O)Nc1cc2nn(-c3cccc([N+](=O)[O-])c3)nc2cc1C,2.3010595878249944,11,17,-0.05341421812772751,-0.10662885755300522,-0.007184811867773533,-0.08321109414100647,-0.16722788754850626,-0.11332188546657562,-0.017593907192349434,-0.07527346909046173,0.1523809523809524
CC(C)NC(=O)C1=CC(=C(C=C1)NC2=CC3=C(C=C2)NN=C3)[N+](=O)[O-],CC(C)NC(=O)c1ccc(Nc2ccc3[nH]ncc3c2)c([N+](=O)[O-])c1,2.261271675737083,12,16,-0.06722677499055862,0.02927641198039055,-0.12933480739593506,-0.061467140913009644,-0.16728517040610313,-0.029793720692396164,-0.0952693521976471,-0.042701974511146545,0.15100671140939598
CC1=NC2=CC=CC=C2C(=C1)CNC(=O)[C@H](C)N3C=C(C=N3)[N+](=O)[O-],Cc1cc(CNC(=O)[C@H](C)n2cc([N+](=O)[O-])cn2)c2ccccc2n1,2.8033881532498466,12,17,0.08895209431648254,-0.23387013375759125,-0.022715598344802856,-0.02326519601047039,-0.16763363778591156,-0.06538308411836624,0.10690884292125702,-0.1591247022151947,0.16184971098265896
C1CC(CN(C1)C2=NC3=CC=CC=C3N2C4=NC=C(C=C4)[N+](=O)[O-])O,O=[N+]([O-])c1ccc(-n2c(N3CCCC(O)C3)nc3ccccc32)nc1,2.875783153249847,13,17,-0.1171942874789238,-0.053846217691898346,0.003087064251303673,-0.10005827248096466,-0.16795344091951847,-0.0725482702255249,-0.09706506133079529,-0.09193680435419083,0.20943952802359883
CC(C)N1C=C(C=CC1=O)C2=C(N=C(C(=N2)C(=O)N)N)C3=CC=CO3,CC(C)n1cc(-c2nc(C(N)=O)c(N)nc2-c2ccco2)ccc1=O,2.7527134435345015,10,16,-0.117589570581913,0.05670056492090225,-0.10739205777645111,-0.005101289600133896,-0.16828106343746185,0.0024430910125374794,-0.05458461493253708,-0.034241221845149994,0.2471590909090909
CCN1C=CC(=N1)CNC(=O)C2=CC(=NN2)C3=CC4=C(C=C3)OCO4,CCn1ccc(CNC(=O)c2cc(-c3ccc4c(c3)OCO4)n[nH]2)n1,2.5057958094116266,12,17,0.08788332343101501,-0.2272973358631134,-0.028895018622279167,-0.11332064867019653,-0.16830903105437756,-0.09541667997837067,-0.009727727621793747,-0.14896723628044128,0.24675324675324675
CC1=CC=C(C=C1)C(C2=NC(=NN2)C3=CC(=C(C=C3)OC)[N+](=O)[O-])N,COc1ccc(-c2n[nH]c(C(N)c3ccc(C)cc3)n2)cc1[N+](=O)[O-],2.859154526876221,10,15,-0.29336947202682495,-0.017266031354665756,0.1421799659729004,-0.14586706459522247,-0.16845553740859032,-0.16638816893100739,-0.15255135297775269,-0.012478391639888287,0.2739273927392739
C1CC1C2=NN(C(=O)C=C2)C3COCC3NC4=C5C(=CN=N4)C=CO5,O=c1ccc(C2CC2)nn1C1COCC1Nc1nncc2ccoc12,4.097846524587218,12,16,0.005378822796046734,-0.054364100098609924,-0.11980634927749634,-0.06635751575231552,-0.16879162658005953,-0.041570886969566345,-0.021628137677907944,-0.11093181371688843,0.15647921760391198
CN(C)C(=O)C1CCCN1C2=NC3=C(C=C(C=C3)[N+](=O)[O-])C(=C2)C#N,CN(C)C(=O)C1CCCN1c1cc(C#N)c2cc([N+](=O)[O-])ccc2n1,3.0512780529154,9,16,-0.2088145911693573,0.009556327015161514,0.03045736812055111,-0.09694153070449829,-0.16880089603364468,-0.10147103667259216,-0.14252562820911407,-0.005638444796204567,0.19753086419753085
CC(C(=O)O)NCC1=CC=C(C=C1)OC2=NN=NN2C3=CC=CC=C3,CC(NCc1ccc(Oc2nnnn2-c2ccccc2)cc1)C(=O)O,2.617852384019079,10,13,0.0069479867815971375,-0.3542978763580322,0.1782115399837494,-0.038755543529987335,-0.1691383495926857,-0.13942697644233704,0.0766327828168869,-0.10733013600111008,0.15076923076923077
CC(C)N(CC1=CC=C(C=C1)C#N)C(=O)C2=C(N=CC(=C2)[N+](=O)[O-])N,CC(C)N(Cc1ccc(C#N)cc1)C(=O)c1cc([N+](=O)[O-])cnc1N,2.4252969375341085,8,14,0.040636010468006134,-0.17688482999801636,-0.03295404464006424,-0.03019506298005581,-0.16920286417007446,-0.06499535590410233,0.044003065675497055,-0.11145003139972687,0.15141955835962145
C1CN(CCC1OC2=NC=NC=C2)C(=O)C3=NNC(=C3)C4=CC=CO4,O=C(c1cc(-c2ccco2)[nH]n1)N1CCC(Oc2ccncn2)CC1,2.6674574731828784,11,15,0.004287879914045334,0.036175332963466644,-0.20966699719429016,-0.07672194391489029,-0.16920378431677818,-0.0024482752196490765,-0.0842539370059967,-0.09741714596748352,0.23728813559322035
C1C[C@H](OC1)C2=C(N=CO2)C(=O)NC3=NN=CN3CC4=CC=CC=C4,O=C(Nc1nncn1Cc1ccccc1)c1ncoc1[C@@H]1CCCO1,3.2397193798610733,11,15,0.0030719228088855743,-0.13380292057991028,-0.0385916605591774,-0.03476801514625549,-0.1693226583302021,0.0012448178604245186,-0.007239102385938168,-0.1466144323348999,0.1775
COC(=O)C1=C(C(=CN1C2=CC=C(C=C2)N3CCNC(=O)C3)C#N)N,COC(=O)c1c(N)c(C#N)cn1-c1ccc(N2CCNC(=O)C2)cc1,2.7153325548579605,9,15,-0.10371315479278564,-0.26480042934417725,0.199160635471344,-0.11320531368255615,-0.1693529486656189,-0.17418918013572693,-0.002900932915508747,-0.12082056701183319,0.14516129032258066
CC(C1=NN=C2N1C=CC=C2)NC(=O)NC3=CC4=C(C=C3)OCCO4,CC(NC(=O)Nc1ccc2c(c1)OCCO2)c1nnc2ccccn12,2.74252311636892,13,17,-0.08174678683280945,-0.29065147042274475,0.20239275693893433,-0.15375031530857086,-0.17000550031661987,-0.2051094025373459,-0.006697982549667358,-0.14016135036945343,0.27631578947368424
CCCN1CC2=C(C1=O)C(=C(N2)C(=O)ON3C4=CC=CC=C4N=N3)C,CCCN1Cc2[nH]c(C(=O)On3nnc4ccccc43)c(C)c2C1=O,2.9179327096327636,10,17,-0.08317980915307999,-0.1360066831111908,0.04871530085802078,-0.06879261136054993,-0.17047119140625,-0.13651248812675476,0.007729433476924896,-0.07019196450710297,0.12903225806451613
CCOC(=O)C1=CC(=NN1)C2=CN3C=C(N=C3C=C2)NC(=O)C4CC4,CCOC(=O)c1cc(-c2ccc3nc(NC(=O)C4CC4)cn3c2)n[nH]1,2.605699990239481,11,16,0.05285849794745445,-0.07679852843284607,-0.14664563536643982,-0.04715857654809952,-0.17058566585183144,-0.013263005763292313,-0.03585398569703102,-0.09182950854301453,0.3293051359516616
CC1=C2C(C3=C(NC(=O)NC3=O)OC2=NN1)C4=CC=C(C=C4)N(C)C,Cc1[nH]nc2c1C(c1ccc(N(C)C)cc1)c1c([nH]c(=O)[nH]c1=O)O2,3.3682083730300665,8,14,0.16166391968727112,-0.35660985112190247,0.024070637300610542,-0.06364990025758743,-0.1708752941340208,-0.10085439682006836,0.058762189000844955,-0.14018943905830383,0.2147239263803681
C1CN(CC2=CC=CC=C21)C3=C(C=C(C=C3)C=NNC(=O)N)[N+](=O)[O-],NC(=O)NN=Cc1ccc(N2CCc3ccccc3C2)c([N+](=O)[O-])c1,2.332548527617595,13,17,-0.06343884766101837,-0.15328660607337952,0.045529112219810486,-0.05259699374437332,-0.1711963415145874,-0.06774244457483292,-0.04009987413883209,-0.07899846881628036,0.11180124223602485
C1=CC=C2C=C(C=CC2=C1)CC(CC(=O)NO)N3C(=CN=N3)C(=O)N,NC(=O)c1cnnn1C(CC(=O)NO)Cc1ccc2ccccc2c1,3.1641549571501724,14,17,-0.07470721006393433,0.028878916054964066,-0.12546241283416748,0.01065736636519432,-0.17129070684313774,-0.0236511193215847,-0.05458880960941315,0.034529782831668854,0.12034383954154727
CN1C=NC2=C1C(=O)N(C(=O)N2C)CC3=CC4=C(N3)C=CC(=C4)OC,COc1ccc2[nH]c(Cn3c(=O)c4c(ncn4C)n(C)c3=O)cc2c1,2.529720906506313,10,17,-0.3138469159603119,-0.11051630973815918,0.253002792596817,-0.14210230112075806,-0.17136043310165405,-0.25581908226013184,-0.10622227191925049,0.03848440945148468,0.2912280701754386
CCC(=O)N1C[C@@H]2C[C@H]1C3=C(N(C(=O)N23)C4=CN=C(C(=C4)C)C#N)O,CCC(=O)N1C[C@@H]2C[C@H]1c1c(O)n(-c3cnc(C#N)c(C)c3)c(=O)n12,4.744184342891963,10,17,0.05837980657815933,-0.13986188173294067,-0.0901283249258995,0.009170414879918098,-0.17161040008068085,0.014685078524053097,0.031068583950400352,-0.117544025182724,0.1568627450980392
CC1=CC=C(C=C1)N(CCC#N)C(=O)COC(=O)C2=NC=CN=C2N,Cc1ccc(N(CCC#N)C(=O)COC(=O)c2nccnc2N)cc1,2.412705082330488,9,15,-0.25218868255615234,0.07161980122327805,0.00838446244597435,-0.1124681681394577,-0.17218441888689995,-0.1311788260936737,-0.15575245022773743,0.03186383843421936,0.19393939393939394
CC(C)(C)C1=C2C(C(=C(OC2=NN1)N)C#N)C3=CC=CC=C3[N+](=O)[O-],CC(C)(C)c1[nH]nc2c1C(c1ccccc1[N+](=O)[O-])C(C#N)=C(N)O2,3.255629193973829,8,15,-0.02070961892604828,-0.2672785222530365,0.11575184017419815,-0.11372178792953491,-0.17223630100488663,-0.16884638369083405,0.015137290582060814,-0.12309053540229797,0.15324675324675324
CC1=CC=C(O1)C2N=C(NC3=NC4=CC5=C(C=C4N23)OCCCO5)N,Cc1ccc(C2N=C(N)Nc3nc4cc5c(cc4n32)OCCCO5)o1,3.633644507306749,11,17,-0.26953908801078796,-0.022042660042643547,0.11926048994064331,-0.20574654638767242,-0.1723212581127882,-0.2215976119041443,-0.14269965887069702,-0.052314989268779755,0.28160919540229884
CC(C(=O)O)N1C=CC(=N1)C(=O)NC2=CN(N=C2)CC3=CC=CC=C3,CC(C(=O)O)n1ccc(C(=O)Nc2cnn(Cc3ccccc3)c2)n1,2.6704596158717333,12,15,0.03984063118696213,-0.20661844313144684,-0.00622216984629631,-0.004606630653142929,-0.17299998179078102,-0.0692596435546875,0.06351472437381744,-0.08194123208522797,0.14655172413793102
CC(COC1=NN2C(=NC=C2C3=CC4=C(O3)C=CN=C4OC)C=C1)N,COc1nccc2oc(-c3cnc4ccc(OCC(C)N)nn34)cc12,3.4084350763267715,11,17,-0.09164954721927643,-0.2529031038284302,0.1712932139635086,-0.09418053925037384,-0.173259437084198,-0.18876442313194275,0.023381348699331284,-0.0683991089463234,0.30745341614906835
CN1C(=NN=N1)C2=CC(=CC=C2)NC(=O)[C@@H]3[C@@H]4C[C@@H]([C@H]3C(=O)O)C=C4,Cn1nnnc1-c1cccc(NC(=O)[C@H]2[C@H](C(=O)O)[C@H]3C=C[C@H]2C3)c1,4.232811831055472,14,17,0.12849555909633636,-0.17129862308502197,-0.13096114993095398,0.012333815917372704,-0.1737642139196396,0.05939304456114769,0.0841297060251236,-0.2250903993844986,0.2568493150684932
CC(C1=CC=C(O1)C(=O)OC)N2CC3=C(C2)C(=CC=C3)C4=NNN=N4,COC(=O)c1ccc(C(C)N2Cc3cccc(-c4nn[nH]n4)c3C2)o1,3.2523639224806162,11,17,-0.05914279818534851,-0.2632450759410858,0.14796032011508942,-0.10739289224147797,-0.1744275540113449,-0.11070467531681061,-0.05180230736732483,-0.13514629006385803,0.1681159420289855
C1=CN(N=C1)CC2=CC=C(C=C2)CNC(=O)CN3C=CC(=O)NC3=O,O=C(Cn1ccc(=O)[nH]c1=O)NCc1ccc(Cn2cccn2)cc1,2.2408204669458716,12,15,-0.03305436670780182,-0.15662920475006104,0.014998241327702999,-0.06610953062772751,-0.17468533013015985,-0.07945621013641357,-0.0274925846606493,-0.09068232774734497,0.23026315789473684
C1CC(OC1)C2=C(N=CO2)C(=O)NC3=NN=CN3CC4=CC=CC=C4,O=C(Nc1nncn1Cc1ccccc1)c1ncoc1C1CCCO1,3.2397193798610733,11,15,-0.07620560377836227,-0.04736120253801346,-0.05115761235356331,-0.05101865157485008,-0.17472441866993904,-0.014570506289601326,-0.05453062802553177,-0.11099529266357422,0.1775
C1CC(CN(C1)C(=O)C2=NNC(=C2)C3=CC=CO3)OC4=NC=CN=C4,O=C(c1cc(-c2ccco2)[nH]n1)N1CCCC(Oc2cnccn2)C1,3.141325616867311,13,17,-0.09693892300128937,0.043057989329099655,-0.12096481025218964,-0.10650941729545593,-0.17484574392437935,-0.04140477627515793,-0.1222764402627945,-0.08337785303592682,0.1940700808625337
CC1=NC(=C(C(=O)N1NC(=O)O)C#N)N2CCC3=CC=CC=C3CC2,Cc1nc(N2CCc3ccccc3CC2)c(C#N)c(=O)n1NC(=O)O,2.7304881592535644,7,12,-0.04287238419055939,-0.13582627475261688,0.00380915030837059,-0.030757013708353043,-0.17488950863480568,-0.06676574051380157,-0.032971546053886414,-0.038938216865062714,0.25
C[C@H](C(=O)NCC1=CC(=NC=C1)N2C=CC=N2)NC(=O)C3=COC=C3,C[C@@H](NC(=O)c1ccoc1)C(=O)NCc1ccnc(-n2cccn2)c1,2.8919369994036934,14,17,0.12086744606494904,-0.2923709452152252,-0.003434468060731888,-0.019587412476539612,-0.17493796721100807,-0.07210075110197067,0.1276804655790329,-0.1761952042579651,0.12921348314606743
COC1=C(C=C(C=C1)C=C(C#N)C2=NN(C(=C2C#N)N)CCO)OC,COc1ccc(C=C(C#N)c2nn(CCO)c(N)c2C#N)cc1OC,2.6612987278154385,10,17,-0.18044747412204742,-0.17374849319458008,0.17914679646492004,-0.15191908180713654,-0.17504917085170746,-0.19256219267845154,-0.06584937870502472,-0.10672588646411896,0.16666666666666666
CN(C)C1=CC2=C(C=C1)N=C3C(=CC(=O)C=C3OCCCN=[N+]=[N-])O2,CN(C)c1ccc2nc3c(OCCCN=[N+]=[N-])cc(=O)cc-3oc2c1,3.0189140747465224,9,16,-0.19321542978286743,-0.19952109456062317,0.2173767387866974,-0.09016025811433792,-0.1753597855567932,-0.18833646178245544,-0.0060691554099321365,-0.05769168585538864,0.32075471698113206
CC(C)C1=CC=C(C=C1)C2=NOC(=N2)COC(=O)C3=NC=CN=C3N,CC(C)c1ccc(-c2noc(COC(=O)c3nccnc3N)n2)cc1,2.322025450694518,8,14,-0.2802113890647888,0.34982579946517944,-0.24516981840133667,-0.04987286031246185,-0.17555540800094604,0.0008659698069095612,-0.26236027479171753,0.13109558820724487,0.22522522522522523
CN(C)/N=C\C(=C)N1C=CC(=O)C(=N1)CC2=CC3=C(C=C2)OC(=O)N3,C=C(/C=N\N(C)C)n1ccc(=O)c(Cc2ccc3oc(=O)[nH]c3c2)n1,3.482965302110708,10,16,-0.22304008901119232,-0.06402479112148285,0.11110027879476547,-0.09854404628276825,-0.1759646013379097,-0.16413825750350952,-0.0736854299902916,-0.017661022022366524,0.12962962962962962
CNC1=CC=C(C=C1)C2=NN(C(=O)C(=C2)C(=O)OC)C3=CN(N=C3)C,CNc1ccc(-c2cc(C(=O)OC)c(=O)n(-c3cnn(C)c3)n2)cc1,2.4700934339788407,9,15,-0.04363939166069031,-0.09620650857686996,-0.03627277910709381,-0.10302391648292542,-0.17611867934465408,-0.06933768093585968,-0.08605833351612091,-0.09434885531663895,0.1917808219178082
CO[C@@H]1CN(C[C@H]1C2=NNN=C2)C(=O)C3=CC=C(C=C3)C4=CN=CO4,CO[C@@H]1CN(C(=O)c2ccc(-c3cnco3)cc2)C[C@H]1c1cn[nH]n1,3.6467615930803685,11,15,-0.2450629323720932,0.03168124705553055,0.036967553198337555,-0.08240653574466705,-0.1764141321182251,-0.07850900292396545,-0.1725652515888214,0.0012903818860650063,0.14578005115089515
CC(C)C1CC2=C(C(=O)C1)N=C(O2)NC(=O)C3=CC4=NC=NN4C=C3,CC(C)C1CC(=O)c2nc(NC(=O)c3ccn4ncnc4c3)oc2C1,3.6884015443657745,10,16,-0.0987117663025856,-0.05767225846648216,-0.020138168707489967,-0.05882054567337036,-0.17652219347655773,-0.049476258456707,-0.0820547342300415,-0.05809905380010605,0.18798955613577023
C1COC2=C(O1)C=CC(=C2)NC3=NC=NC(=C3N)NCC4=CC=CO4,Nc1c(NCc2ccco2)ncnc1Nc1ccc2c(c1)OCCO2,2.3938911530165594,13,17,-0.04830879718065262,-0.15280453860759735,0.02451946586370468,-0.13773755729198456,-0.1765938699245453,-0.12943530082702637,-0.04974035918712616,-0.1278284639120102,0.2876712328767123
C[C@@H]1C2=NN=C(N2CCN1C(=O)C3=COC=C3)COC4=CC=CC=N4,C[C@@H]1c2nnc(COc3ccccn3)n2CCN1C(=O)c1ccoc1,3.245309206990626,12,17,-0.08057506382465363,-0.10875632613897324,0.01202336698770523,-0.0920334905385971,-0.17730802297592163,-0.10680849105119705,-0.056950345635414124,-0.07310536503791809,0.16445623342175067
CC1=C(OC=C1)C(=O)N2CC(N3C(=CC=N3)C2)COC4=NC=CC=N4,Cc1ccoc1C(=O)N1Cc2ccnn2C(COc2ncccn2)C1,3.5705363935027457,11,16,-0.10506701469421387,-0.16602081060409546,0.09311293065547943,-0.12401804327964783,-0.1779748946428299,-0.1563270390033722,-0.018582768738269806,-0.12739787995815277,0.1561712846347607
CC1=CC(=C(C(=O)N1/N=C\C2=CC(=C(C=C2)N(C)C)[N+](=O)[O-])C#N)C,Cc1cc(C)n(/N=C\c2ccc(N(C)C)c([N+](=O)[O-])c2)c(=O)c1C#N,2.7364002602868602,8,16,0.049305856227874756,-0.35232800245285034,0.12467977404594421,-0.0671263188123703,-0.17834237217903137,-0.14755092561244965,0.0880751758813858,-0.1404503732919693,0.14739884393063585
C1CN(CC2=C1NN=C2CO)C(=O)C3=CN(N=C3)C4=CC(=CC=C4)O,O=C(c1cnn(-c2cccc(O)c2)c1)N1CCc2[nH]nc(CO)c2C1,2.740735851561258,13,17,-0.192650705575943,-0.013719049282371998,0.026946093887090683,-0.13247710466384888,-0.1794236609712243,-0.11229388415813446,-0.18012544512748718,-0.01740213856101036,0.14121037463976946
CC1=CC=CC2=NC(=CN12)CNC3=C(C=C(C=C3)C(=O)NC)[N+](=O)[O-],CNC(=O)c1ccc(NCc2cn3c(C)cccc3n2)c([N+](=O)[O-])c1,2.377504203209609,12,17,0.1494414210319519,-0.11854034662246704,-0.21058377623558044,-0.08119243383407593,-0.17968270182609558,-0.018968354910612106,0.01540346723049879,-0.19216829538345337,0.16932907348242812
CCC1=NN2C=CC=C(C2=N1)NC(=O)NC3=CC=CC(=C3)C(=O)OC,CCc1nc2c(NC(=O)Nc3cccc(C(=O)OC)c3)cccn2n1,2.2560631538364486,12,17,0.10331305861473083,-0.04279609024524689,-0.24025683104991913,-0.09258487075567245,-0.17973986268043518,0.012627506628632545,-0.08140232414007187,-0.146139457821846,0.2012779552715655
C1=C=CN=CC2=NC=C(N=C21)CC/C=C/NC(=O)/C=C/CC(=O)NO,O=C(/C=C/CC(=O)NO)N/C=C/CCc1cnc2c(n1)C=C=CN=C2,4.430133928484334,14,17,-0.06592229008674622,0.2742905616760254,-0.38829946517944336,0.0004442315548658371,-0.17993119359016418,0.10155744850635529,-0.13119594752788544,-0.029845571145415306,0.12269938650306748
C1C[C@@H](OC1)C2=C(N=CO2)C(=O)NC3=NN=CN3CC4=CC=CC=C4,O=C(Nc1nncn1Cc1ccccc1)c1ncoc1[C@H]1CCCO1,3.2397193798610733,11,15,0.014105764217674732,-0.1544598937034607,-0.03991255164146423,-0.03526409715414047,-0.1802666811272502,-0.00015554577112197876,0.0005988646298646927,-0.15926796197891235,0.1775
CN1C=CN=C1C(C2=CC=C(C=C2)OC)NC3=NC=C(C=C3)[N+](=O)[O-],COc1ccc(C(Nc2ccc([N+](=O)[O-])cn2)c2nccn2C)cc1,2.7638294966951324,11,15,-0.14822512865066528,-0.010598596185445786,-0.021571092307567596,-0.047888193279504776,-0.18039481714367867,-0.09375883638858795,-0.05504073202610016,-0.007112214341759682,0.22839506172839505
CC1=CC=C(O1)[C@@H]2C=C(NC3=NN=NN23)C4=CC(=C(C=C4)OC)OC,COc1ccc(C2=C[C@@H](c3ccc(C)o3)n3nnnc3N2)cc1OC,3.4312581532498463,11,17,-0.23422843217849731,0.06365875154733658,-0.010949697345495224,-0.16081035137176514,-0.18151937797665596,-0.13420183956623077,-0.15163126587867737,-0.06130371242761612,0.17098445595854922
C1C2CN(CC1C3=CC=CC(=O)N3C2)N=NC4=CC(=CC=C4)[N+](=O)[O-],O=c1cccc2n1CC1CC2CN(N=Nc2cccc([N+](=O)[O-])c2)C1,4.439006249246477,13,17,0.013352133333683014,0.08367346227169037,-0.27898573875427246,-0.013247285038232803,-0.18196014314889908,0.07491497695446014,-0.08415019512176514,-0.07297821342945099,0.15591397849462366
CC1=CN2C(=NC(=N2)NC3=C(C=C(C=C3)N4CCOC4=O)OC)C=C1,COc1cc(N2CCOC2=O)ccc1Nc1nc2ccc(C)cn2n1,2.5707743130997187,11,17,-0.23681126534938812,-0.27313074469566345,0.3271861672401428,-0.1864646077156067,-0.18275584280490875,-0.2691403329372406,-0.06397756934165955,-0.08405046164989471,0.2716417910447761
C\1COC2=NC(=C3C(=C2)N(CC4=C(C=CC=N4)OC/C=C1)C(=O)N3)N,Nc1nc2cc3c1[nH]c(=O)n3Cc1ncccc1OC/C=C/CCO2,4.798791745137768,12,17,-0.006966711953282356,-0.05412624403834343,-0.12175412476062775,-0.1355106085538864,-0.18284708075225353,-0.10142576694488525,-0.039763446897268295,-0.13369940221309662,0.258160237388724
C1C[C@H](N(C1)/C(=N\O)/N)C2=NC(=NO2)C3=CC4=C(C=C3)C=C(C=C4)O,N/C(=N/O)N1CCC[C@H]1c1nc(-c2ccc3cc(O)ccc3c2)no1,3.0721081532498475,13,17,-0.2685123085975647,0.3182317614555359,-0.2330266833305359,-0.0849827378988266,-0.1833072304725647,-0.010850360617041588,-0.24066315591335297,0.05197018384933472,0.22018348623853212
CC1=C(C=C(C=C1)/C=N/NC2=NC(=CC(=C2C#N)COC)C)[N+](=O)[O-],COCc1cc(C)nc(N/N=C/c2ccc(C)c([N+](=O)[O-])c2)c1C#N,2.630805082330488,10,17,-0.02281315252184868,-0.34503915905952454,0.18410295248031616,-0.10694905370473862,-0.18374935910105705,-0.21745342016220093,0.08064687252044678,-0.12890112400054932,0.10746268656716418
CCN(CC)C(=O)C1=CC(=C(C(=C1)OC)O)NC(=C(C#N)C#N)C#N,CCN(CC)C(=O)c1cc(NC(C#N)=C(C#N)C#N)c(O)c(OC)c1,2.985858354431521,7,14,-0.1635075956583023,0.03469876945018768,-0.0549505352973938,-0.10550928115844727,-0.18375936150550842,-0.11909279227256775,-0.10957544296979904,-0.02011825144290924,0.19543973941368079
COC1=C(C=C(C=C1)/C=C(\C#N)/C2=NN(C(=C2C#N)N)CCO)OC,COc1ccc(/C=C(\C#N)c2nn(CCO)c(N)c2C#N)cc1OC,2.6612987278154385,10,17,-0.18147790431976318,-0.17248913645744324,0.17019237577915192,-0.15065893530845642,-0.1837746649980545,-0.18266193568706512,-0.07140155136585236,-0.11765565723180771,0.16666666666666666
C1CN(CCC1OC2=NC=CC=N2)C(=O)C3=NNC(=C3)C4=CC=CO4,O=C(c1cc(-c2ccco2)[nH]n1)N1CCC(Oc2ncccn2)CC1,2.646577847403252,10,14,-0.02514887973666191,0.06546783447265625,-0.22464874386787415,-0.13401693105697632,-0.1843297891318798,-0.03329529985785484,-0.13740801811218262,-0.10283681005239487,0.2159090909090909
C[C@@H]1CC2=C([C@H](N3C(=NC(=N3)C)N2)C4=CC=CC=C4[N+](=O)[O-])C(=O)C1,Cc1nc2n(n1)[C@H](c1ccccc1[N+](=O)[O-])C1=C(C[C@@H](C)CC1=O)N2,3.742964182271999,11,17,0.030116954818367958,-0.06553251296281815,-0.14981189370155334,-0.020107589662075043,-0.18522745184600353,0.017467167228460312,0.02224763110280037,-0.1746949851512909,0.17906976744186046
CCN1C=CC(=N1)C2=NC(=NO2)C3=CC4=C(C=C3)N(C(=O)O4)C(C)C,CCn1ccc(-c2nc(-c3ccc4c(c3)oc(=O)n4C(C)C)no2)n1,2.721906274096469,9,16,-0.11040850728750229,-0.19450044631958008,0.11957381665706635,-0.12580204010009766,-0.18533513695001602,-0.17978526651859283,-0.031359318643808365,-0.08751481026411057,0.20634920634920634
C1CN([C@H]2[C@]13N(CCO3)C(=O)C2)C(=O)C4=CN=NN4C5=CC=CC=C5,O=C(c1cnnn1-c1ccccc1)N1CC[C@@]23OCCN2C(=O)C[C@@H]13,4.341912293082972,10,15,-0.250919371843338,0.05038773640990257,0.01419872511178255,-0.07954059541225433,-0.1863329103216529,-0.1016722172498703,-0.1372290998697281,0.005367547273635864,0.11809045226130653
C1C(CC1N2C(=CN=N2)CO)C3=C(ON=C3C(=O)N)C4=CC=CC=C4,NC(=O)c1noc(-c2ccccc2)c1C1CC(n2nncc2CO)C1,3.082910607790944,10,14,-0.25738808512687683,0.19717641174793243,-0.1264336258172989,-0.030406957492232323,-0.1866452991962433,-0.014037875458598137,-0.17774951457977295,0.052370745688676834,0.14114832535885166
CC(/C=C/C1=NC2=C(NC1=O)N=C(N=C2OCC3=CC=CC=C3)N)O,CC(O)/C=C/c1nc2c(OCc3ccccc3)nc(N)nc2[nH]c1=O,3.3144091283311035,11,15,0.01901496946811676,-0.0429423563182354,-0.16279059648513794,-0.0012876726686954498,-0.18671798333525658,-0.004680642858147621,0.03054574877023697,-0.10907690227031708,0.30132450331125826
C[C@H]1CC2=C([C@@H](N3C(=NC(=N3)C)N2)C4=CC=CC=C4[N+](=O)[O-])C(=O)C1,Cc1nc2n(n1)[C@@H](c1ccccc1[N+](=O)[O-])C1=C(C[C@H](C)CC1=O)N2,3.742964182271999,11,17,0.03124641254544258,-0.06530386209487915,-0.1527436077594757,-0.02050168812274933,-0.18680105730891228,0.01877431944012642,0.021883370354771614,-0.17746852338314056,0.17906976744186046
CC1=CC(=CC=C1)N2CCN(CC2)C3=C(C4=NON=C4C=C3)[N+](=O)[O-],Cc1cccc(N2CCN(c3ccc4nonc4c3[N+](=O)[O-])CC2)c1,2.396145466945873,9,15,0.010710370726883411,-0.32293063402175903,0.12492584437131882,-0.07846902310848236,-0.1872944189235568,-0.12700839340686798,0.08618004620075226,-0.2042805552482605,0.12542372881355932
CCCOC1=C(C=C(C=C1)/C=N\NC2=NC3=CC=CC=C3N2)[N+](=O)[O-],CCCOc1ccc(/C=N\Nc2nc3ccccc3[nH]2)cc1[N+](=O)[O-],2.3363127746381807,13,17,-0.13689377903938293,-0.12795689702033997,0.07729171216487885,-0.08962702006101608,-0.18755896389484406,-0.13656239211559296,-0.04223424196243286,-0.05935010313987732,0.2733812949640288
C1C[C@H](CN(C1)C2=NC3=CC=CC=C3N2C4=NC=C(C=C4)[N+](=O)[O-])O,O=[N+]([O-])c1ccc(-n2c(N3CCC[C@@H](O)C3)nc3ccccc32)nc1,2.875783153249847,13,17,-0.10515322536230087,-0.07314135134220123,-0.009290236979722977,-0.10029023885726929,-0.18758481368422508,-0.0736987441778183,-0.09510773420333862,-0.1006331667304039,0.20943952802359883
C[C@H]1C2=NN=C(N2CCN1C(=O)C3=COC=C3)COC4=CC=CC=N4,C[C@H]1c2nnc(COc3ccccn3)n2CCN1C(=O)c1ccoc1,3.245309206990626,12,17,-0.07582429051399231,-0.12161101400852203,0.009253598749637604,-0.09416081011295319,-0.18818170577287674,-0.10791350156068802,-0.05503018945455551,-0.08325640857219696,0.16445623342175067
C1=CC=C2C=C(C=CC2=C1)[C@H](CC(=O)NO)CN3C(=CN=N3)C(=O)N,NC(=O)c1cnnn1C[C@@H](CC(=O)NO)c1ccc2ccccc2c1,3.184311836890151,14,17,-0.11032712459564209,-0.06518977880477905,-0.012792108580470085,-0.030987102538347244,-0.18830901198089123,-0.07580900937318802,-0.0523112453520298,-0.01853724755346775,0.12753623188405797
CC1=NC(=NN1)C2=CC=C(C=C2)NC(=O)C(C)NC(=O)C3=CC=CO3,Cc1nc(-c2ccc(NC(=O)C(C)NC(=O)c3ccco3)cc2)n[nH]1,2.6303116202054273,11,15,0.06179351359605789,-0.18996508419513702,-0.06019273400306702,-0.009230641648173332,-0.18836430460214615,-0.04753642529249191,0.06445881724357605,-0.11910612881183624,0.24251497005988024
CC(C)(C)OC(=O)OC1=C2CN3C(=NC=N3)C4=CC=CC=C4N2C=N1,CC(C)(C)OC(=O)Oc1ncn2c1Cn1ncnc1-c1ccccc1-2,2.965594681463749,8,15,0.11339855194091797,-0.300375372171402,-0.0020126253366470337,-0.09426981210708618,-0.18898944556713104,-0.10568279027938843,0.08876903355121613,-0.2252790927886963,0.21573604060913706
C1CN(CCN1C(=O)CN2C3=CC=CC=C3N=N2)C(=O)C4=CC=CO4,O=C(Cn1nnc2ccccc21)N1CCN(C(=O)c2ccco2)CC1,2.1395384859132083,10,15,-0.20329321920871735,-0.04388967528939247,0.057999055832624435,-0.06896774470806122,-0.18918383866548538,-0.12055353075265884,-0.05480264872312546,-0.05158120021224022,0.10982658959537572
C1=CC(=CC(=C1)NC(=O)C2=NN(C=C2)CCC(=O)O)CN3C=CC=N3,O=C(O)CCn1ccc(C(=O)Nc2cccc(Cn3cccn3)c2)n1,2.247185851561259,14,17,0.05552103742957115,-0.19572283327579498,-0.04908362776041031,-0.028720084577798843,-0.18928542360663414,-0.054459601640701294,0.06248891353607178,-0.14077627658843994,0.14583333333333334
C1CN(CCN1C2=CC=CC3=C2C=NN3)C(=O)C4=CNC(=C4)C(=O)O,O=C(O)c1cc(C(=O)N2CCN(c3cccc4[nH]ncc34)CC2)c[nH]1,2.4700685438689494,11,15,-0.12280675768852234,-0.13105855882167816,0.06440551578998566,-0.04199079051613808,-0.18945980072021484,-0.08791323006153107,-0.04895889014005661,-0.045338794589042664,0.1467065868263473
COC(=O)C1=CC(=CC=C1)NC(=O)NCCNC2=C(C=CC=N2)C#N,COC(=O)c1cccc(NC(=O)NCCNc2ncccc2C#N)c1,2.1428796218754513,13,17,0.2445870339870453,-0.12809816002845764,-0.30605384707450867,-0.015464141964912415,-0.18956497311592102,0.06695590913295746,0.06379666924476624,-0.20312803983688354,0.18181818181818182
C1CC1N2C(=NN(C2=O)CCNC(=O)C3=CN=CC=C3)C4=CC=CO4,O=C(NCCn1nc(-c2ccco2)n(C2CC2)c1=O)c1cccnc1,2.4866608515612576,12,16,-0.13007274270057678,0.03362374007701874,-0.09347058832645416,-0.06062540039420128,-0.1899195909500122,-0.08203248679637909,-0.07238896191120148,-0.02109653316438198,0.22133333333333333
C1C[C@@H](CN(C1)C2=NC3=CC=CC=C3N2C4=NC=C(C=C4)[N+](=O)[O-])O,O=[N+]([O-])c1ccc(-n2c(N3CCC[C@H](O)C3)nc3ccccc32)nc1,2.875783153249847,13,17,-0.10299737751483917,-0.0768110528588295,-0.010122537612915039,-0.10344982892274857,-0.1899309679865837,-0.07655319571495056,-0.09504685550928116,-0.10332151502370834,0.20943952802359883
C[C@@H](C1=CC2=C(C=C1)OCO2)NC(=O)NCC3=NN=C4N3C=CC=C4,C[C@H](NC(=O)NCc1nnc2ccccn12)c1ccc2c(c1)OCO2,2.7697108929758745,13,17,0.014215148985385895,-0.1336262822151184,-0.07071523368358612,-0.11026589572429657,-0.19012636691331863,-0.10119199752807617,-0.0502747967839241,-0.09454438090324402,0.24915824915824916
C#CCCC1(N=N1)CCNC(=O)CN2C(=O)OC(=N2)C3=CC=CC=C3,C#CCCC1(CCNC(=O)Cn2nc(-c3ccccc3)oc2=O)N=N1,3.0289652123413218,10,15,-0.0876058042049408,-0.05203073099255562,-0.05086293816566467,-0.07016873359680176,-0.1904994733631611,-0.0929693952202797,-0.01429772563278675,-0.0929122269153595,0.16379310344827586
CC1=CC=NC2=NC(=NN12)C(=O)N(C)CC3=CC4=C(C=C3)OCCO4,Cc1ccnc2nc(C(=O)N(C)Cc3ccc4c(c3)OCCO4)nn12,2.524697390022796,10,17,-0.18309937417507172,-0.1929520070552826,0.18527263402938843,-0.14731916785240173,-0.19077874720096588,-0.1917867809534073,-0.10233493894338608,-0.058717913925647736,0.2636986301369863
CCOC(=O)NCC1=NC=CC(=C1)C(=O)N2C3=CC=CC=C3C(=N2)N,CCOC(=O)NCc1cc(C(=O)n2nc(N)c3ccccc32)ccn1,2.44675394473569,12,17,-0.12468905001878738,0.05447995290160179,-0.1211327463388443,-0.024409083649516106,-0.1913418434560299,-0.06868359446525574,-0.05434726923704147,0.009000301361083984,0.14206128133704735
CC1=CC=C(O1)[C@H]2C=C(NC3=NN=NN23)C4=CC(=C(C=C4)OC)OC,COc1ccc(C2=C[C@H](c3ccc(C)o3)n3nnnc3N2)cc1OC,3.4312581532498463,11,17,-0.24096839129924774,0.05692843347787857,-0.007617419585585594,-0.16276265680789948,-0.19165737740695477,-0.13807234168052673,-0.1531136929988861,-0.0644625648856163,0.17098445595854922
C1CN(CCN1CC2=NC(=NO2)C3=CN=CC=C3)C(=O)C4=COC=C4,O=C(c1ccoc1)N1CCN(Cc2nc(-c3cccnc3)no2)CC1,2.3266512361766427,10,15,-0.286920428276062,0.13940833508968353,-0.04432035982608795,-0.06075768917798996,-0.19183245301246643,-0.09363710880279541,-0.17074188590049744,0.0649198517203331,0.2127659574468085
C1CCC(C1)(C(C#CC2=CN3C(=NC(=N3)C4=CC=CO4)C(=N2)N)O)O,Nc1nc(C#CC(O)C2(O)CCCC2)cn2nc(-c3ccco3)nc12,3.873423537865232,10,15,-0.26079827547073364,-0.2910606265068054,0.35982322692871094,-0.18778100609779358,-0.19203567504882812,-0.31518101692199707,-0.03798796236515045,-0.07534334808588028,0.22740524781341107
CN1C(=NC(=NC1=O)N(CC2=CC=CC=C2)N)C3=CC(=C(C=C3)O)O,Cn1c(-c2ccc(O)c(O)c2)nc(N(N)Cc2ccccc2)nc1=O,2.5983246427700486,11,15,-0.12437176704406738,-0.14013393223285675,0.07209526002407074,-0.07682698220014572,-0.1924104392528534,-0.12485770136117935,-0.044549599289894104,-0.06433842331171036,0.3783783783783784
CCC1(OC2=C(O1)C=C(C=C2)NC(=O)C3=CC4=C(N=C3)N(N=N4)C)C,CCC1(C)Oc2ccc(NC(=O)c3cnc4c(c3)nnn4C)cc2O1,3.185721804387443,10,17,-0.19547021389007568,-0.10581430792808533,0.10852539539337158,-0.12051352858543396,-0.19275912642478943,-0.2069440484046936,-0.05498099327087402,-0.02182767540216446,0.2626865671641791
CC1=CC=NC2=NC(=NN12)C(=O)OCC(=O)NCCC3=CC=CC=C3,Cc1ccnc2nc(C(=O)OCC(=O)NCCc3ccccc3)nn12,2.2249146977151035,10,15,-0.17863282561302185,0.049484480172395706,-0.06380780041217804,-0.02101483754813671,-0.19295614585280418,-0.05339120328426361,-0.09527762234210968,0.026584768667817116,0.2077922077922078
CCN(C#N)C(=O)C(CC1=CNC2=CC=CC=C21)NC(=O)OCC#N,CCN(C#N)C(=O)C(Cc1c[nH]c2ccccc12)NC(=O)OCC#N,3.2925213400630344,12,17,-0.14441797137260437,-0.07248532772064209,0.023788228631019592,-0.06384831666946411,-0.19311507046222687,-0.09711694717407227,-0.09473610669374466,-0.014119386672973633,0.17252396166134185
C[C@H](C1=CC2=C(C=C1)OCO2)NC(=O)NCC3=NN=C4N3C=CC=C4,C[C@@H](NC(=O)NCc1nnc2ccccn12)c1ccc2c(c1)OCO2,2.7697108929758745,13,17,0.0032148147001862526,-0.1278826892375946,-0.06854458153247833,-0.11366183310747147,-0.19321245606988668,-0.10624754428863525,-0.055937834084033966,-0.09082096070051193,0.24915824915824916
CCCC1=NOC(=N1)C2=CC(=C(C=C2)NCC3=CC=CC=N3)[N+](=O)[O-],CCCc1noc(-c2ccc(NCc3ccccn3)c([N+](=O)[O-])c2)n1,2.337237774638181,12,17,-0.15633659064769745,0.1596933901309967,-0.19660484790802002,-0.05342372506856918,-0.19324804842472076,-0.035072870552539825,-0.17933879792690277,0.057144612073898315,0.20783132530120482
C1[C@H]2[C@@H](CN1C(=O)C3=CNC=C3)ON=C2C(=O)NCC4=CN=CC=C4,O=C(NCc1cccnc1)C1=NO[C@@H]2CN(C(=O)c3cc[nH]c3)C[C@H]12,3.646063595187851,14,17,-0.09891434013843536,-0.056115105748176575,-0.03831052407622337,-0.07244785130023956,-0.1933399699628353,-0.08626548945903778,-0.07123541831970215,-0.04763435199856758,0.14202898550724638
COC1=C(C=C(C=C1)/C=C(/C#N)\C2=NN(C(=C2C#N)N)CCO)OC,COc1ccc(/C=C(/C#N)c2nn(CCO)c(N)c2C#N)cc1OC,2.6612987278154385,10,17,-0.18284204602241516,-0.18361444771289825,0.17287129163742065,-0.15488559007644653,-0.19358520209789276,-0.19056984782218933,-0.07063180953264236,-0.12233185023069382,0.16666666666666666
C1CN(CC2=C(N=NN2C1)COC3=CN=CC=C3)C(=O)C4=CC=CO4,O=C(c1ccco1)N1CCCn2nnc(COc3cccnc3)c2C1,2.7637668286922352,12,17,-0.2397223711013794,0.07967087626457214,-0.033900585025548935,-0.12756389379501343,-0.19395207986235619,-0.11457563191652298,-0.16971659660339355,-0.011582911014556885,0.17435897435897435
COC1=CC(=C(C=C1)OC)C=C(C#N)C2=NN(C(=C2C#N)N)CCO,COc1ccc(OC)c(C=C(C#N)c2nn(CCO)c(N)c2C#N)c1,2.723558259588014,10,17,-0.13302463293075562,-0.24481245875358582,0.18376654386520386,-0.15411771833896637,-0.19407054781913757,-0.1916283816099167,-0.040818363428115845,-0.14808917045593262,0.1586021505376344
COC1=CC(=C(C=C1)OC)/C=C(/C#N)\C2=NN(C(=C2C#N)N)CCO,COc1ccc(OC)c(/C=C(/C#N)c2nn(CCO)c(N)c2C#N)c1,2.723558259588014,10,17,-0.14986386895179749,-0.24617178738117218,0.20150479674339294,-0.15725141763687134,-0.19453085958957672,-0.19828113913536072,-0.03881600499153137,-0.14980831742286682,0.1586021505376344
CC1=CCOC2=CC=CC(=C2)CN3C4=NC(=NC(=C4NC3=O)N)OC1,CC1=CCOc2cccc(c2)Cn2c(=O)[nH]c3c(N)nc(nc32)OC1,5.194657005407411,11,17,0.0565124936401844,-0.31864410638809204,0.0673898458480835,-0.13626118004322052,-0.19474176689982414,-0.16461923718452454,0.056072406470775604,-0.20504780113697052,0.3026315789473684
CC(CNC(=O)/C(=C/C1=CC=CO1)/N2C(=NN=N2)C3=CC=CC=C3)O,CC(O)CNC(=O)/C(=C/c1ccco1)n1nnnc1-c1ccccc1,3.086033153249848,12,15,-0.11420749127864838,-0.01351389940828085,-0.06720112264156342,-0.09085629880428314,-0.19492251332849264,-0.09954285621643066,-0.04704906791448593,-0.08373436331748962,0.19137466307277629
C1=CC(=CC(=C1)NC(=O)CCN2C=CC(=N2)C(=O)O)CN3C=CC=N3,O=C(CCn1ccc(C(=O)O)n1)Nc1cccc(Cn2cccn2)c1,2.2554146977151035,14,17,0.013783699832856655,-0.1276380717754364,-0.08128464221954346,-0.044793594628572464,-0.1951390141621232,-0.06210912764072418,0.01503895502537489,-0.10686802864074707,0.15853658536585366
CNC(=O)C1=CC=C(C=C1)CNC(=O)NC2=CC3=C(C=C2)NC(=O)N3,CNC(=O)c1ccc(CNC(=O)Nc2ccc3[nH]c(=O)[nH]c3c2)cc1,2.0669909978234458,12,15,0.1446673572063446,-0.0029108263552188873,-0.3369383215904236,-0.02184099331498146,-0.19518179073929787,0.04724334925413132,-0.025554131716489792,-0.111416757106781,0.1890909090909091
CN1CCN=C1C2=CC(=CC=C2)NC(=O)NC3=CC(=CC=C3)[N+](=O)[O-],CN1CCN=C1c1cccc(NC(=O)Nc2cccc([N+](=O)[O-])c2)c1,2.2755082242589832,13,17,0.04604340344667435,-0.2346397340297699,-0.006655660457909107,-0.01273560430854559,-0.19525199104100466,-0.04804529249668121,0.07911469042301178,-0.15515203773975372,0.11688311688311688
COC(=O)C(CC1=CC=CC=C1)NC(=O)NC2=CC=CN3C2=NN=C3,COC(=O)C(Cc1ccccc1)NC(=O)Nc1cccn2cnnc12,2.7343254609421557,12,15,0.16438435018062592,-0.2991599440574646,-0.06133487820625305,-0.006152346730232239,-0.19611047208309174,-0.028202274814248085,0.09724730253219604,-0.18026310205459595,0.2116564417177914
C1OC2=C(O1)C=C(C=C2)CNC(=O)NCCNC3=C(C=CC=N3)C#N,N#Cc1cccnc1NCCNC(=O)NCc1ccc2c(c1)OCO2,2.3183150928678966,13,17,0.028622448444366455,-0.10154690593481064,-0.12326076626777649,-0.0885438472032547,-0.19618522375822067,-0.08187707513570786,-0.042874131351709366,-0.08518488705158234,0.2534246575342466
COC1=CC=C(C=C1)N2C(=NC(=N2)NC3=CC=CC(=C3)C(=O)OC)N,COC(=O)c1cccc(Nc2nc(N)n(-c3ccc(OC)cc3)n2)c1,2.1040499360683,10,15,-0.04941653460264206,0.07175137102603912,-0.21894654631614685,-0.057198502123355865,-0.1966117098927498,0.0068160914815962315,-0.13471154868602753,-0.03017689473927021,0.17981072555205047
CC1=C(C=C(C=C1)OC2=NC=NC(=C2N)NNC(=O)C3=CC=CO3)C,Cc1ccc(Oc2ncnc(NNC(=O)c3ccco3)c2N)cc1C,2.397430434443166,12,17,0.04476994276046753,-0.3473690152168274,0.10588003695011139,-0.07787558436393738,-0.19671903550624847,-0.1424368917942047,0.11237818002700806,-0.19207841157913208,0.20771513353115728
CC(C)(C)C1=C2[C@H](C(=C(OC2=NN1)N)C#N)C3=CC=CC=C3[N+](=O)[O-],CC(C)(C)c1[nH]nc2c1[C@@H](c1ccccc1[N+](=O)[O-])C(C#N)=C(N)O2,3.255629193973829,8,15,-0.04828173294663429,-0.272844135761261,0.12366585433483124,-0.13297176361083984,-0.19746001437306404,-0.19196200370788574,-0.00011671893298625946,-0.12860207259655,0.15324675324675324
C[C@H](C1=CC=CC=C1)NC(=O)NC2=NC=C3C(=C2)NN=C3C(=O)OC,COC(=O)c1n[nH]c2cc(NC(=O)N[C@H](C)c3ccccc3)ncc12,2.7743564739432376,11,15,0.062340784817934036,-0.22492948174476624,-0.03517557680606842,-0.011462867259979248,-0.19776427373290062,-0.018190674483776093,0.01393599808216095,-0.12120982259511948,0.1952662721893491
C1C(N(CC2=C1N=CN2)C(=O)CCC3=CN4C=CC=CC4=N3)C(=O)O,O=C(O)C1Cc2nc[nH]c2CN1C(=O)CCc1cn2ccccc2n1,3.2900581532498476,13,17,-0.025810882449150085,0.07746675610542297,-0.2498561590909958,-0.06601724773645401,-0.1982002854347229,0.010802403092384338,-0.12029207497835159,-0.0699443370103836,0.19365079365079366
CC1(CC2=C([C@@H](N3C(=NC=N3)N2)C4=CC=CC=C4[N+](=O)[O-])C(=O)C1)C,CC1(C)CC(=O)C2=C(C1)Nc1ncnn1[C@H]2c1ccccc1[N+](=O)[O-],3.451538482920177,10,16,-0.057589560747146606,-0.26709824800491333,0.12635762989521027,-0.0610150545835495,-0.19833017885684967,-0.11695686727762222,0.05812530219554901,-0.16732367873191833,0.17942583732057416
C1CN(CCC1C(=O)O)C(=O)/C(=C\NC2=CC3=C(C=C2)C=NN3)/C#N,N#C/C(=C/Nc1ccc2cn[nH]c2c1)C(=O)N1CCC(C(=O)O)CC1,2.7090859057324383,11,15,-0.09874123334884644,-0.14630071818828583,0.04659516364336014,-0.1080726906657219,-0.19844678789377213,-0.12971070408821106,-0.07285536825656891,-0.07275183498859406,0.17419354838709677
CC(C1=NC2=C(N1C)C=CC(=C2)N3C=C(C(=C3C(=O)OC)N)C#N)O,COC(=O)c1c(N)c(C#N)cn1-c1ccc2c(c1)nc(C(C)O)n2C,3.314249329720435,10,17,-0.13038158416748047,-0.2740232050418854,0.20564605295658112,-0.12270155549049377,-0.19875873625278473,-0.20093315839767456,-0.00254925899207592,-0.11216861009597778,0.14545454545454545
COC1=CC(=C(C=C1)OC)N=NC2=C(NN(C2=O)C3=CC=CC=C3)N,COc1ccc(OC)c(N=Nc2c(N)[nH]n(-c3ccccc3)c2=O)c1,2.657459253511421,10,15,-0.08276829123497009,-0.10193633288145065,-0.014317456632852554,-0.07445161044597626,-0.1990220807492733,-0.06252141296863556,-0.05292624607682228,-0.10972361266613007,0.196875
COC1=C(C=C(C=C1)CNC2=NN=NN2C3=CC=CC=C3)C(=O)OC,COC(=O)c1cc(CNc2nnnn2-c2ccccc2)ccc1OC,2.126345466945873,10,15,-0.14734943211078644,0.05732082575559616,-0.10921141505241394,-0.1058693453669548,-0.19924002140760422,-0.056427501142024994,-0.13387799263000488,-0.06900656223297119,0.17405063291139242
CN1C2=C(C=C(C=C2)[N+](=O)[O-])N=C1CCNC(=O)NC3=CC=CC=C3,Cn1c(CCNC(=O)Nc2ccccc2)nc2cc([N+](=O)[O-])ccc21,2.0688026987985264,11,15,0.065767802298069,-0.1675586700439453,-0.09828273952007294,-0.021856078878045082,-0.20007360726594925,-0.05097581073641777,0.04438268020749092,-0.11503603309392929,0.17320261437908496
C1COC2=C(O1)C=CC(=C2)NC(=O)CCNC3=CN=C4N3C=CN=C4,O=C(CCNc1cnc2cnccn12)Nc1ccc2c(c1)OCCO2,2.5646778474032548,13,17,-0.15786784887313843,-0.0909092128276825,0.04848381504416466,-0.15128090977668762,-0.20029324665665627,-0.18174615502357483,-0.10800327360630035,-0.04847056418657303,0.38306451612903225
C1=CC=C2C(=C1)C(=O)C(=CN2)C(=O)NCC(=O)NCCN3C=CN=C3,O=C(CNC(=O)c1c[nH]c2ccccc2c1=O)NCCn1ccnc1,2.263672390022796,14,17,-0.35683852434158325,0.09851435571908951,0.05797573924064636,-0.061601150780916214,-0.20034842938184738,-0.10258845239877701,-0.19022056460380554,0.09196864813566208,0.20261437908496732
CC(C)(C)C1=C2[C@@H](C(=C(OC2=NN1)N)C#N)C3=CC=CC=C3[N+](=O)[O-],CC(C)(C)c1[nH]nc2c1[C@H](c1ccccc1[N+](=O)[O-])C(C#N)=C(N)O2,3.255629193973829,8,15,-0.050602834671735764,-0.27334845066070557,0.1230657547712326,-0.13528601825237274,-0.20088553056120872,-0.19233503937721252,-0.0023346133530139923,-0.13204427063465118,0.15324675324675324
CC1=C(C=CO1)C(=O)NCC(=O)NC2=CC=C(C=C2)CN3C=NC=N3,Cc1occc1C(=O)NCC(=O)Nc1ccc(Cn2cncn2)cc1,2.1861762361766424,11,15,-0.2776336669921875,0.045334815979003906,0.03133552521467209,-0.028783882036805153,-0.2009633257985115,-0.12257923185825348,-0.06178084388375282,0.046886324882507324,0.14985590778097982
C[C@H](C(=O)NC1CC1)OC(=O)C2=CC(=CC=C2)N3C(=C(C=N3)C#N)N,C[C@@H](OC(=O)c1cccc(-n2ncc(C#N)c2N)c1)C(=O)NC1CC1,2.7860419325140615,11,16,0.13978834450244904,-0.10081131756305695,-0.23997478187084198,-0.029426854103803635,-0.2009977549314499,-0.00906560942530632,0.06801753491163254,-0.16818968951702118,0.1444141689373297
C1=CC(=CC(=C1)NC(=O)C2=CN(N=C2)CCC(=O)O)CN3C=CC=N3,O=C(O)CCn1cc(C(=O)Nc2cccc(Cn3cccn3)c2)cn1,2.2386762361766426,14,17,-0.05008304864168167,-0.1097998395562172,-0.04143740236759186,-0.03160170465707779,-0.20132029056549072,-0.06538303196430206,-0.0036140168085694313,-0.07890337705612183,0.14506172839506173
C1[C@@H](N(CC2=C1N=CN2)C(=O)CCC3=CN4C=CC=CC4=N3)C(=O)O,O=C(O)[C@H]1Cc2nc[nH]c2CN1C(=O)CCc1cn2ccccc2n1,3.2900581532498476,13,17,-0.06710762530565262,0.13351348042488098,-0.2679685354232788,-0.06209241971373558,-0.20156268030405045,0.02583020180463791,-0.14886459708213806,-0.053092870861291885,0.19365079365079366
CN1C=CN=C1C(C2=CC(=CC=C2)OC)NC3=C(C=CC=N3)[N+](=O)[O-],COc1cccc(C(Nc2ncccc2[N+](=O)[O-])c2nccn2C)c1,2.8238945021122515,13,17,-0.1761263608932495,-0.048036232590675354,0.02257610112428665,-0.12608277797698975,-0.20158649235963821,-0.12146926671266556,-0.1009816974401474,-0.08433473110198975,0.2275449101796407
CC1(CC2=C([C@H](N3C(=NC=N3)N2)C4=CC=CC=C4[N+](=O)[O-])C(=O)C1)C,CC1(C)CC(=O)C2=C(C1)Nc1ncnn1[C@@H]2c1ccccc1[N+](=O)[O-],3.451538482920177,10,16,-0.07487325370311737,-0.2535782754421234,0.12629391252994537,-0.06404834985733032,-0.2021576166152954,-0.1205051839351654,0.04833780974149704,-0.16068735718727112,0.17942583732057416
C1[C@H](CO[C@@H]1C2=NC3=NC=NC(=C3N2)N)COC(=O)C4=CC=CC=C4,Nc1ncnc2nc([C@@H]3C[C@@H](COC(=O)c4ccccc4)CO3)[nH]c12,3.466350001931791,11,15,-0.08739691972732544,0.0446818470954895,-0.15948939323425293,-0.08209031820297241,-0.20220446586608887,-0.04372537136077881,-0.0740470439195633,-0.10171610116958618,0.2064516129032258
COC1=CC=C(C=C1)[C@@H]2CN3C(=C(N=N3)C4=NOC(=N4)C5CC5)CO2,COc1ccc([C@@H]2Cn3nnc(-c4noc(C5CC5)n4)c3CO2)cc1,3.3632442965585927,8,14,-0.19327090680599213,0.015300744213163853,-0.024298036471009254,-0.06479775905609131,-0.20226819906383753,-0.09224722534418106,-0.1337195485830307,0.02862483635544777,0.18248175182481752
C1CC(CN(C1)C(=O)C2=NNC(=C2)C3=CC=CO3)OC4=NN=CC=C4,O=C(c1cc(-c2ccco2)[nH]n1)N1CCCC(Oc2cccnn2)C1,3.183605034746728,13,17,-0.1763380616903305,0.09285365045070648,-0.1189844012260437,-0.13115262985229492,-0.20246881246566772,-0.06830866634845734,-0.17403018474578857,-0.05597805231809616,0.20498614958448755
CC1=C(NN=C1)C2=C(C=CC=N2)COC3=CN=C(C=C3/C=N/O)OC,COc1cc(/C=N/O)c(OCc2cccnc2-c2[nH]ncc2C)cn1,3.05651277463818,12,17,-0.09646552801132202,-0.08243756741285324,-0.024103809148073196,-0.09747163206338882,-0.20300690457224846,-0.10344123840332031,-0.05811883136630058,-0.09070874750614166,0.22397476340694006
CC1=NN=C(O1)C2=CC(=CC=C2)NCC3=CC(=C(C=C3)NC)[N+](=O)[O-],CNc1ccc(CNc2cccc(-c3nnc(C)o3)c2)cc1[N+](=O)[O-],2.301470737801779,12,17,-0.05707255005836487,0.007757882587611675,-0.15382856130599976,-0.07674120366573334,-0.20314322877675295,-0.04475024342536926,-0.0774047002196312,-0.08419191092252731,0.15141955835962145
COC1=CC2=C(CN(CC2)C(=O)NC3=NNC(=N3)C4=CC=CO4)C=C1,COc1ccc2c(c1)CCN(C(=O)Nc1n[nH]c(-c3ccco3)n1)C2,2.499047231961679,12,17,-0.123717300593853,-0.1057705208659172,0.02632213942706585,-0.15153586864471436,-0.20316568203270435,-0.10738887637853622,-0.13851933181285858,-0.10850457102060318,0.32098765432098764
C1=CC=C(C=C1)CCN2C(=CC=N2)NC(=O)CN3C=CC(=O)NC3=O,O=C(Cn1ccc(=O)[nH]c1=O)Nc1ccnn1CCc1ccccc1,2.301299313099719,12,15,-0.08862634748220444,-0.10179441422224045,-0.012933280318975449,-0.06393139064311981,-0.20335404202342033,-0.059915974736213684,-0.11057955771684647,-0.044329188764095306,0.26479750778816197
C1C(OC2=CC=CC=C2O1)C3=NC(=NN3)NC(=O)CCN4C=CC=C4,O=C(CCn1cccc1)Nc1n[nH]c(C2COc3ccccc3O2)n1,3.1798703154120087,12,15,0.02461237460374832,-0.08085605502128601,-0.147347092628479,-0.09061972796916962,-0.2035907730460167,-0.05071266368031502,-0.05899707227945328,-0.109642893075943,0.32550335570469796
CN1C(=CC(=N1)C(=O)N[C@@H](CC2=CN=CN2)C(=O)O)C3=CC=CC=C3,Cn1nc(C(=O)N[C@@H](Cc2cnc[nH]2)C(=O)O)cc1-c1ccccc1,2.748908803304017,12,15,-0.1720554530620575,-0.020807016640901566,-0.011736506596207619,-0.023878922685980797,-0.20459897629916668,-0.07906895875930786,-0.08201602101325989,0.022229591384530067,0.21348314606741572
CC1=CC=CN2C1=NC(=C2N=NC3=C(C=CC(=C3)[N+](=O)[O-])O)C(C)C,Cc1cccn2c(N=Nc3cc([N+](=O)[O-])ccc3O)c(C(C)C)nc12,2.961190366611426,10,16,-0.07964286208152771,-0.215987890958786,0.09102179110050201,-0.09850326180458069,-0.2046089619398117,-0.14303350448608398,0.0025817519053816795,-0.1349792629480362,0.21495327102803738
CN(C)C1=CC=CC(=C1)C(=O)NCC2=NC3=C(N2)C=C(C=C3)[N+](=O)[O-],CN(C)c1cccc(C(=O)NCc2nc3ccc([N+](=O)[O-])cc3[nH]2)c1,2.21392376364917,11,16,0.025994213297963142,-0.18615393340587616,-0.04468986392021179,-0.08476310223340988,-0.2048495840281248,-0.09499993920326233,-0.02088072896003723,-0.11577735841274261,0.1564625850340136
C1C=CC[C@@H]2[C@@H]1C(=O)N(C2=O)CC(=O)NCC3=NN=C4N3C=CC=C4,O=C(CN1C(=O)[C@@H]2CC=CC[C@H]2C1=O)NCc1nnc2ccccn12,3.2555172042500224,10,13,-0.09498194605112076,0.15047197043895721,-0.2603440284729004,-0.06850212812423706,-0.20485400408506393,0.01543557271361351,-0.14661259949207306,-0.04886193573474884,0.19594594594594594
C1CN(CCC1NC2=NN=CC=C2)C(=O)C3=NOC(=C3)C4=CC=CO4,O=C(c1cc(-c2ccco2)on1)N1CCC(Nc2cccnn2)CC1,2.579077847403253,11,15,-0.10739459097385406,0.07163979113101959,-0.16943852603435516,-0.08291242271661758,-0.20519332587718964,-0.05070185661315918,-0.10041798651218414,-0.061078980565071106,0.1455026455026455
COC1=NN=C(C=C1)OC2CCN(C2)C(=O)C3=CC4=C(C=C3)N=CN4,COc1ccc(OC2CCN(C(=O)c3ccc4nc[nH]c4c3)C2)nn1,2.9846032006681824,12,17,-0.0787186324596405,-0.1026265025138855,-0.02415994368493557,-0.13433738052845,-0.20550507865846157,-0.09362524747848511,-0.08962834626436234,-0.14113189280033112,0.2292358803986711
CN(C1=NC2=C(N1)C=C(C=N2)C3=CC4=C(C=C3)OCCNC4)C(=O)O,CN(C(=O)O)c1nc2ncc(-c3ccc4c(c3)CNCCO4)cc2[nH]1,2.898820466945873,12,17,-0.1148008406162262,-0.3215073347091675,0.23025915026664734,-0.16876131296157837,-0.20604902505874634,-0.2209019660949707,-0.02829480916261673,-0.1685999035835266,0.41155234657039713
CCCN1C=C(C=N1)C2=NC=CC(=C2)OC3=C(N=C(C=C3)[N+](=O)[O-])C,CCCn1cc(-c2cc(Oc3ccc([N+](=O)[O-])nc3C)ccn2)cn1,2.6869320595785933,11,17,-0.19125640392303467,-0.06709637492895126,0.05192090570926666,-0.09601067751646042,-0.20643187314271927,-0.15654471516609192,-0.06327152252197266,-0.03553944081068039,0.2309941520467836
C[C@H]1CC2=C([C@H](N3C(=NC(=N3)C)N2)C4=CC=CC=C4[N+](=O)[O-])C(=O)C1,Cc1nc2n(n1)[C@H](c1ccccc1[N+](=O)[O-])C1=C(C[C@H](C)CC1=O)N2,3.742964182271999,11,17,0.022211341187357903,-0.07588356733322144,-0.15278922021389008,-0.027037326246500015,-0.2064614463597536,0.00974501296877861,0.01682123914361,-0.18333178758621216,0.17906976744186046
CC1=C(C=CC=C1N)/C(=N/OC(=O)C2=CC=C(O2)CN3C=CC=N3)/N,Cc1c(N)cccc1/C(N)=N/OC(=O)c1ccc(Cn2cccn2)o1,2.6929990151582253,12,17,-0.09383855015039444,-0.12721256911754608,0.014528859406709671,-0.06532427668571472,-0.20652225986123085,-0.08457246422767639,-0.014038876630365849,-0.11989894509315491,0.08831168831168831
COC(=O)N1CCN(CC1)/C=C(/C#N)\C(=O)NC2=CC=CC=C2C#N,COC(=O)N1CCN(/C=C(/C#N)C(=O)Nc2ccccc2C#N)CC1,2.608734972440379,9,15,0.004728160798549652,-0.35346508026123047,0.1414535641670227,-0.07819850742816925,-0.2072833552956581,-0.1530390977859497,0.07207366079092026,-0.16697724163532257,0.13793103448275862
CC1(CN(C1)C2=NN3C(=NN=C3C4=CC5=C(C=C4)OCO5)C=C2)OC,COC1(C)CN(c2ccc3nnc(-c4ccc5c(c4)OCO5)n3n2)C1,2.7548089284843353,9,16,-0.17836126685142517,-0.33969539403915405,0.3107583522796631,-0.15625879168510437,-0.20729830861091614,-0.2814514636993408,-0.0009599775075912476,-0.09246291220188141,0.3885135135135135
CC1/C(=N/NC2=C(C=CC(=C2)[N+](=O)[O-])C)/C(=O)NC3=CC=CC=C3N1,Cc1ccc([N+](=O)[O-])cc1N/N=C1\C(=O)Nc2ccccc2NC1C,3.181299142260835,13,17,-0.04404483735561371,-0.21839749813079834,0.05496640503406525,-0.06656405329704285,-0.2074759304523468,-0.11308107525110245,0.012190112844109535,-0.11195935308933258,0.13479623824451412
C1[C@H](N(CC2=C1N=CN2)C(=O)CCC3=CN4C=CC=CC4=N3)C(=O)O,O=C(O)[C@@H]1Cc2nc[nH]c2CN1C(=O)CCc1cn2ccccc2n1,3.2900581532498476,13,17,-0.0761374682188034,0.13278228044509888,-0.2641458809375763,-0.06427720189094543,-0.20750106871128082,0.022130809724330902,-0.15394549071788788,-0.052228908985853195,0.19365079365079366
COC1=CC(=C(C=C1)C=C(C#N)C2=NN(C(=C2C#N)N)CCO)OC,COc1ccc(C=C(C#N)c2nn(CCO)c(N)c2C#N)c(OC)c1,2.7305816709592516,10,17,-0.16490256786346436,-0.25222334265708923,0.20927537977695465,-0.16371864080429077,-0.20785053074359894,-0.2225501835346222,-0.055933356285095215,-0.11953713744878769,0.15633423180592992
C1CN(CCN1CC2=NC(=NO2)C3=CN=CC=C3)C(=O)C4=CC=CO4,O=C(c1ccco1)N1CCN(Cc2nc(-c3cccnc3)no2)CC1,2.2145011322265393,10,15,-0.2615385353565216,0.08326752483844757,-0.030185531824827194,-0.07179702818393707,-0.20845654234290123,-0.11049829423427582,-0.15873855352401733,0.0400281585752964,0.21385542168674698
CCOC(=O)NCC1=NC=CC(=C1)C(=O)N2C3=C(C=C(C=C3)N)C=N2,CCOC(=O)NCc1cc(C(=O)n2ncc3cc(N)ccc32)ccn1,2.5846460357432726,12,17,-0.17747460305690765,0.029055608436465263,-0.060044582933187485,-0.05844614654779434,-0.20846357755362988,-0.09349431097507477,-0.09750187397003174,0.006793158128857613,0.1440922190201729
C1CN(CCN1C2=CC=CC=C2O)C3=C(N4C=CC=CC4=N3)[N+](=O)[O-],O=[N+]([O-])c1c(N2CCN(c3ccccc3O)CC2)nc2ccccn12,2.411205082330488,11,15,0.18357901275157928,-0.332245796918869,-0.059924252331256866,-0.021732375025749207,-0.2085910364985466,-0.016947144642472267,0.12849165499210358,-0.26397082209587097,0.25252525252525254
CCC1=CC(=O)N2C(=N1)C(=C(N2)NC3=CC(=CC(=C3)OC)OC)C#N,CCc1cc(=O)n2[nH]c(Nc3cc(OC)cc(OC)c3)c(C#N)c2n1,2.83538464277005,8,14,0.06163753196597099,-0.11891376972198486,-0.15146450698375702,-0.0582815557718277,-0.2087407447397709,-0.0517754890024662,-0.011881254613399506,-0.11181522160768509,0.26666666666666666
C1=CC(=CC=C1C2=NC=CN2C3=CN(N=C3)CCCC(=O)N)C(=O)O,NC(=O)CCCn1cc(-n2ccnc2-c2ccc(C(=O)O)cc2)cn1,2.4530685709545406,11,15,-0.28158384561538696,0.1660546511411667,-0.09380306303501129,-0.10602310299873352,-0.20933225750923157,-0.10654234886169434,-0.18646377325057983,0.018396664410829544,0.2733118971061093
CCC1=CC(=NC2=C(C=NN12)C(=O)O)NC3=C(N=CC=C3)OC4CC4,CCc1cc(Nc2cccnc2OC2CC2)nc2c(C(=O)O)cnn12,2.769891972904704,11,16,0.0971859022974968,-0.07116665691137314,-0.23552028834819794,-0.020385121926665306,-0.20950104296207428,0.015943098813295364,-0.012551608495414257,-0.11086677014827728,0.23011363636363635
COC(=O)C1=CC=C(C=C1)C2=NOC(=N2)C3=NNC(=C3)C4CCNC4,COC(=O)c1ccc(-c2noc(-c3cc(C4CCNC4)[nH]n3)n2)cc1,2.9813370257472123,10,15,0.01412326842546463,0.09010924398899078,-0.3138713240623474,-0.08852028846740723,-0.209638811647892,0.06514118611812592,-0.20430487394332886,-0.08953918516635895,0.2086720867208672
CN1C=C(C=C1C(=O)NC2=CN(C(=N2)C(=O)O)C)C3=CC=C(C=C3)N,Cn1cc(-c2ccc(N)cc2)cc1C(=O)Nc1cn(C)c(C(=O)O)n1,2.6029843465445364,10,15,-0.30574822425842285,-0.14635057747364044,0.2423044741153717,-0.12248595058917999,-0.2097943276166916,-0.23537060618400574,-0.10035547614097595,0.0018093185499310493,0.2319277108433735
C1CN(CCC1O)C2=NC3=CC=CC=C3N2C4=NC=C(C=C4)[N+](=O)[O-],O=[N+]([O-])c1ccc(-n2c(N3CCC(O)CC3)nc3ccccc32)nc1,2.4254089284843356,11,15,-0.11637270450592041,-0.12106068432331085,0.02708675153553486,-0.13601189851760864,-0.2103466372936964,-0.12438440322875977,-0.09051617234945297,-0.12191645801067352,0.21385542168674698
COC1=CC=C(C=C1)OCCNC(=O)C2=NN=C(C=C2)N3C=CN=C3,COc1ccc(OCCNC(=O)c2ccc(-n3ccnc3)nn2)cc1,2.2192126692641025,11,15,-0.3209116756916046,0.1208166554570198,-0.010391730815172195,-0.0851646214723587,-0.210486751049757,-0.12541836500167847,-0.1461181342601776,0.05461077764630318,0.21337579617834396
CC(C)N1C=C(C=CC1=O)C2=C(N=C(C(=N2)C(=O)N)N)C3=COC=C3,CC(C)n1cc(-c2nc(C(N)=O)c(N)nc2-c2ccoc2)ccc1=O,2.884452573969284,10,16,-0.1621420532464981,0.055780909955501556,-0.10436304658651352,-0.02244924008846283,-0.21072418987751007,-0.024751387536525726,-0.07972805202007294,-0.028101136907935143,0.2514792899408284
CN1C=C(C=N1)C(=O)CC2CCCN2C3=C(C=C(C=C3)C#N)[N+](=O)[O-],Cn1cc(C(=O)CC2CCCN2c2ccc(C#N)cc2[N+](=O)[O-])cn1,3.1040870543487475,11,17,-0.22243814170360565,-0.10711339116096497,0.11882656812667847,-0.18517956137657166,-0.21072496473789215,-0.1753307580947876,-0.1448533535003662,-0.11075928807258606,0.12320916905444126
COC1=CC2=C(CC(CO2)CNC(=O)C3=CC4=NN=NN4C=C3)C=C1,COc1ccc2c(c1)OCC(CNC(=O)c1ccn3nnnc3c1)C2,3.089371166948477,12,17,-0.11190682649612427,-0.014308519661426544,-0.08455998450517654,-0.15293681621551514,-0.21077533066272736,-0.14874820411205292,-0.13004273176193237,-0.04169652611017227,0.26421404682274247
CN1C=C(C=N1)/C/2=C/N=C(CC=C(C=C2)OC)NC(=O)C3=NOC=C3,COC1=CCC(NC(=O)c2ccon2)=N/C=C(/c2cnn(C)c2)C=C1,3.9540793070960003,12,17,-0.038451455533504486,-0.15697544813156128,-0.015462999232113361,-0.11938649415969849,-0.21088990289717913,-0.14518502354621887,-0.015824776142835617,-0.11796873807907104,0.11330049261083744
CCN1C=C(C(=N1)C(=O)O)NC(=O)C2=NN(C=C2)CC3=CC=CC=C3,CCn1cc(NC(=O)c2ccn(Cc3ccccc3)n2)c(C(=O)O)n1,2.2602384517779424,11,15,0.12400669604539871,-0.3638855814933777,0.02896350622177124,-0.007368557155132294,-0.21091537922620773,-0.06964651495218277,0.11430608481168747,-0.16694261133670807,0.12753623188405797
COC1=CC=C(C=C1)CCNC(=O)NC2=CC3=C(C=C2)N=NNC3=O,COc1ccc(CCNC(=O)Nc2ccc3nn[nH]c(=O)c3c2)cc1,2.240058928484334,11,15,0.05585932731628418,-0.10487852245569229,-0.16222479939460754,-0.009173310361802578,-0.21124399453401566,-0.028132449835538864,0.004264038056135178,-0.07758577167987823,0.2909090909090909
COC1=CC=C(C=C1)[C@H]2CN3C(=C(N=N3)C4=NOC(=N4)C5CC5)CO2,COc1ccc([C@H]2Cn3nnc(-c4noc(C5CC5)n4)c3CO2)cc1,3.3632442965585927,8,14,-0.1936681866645813,0.006086783483624458,-0.02386554703116417,-0.06871770322322845,-0.211446950212121,-0.09719336777925491,-0.1333918273448944,0.022101541981101036,0.18248175182481752
CN1C=CN=C1C(C2=CC=C(C=C2)OC)NC3=C(C=CC=N3)[N+](=O)[O-],COc1ccc(C(Nc2ncccc2[N+](=O)[O-])c2nccn2C)cc1,2.771657449024495,11,15,-0.20532986521720886,-0.012425839900970459,0.005210623145103455,-0.07967308908700943,-0.21254508197307587,-0.12789274752140045,-0.08509808033704758,-0.015276480466127396,0.22522522522522523
CCC(=O)N1C[C@H]2CC1C3=C(N(C(=O)N23)C4=CN=C(C(=C4)C)C#N)O,CCC(=O)N1C[C@H]2CC1c1c(O)n(-c3cnc(C#N)c(C)c3)c(=O)n12,4.744184342891963,10,17,0.07848305255174637,-0.19304904341697693,-0.09811729937791824,0.004557321779429913,-0.2126832902431488,0.009865532629191875,0.04105442017316818,-0.15067118406295776,0.1568627450980392
CC1=C(C=C(C=C1)[N+](=O)[O-])NC(=O)CN2C3=C(C=C(C(=C3)C)C)N=N2,Cc1cc2nnn(CC(=O)Nc3cc([N+](=O)[O-])ccc3C)c2cc1C,2.219189028818784,10,17,-0.04565955325961113,-0.2621930241584778,0.09335939586162567,-0.08988457918167114,-0.21449318155646324,-0.15590772032737732,0.04856036603450775,-0.15237772464752197,0.14506172839506173
CC1=CC2=C(C=C1)NN=C2C(=O)NCCNC3=CC=CC=C3[N+](=O)[O-],Cc1ccc2[nH]nc(C(=O)NCCNc3ccccc3[N+](=O)[O-])c2c1,2.2206794051907277,13,17,-0.10443046689033508,-0.010079960338771343,-0.10077434778213501,-0.07668990641832352,-0.21528477501124144,-0.06062932312488556,-0.07820013910531998,-0.07974562048912048,0.14641744548286603
COCC1=CC(=CN1CC2=CC=NC=C2)/C(=C/C(=O)C3=NC=NN3)/O,COCc1cc(/C(O)=C/C(=O)c2ncn[nH]2)cn1Cc1ccncc1,3.0689089284843343,11,15,-0.2624899744987488,-0.06582018733024597,0.11292015761137009,-0.07337099313735962,-0.21539000421762466,-0.12647105753421783,-0.11805650591850281,0.0009373901411890984,0.13714285714285715
C1=CC(=CC(=C1)[N+](=O)[O-])CCC(=O)NCCNC2=C(C=CC=N2)C#N,N#Cc1cccnc1NCCNC(=O)CCc1cccc([N+](=O)[O-])c1,2.2518722545948435,13,17,0.17492833733558655,-0.033845581114292145,-0.3565312922000885,-0.013608082197606564,-0.2154485359787941,0.026628602296113968,0.02803456410765648,-0.11686328053474426,0.19141914191419143
CC1C2=NN=C(N2CCN1C(=O)C3=CC=CO3)COC4=CN=CC=C4,CC1c2nnc(COc3cccnc3)n2CCN1C(=O)c1ccco1,3.0922769625227655,12,17,-0.04826849699020386,-0.16339772939682007,-0.004236359149217606,-0.09259147942066193,-0.21590258553624153,-0.12176395207643509,-0.02982868254184723,-0.10017479211091995,0.18037135278514588
COC1=CC=CC(=C1)NC(=O)N2CCC(C2)OC3=NC=CN=C3C#N,COc1cccc(NC(=O)N2CCC(Oc3nccnc3C#N)C2)c1,2.881869691711385,12,17,-0.0036767302080988884,-0.2688082456588745,0.056503910571336746,-0.14494803547859192,-0.21598106529563665,-0.12552550435066223,-0.017571087926626205,-0.20795026421546936,0.21846153846153846
COC1=CC2=C(C[C@H](CO2)CNC(=O)C3=CC4=NN=NN4C=C3)C=C1,COc1ccc2c(c1)OC[C@H](CNC(=O)c1ccn3nnnc3c1)C2,3.089371166948477,12,17,-0.02546708472073078,-0.12934663891792297,-0.06206118315458298,-0.16209933161735535,-0.21687490679323673,-0.15603317320346832,-0.08041264861822128,-0.10710105299949646,0.26421404682274247
CC1=CC=CC=C1CN2C=C(C=N2)NC(=O)C3=CN(N=C3)CC(=O)O,Cc1ccccc1Cn1cc(NC(=O)c2cnn(CC(=O)O)c2)cn1,2.2618882892644,13,17,-0.00010079145431518555,-0.24607807397842407,0.02837418019771576,-0.031496502459049225,-0.2178046852350235,-0.09474678337574005,0.048116255551576614,-0.11821261048316956,0.14067278287461774
CN(C)C1=C(C=C(C=C1)[N+](=O)[O-])C(=O)NCC2=CN3C=CC=CC3=N2,CN(C)c1ccc([N+](=O)[O-])cc1C(=O)NCc1cn2ccccc2n1,2.38128420320961,11,16,-0.16870222985744476,-0.043405596166849136,-0.0070665208622813225,-0.1110452264547348,-0.21917434688657522,-0.17166262865066528,-0.08568578213453293,-0.01679544895887375,0.16560509554140126
C1C(CC1NC(=O)OC2=CC(=NC3=C2C=NN3)C4=CC=C(C=C4)O)N,NC1CC(NC(=O)Oc2cc(-c3ccc(O)cc3)nc3[nH]ncc23)C1,2.755548527617595,11,14,0.041190776973962784,-0.15209302306175232,-0.10830506682395935,-0.07362732291221619,-0.21920731291174889,-0.06286567449569702,-0.011246774345636368,-0.14330360293388367,0.3726937269372694
C1CC1C2=NC3=C(O2)C=C(C=C3)NC(=O)C4=CN(N=N4)C5CCOC5,O=C(Nc1ccc2nc(C3CC3)oc2c1)c1cn(C2CCOC2)nn1,3.0994560984553274,11,16,-0.15523970127105713,0.004050707444548607,-0.06806313991546631,-0.10592851787805557,-0.21925213374197483,-0.09557868540287018,-0.1238739937543869,-0.0551145076751709,0.13658536585365855
COC(=O)C1=CC2=C(C=C1)C3=C(C=CN=C3)C(=N2)NCC/C(=N/O)/N,COC(=O)c1ccc2c(c1)nc(NCC/C(N)=N/O)c1ccncc12,2.543764778971875,12,17,-0.04712677001953125,0.08869682252407074,-0.2616482675075531,-0.09041688591241837,-0.2200782150030136,0.023301657289266586,-0.16151292622089386,-0.09033870697021484,0.20848056537102475
COC(=O)C1=C2C=CC=NC2=C(C=C1)CN3C(=O)N(N=N3)C4CCC4,COC(=O)c1ccc(Cn2nnn(C3CCC3)c2=O)c2ncccc12,2.5870837388852017,10,16,-0.059835392981767654,-0.234274223446846,0.07346908748149872,-0.08952498435974121,-0.22064052894711494,-0.101605623960495,-0.030626097694039345,-0.1425841748714447,0.15773809523809523
C1C=CC[C@H]2[C@@H]1C(=O)N(C2=O)CC(=O)NCC3=NN=C4N3C=CC=C4,O=C(CN1C(=O)[C@H]2CC=CC[C@H]2C1=O)NCc1nnc2ccccn12,3.2555172042500224,13,17,-0.09341122955083847,0.13090893626213074,-0.2585688829421997,-0.07808130234479904,-0.22107117623090744,0.007788956165313721,-0.1467285454273224,-0.06646165996789932,0.19594594594594594
CC1=CC=CC=C1CN2C=C(C=N2)NC(=O)C3=NN(C=C3C(=O)O)C,Cc1ccccc1Cn1cc(NC(=O)c2nn(C)cc2C(=O)O)cn1,2.298397170242577,12,17,-0.059642285108566284,-0.36386263370513916,0.20206597447395325,-0.0725364238023758,-0.2214389443397522,-0.20042471587657928,0.06899066269397736,-0.1165289580821991,0.1246376811594203
CC1(CC(C2=CC=CC=C2O1)NC3=NN4C(=NC=C4[N+](=O)[O-])C=C3)C,CC1(C)CC(Nc2ccc3ncc([N+](=O)[O-])n3n2)c2ccccc2O1,3.3163144371068363,11,16,0.03353617340326309,-0.39288586378097534,0.13757291436195374,-0.12377433478832245,-0.22177677601575851,-0.20616601407527924,0.07831616699695587,-0.18760377168655396,0.2611111111111111
CC1=CC(=CC(=C1)NC2=NC=NC(=C2[N+](=O)[O-])NCC3=CC=CO3)C,Cc1cc(C)cc(Nc2ncnc(NCc3ccco3)c2[N+](=O)[O-])c1,2.393083522200479,10,14,-0.14559882879257202,-0.1207818016409874,0.044191524386405945,-0.08663079142570496,-0.22218910604715347,-0.1127774715423584,-0.058602459728717804,-0.08234609663486481,0.1829652996845426
CN1C=CN=C1C(C2=CC=CC=C2)NC(=O)CN3C=CC(=O)NC3=O,Cn1ccnc1C(NC(=O)Cn1ccc(=O)[nH]c1=O)c1ccccc1,2.7654149788186437,12,15,-0.2687615752220154,0.0009102411568164825,0.04497808218002319,-0.04198563098907471,-0.2228732518851757,-0.11356131732463837,-0.07761677354574203,0.013728989288210869,0.2282958199356913
C1CNCCC1N2C=C(N=N2)C(=O)NC3=CC4=C(C=C3)OC(=O)C=C4,O=C(Nc1ccc2oc(=O)ccc2c1)c1cn(C2CCNCC2)nn1,2.5141281592535663,11,15,-0.1484278440475464,-0.024531099945306778,-0.05006363242864609,-0.11887912452220917,-0.22302257642149925,-0.08039639890193939,-0.14695698022842407,-0.07429124414920807,0.13736263736263737
C1[C@H](CO[C@H]1C2=NC3=NC=NC(=C3N2)N)COC(=O)C4=CC=CC=C4,Nc1ncnc2nc([C@H]3C[C@@H](COC(=O)c4ccccc4)CO3)[nH]c12,3.466350001931791,11,15,-0.0776241198182106,0.01387084648013115,-0.15954869985580444,-0.08867688477039337,-0.2233019731938839,-0.053223103284835815,-0.06679684668779373,-0.12033411115407944,0.2064516129032258
CC1=CC=CC=C1OCC2=NOC(=N2)C3CC(=O)N(C3)C4=CNN=C4,Cc1ccccc1OCc1noc(C2CC(=O)N(c3cn[nH]c3)C2)n1,3.110172642185569,12,17,0.009651262313127518,-0.15930986404418945,-0.07504092156887054,-0.056106504052877426,-0.22469952329993248,-0.059431292116642,-0.025747980922460556,-0.10821373015642166,0.2054794520547945
C[C@@H]1CC2=C([C@@H](N3C(=NC(=N3)C)N2)C4=CC(=CC=C4)[N+](=O)[O-])C(=O)C1,Cc1nc2n(n1)[C@@H](c1cccc([N+](=O)[O-])c1)C1=C(C[C@@H](C)CC1=O)N2,3.7091914350192514,11,17,-0.04589812085032463,-0.0009422581642866135,-0.17814618349075317,-0.060601189732551575,-0.22498656250536442,0.001544097438454628,-0.060846664011478424,-0.14904749393463135,0.18095238095238095
CC1=CC=NC2=NC(=NN12)C(=O)OCC(=O)N(C)CC3=CC=CC=C3,Cc1ccnc2nc(C(=O)OCC(=O)N(C)Cc3ccccc3)nn12,2.308957411691269,9,15,-0.23900213837623596,-0.056685883551836014,0.0704667717218399,-0.05184834450483322,-0.22522125020623207,-0.12442100048065186,-0.09948600828647614,0.019967583939433098,0.20253164556962025
CCC(=O)N1CC2CC1C3=C(N(C(=O)N23)C4=CN=C(C(=C4)C)C#N)O,CCC(=O)N1CC2CC1c1c(O)n(-c3cnc(C#N)c(C)c3)c(=O)n12,4.744184342891963,10,17,0.08794756233692169,-0.2090834230184555,-0.10418718308210373,5.048979073762894e-05,-0.22532304376363754,0.005194586701691151,0.042457953095436096,-0.1602734923362732,0.1568627450980392
C[C@H](CNC1=NC2=CC=CC=C2N1CC3=NOC(=N3)C4=COC=C4)O,C[C@@H](O)CNc1nc2ccccc2n1Cc1noc(-c2ccoc2)n1,3.1233625262740823,13,17,-0.19319987297058105,0.09837694466114044,-0.13061949610710144,-0.0651533454656601,-0.22544242441654205,-0.0648408830165863,-0.1188230961561203,-0.0152428038418293,0.28313253012048195
CC(C(=O)O)N1C(=CC=N1)C(=O)NC2=CN(N=C2)CC3=CC=CC=C3,CC(C(=O)O)n1nccc1C(=O)Nc1cnn(Cc2ccccc2)c1,2.714145206337605,12,15,-0.01485203392803669,-0.20998162031173706,-0.0006243344396352768,-0.013041770085692406,-0.22545798867940903,-0.08896499872207642,0.03959352523088455,-0.08364877849817276,0.14565826330532214
C1CC(N(C1)C(=O)C2=NC=CN3C2=NC=C3)C(=O)NCC4=CC=CO4,O=C(NCc1ccco1)C1CCCN1C(=O)c1nccn2ccnc12,3.008344612680826,13,17,-0.22121644020080566,0.10453920066356659,-0.10917750000953674,-0.12961122393608093,-0.22585473954677582,-0.09938696026802063,-0.17134273052215576,-0.03392397612333298,0.15868263473053892
C[C@@H](C(=O)NC1CC1)OC(=O)C2=CC(=CC=C2)N3C(=C(C=N3)C#N)N,C[C@H](OC(=O)c1cccc(-n2ncc(C#N)c2N)c1)C(=O)NC1CC1,2.7860419325140615,11,16,0.11886153370141983,-0.10511696338653564,-0.2398127168416977,-0.03975187614560127,-0.2260681465268135,-0.020964687690138817,0.05329643189907074,-0.17087385058403015,0.1444141689373297
[2H]C[C@@H]1C(C[C@@H](O1)N2C=NC3=C(N=CN=C32)NC(=O)C4=CC=CC=C4)O,[2H]C[C@H]1O[C@@H](n2cnc3c(NC(=O)c4ccccc4)ncnc32)CC1O,3.7823045543793015,13,15,0.15452730655670166,-0.26713991165161133,-0.11410463601350784,-0.023599421605467796,-0.2267172411084175,-0.045967165380716324,0.14270535111427307,-0.23380982875823975,0.23782234957020057
C1=CC=C(C=C1)CONC(=O)C2=CC=CC=C2NCC3=NNC(=O)N3,O=C(NOCc1ccccc1)c1ccccc1NCc1n[nH]c(=O)[nH]1,2.4782097187899197,13,15,-0.026602279394865036,-0.3137780427932739,0.11311927437782288,-0.06912538409233093,-0.22726104781031609,-0.14080393314361572,0.04154622554779053,-0.14430543780326843,0.1523809523809524
CCN(CC1=CC(=CC=C1)[N+](=O)[O-])C(=O)C2=C3N=C(C=CN3N=C2)C,CCN(Cc1cccc([N+](=O)[O-])c1)C(=O)c1cnn2ccc(C)nc12,2.434451455956861,11,17,-0.08189767599105835,-0.14463022351264954,-0.0012217909097671509,-0.0773356705904007,-0.22774969041347504,-0.10395707935094833,-0.04030285030603409,-0.09623517096042633,0.18181818181818182
COC1=CC2=C(C[C@@H](CO2)CNC(=O)C3=CC4=NN=NN4C=C3)C=C1,COc1ccc2c(c1)OC[C@@H](CNC(=O)c1ccn3nnnc3c1)C2,3.089371166948477,12,17,-0.023264536634087563,-0.14073722064495087,-0.06387551128864288,-0.16398325562477112,-0.2278772685676813,-0.15806977450847626,-0.07835397124290466,-0.11616747081279755,0.26421404682274247
CC(C)C1=CC=C(C=C1)NC2=NN=C(O2)C(=O)NC3=CNC(=O)C=C3,CC(C)c1ccc(Nc2nnc(C(=O)Nc3ccc(=O)[nH]c3)o2)cc1,2.53532837593829,10,14,0.05676312744617462,-0.14246603846549988,-0.14338451623916626,-0.03007129393517971,-0.22908742725849152,-0.00951608270406723,-0.05810413509607315,-0.08800746500492096,0.18075801749271136
CN(C)C(=O)C1=C(C(=CC=C1)NC2=NNC(=N2)C3=CC=C(C=C3)O)O,CN(C)C(=O)c1cccc(Nc2n[nH]c(-c3ccc(O)cc3)n2)c1O,2.394291675737083,10,14,-0.13137979805469513,0.027171127498149872,-0.12494923174381256,-0.04851500689983368,-0.22915790230035782,-0.06565873324871063,-0.1245972067117691,0.021708976477384567,0.2668918918918919
CC(O)(O)OC1=NN(C2=C1C=CC(=C2)NC3=NCC4=C3N=CC=C4)C,Cn1nc(OC(C)(O)O)c2ccc(NC3=NCc4cccnc43)cc21,3.2868878558949515,11,17,-0.26540955901145935,-0.30580413341522217,0.3413245677947998,-0.19114351272583008,-0.2298891246318817,-0.3517589271068573,-0.026455175131559372,-0.060076385736465454,0.17941952506596306
C1OC2=C(O1)C=C(C=C2)C3=NNC(=C3)C(=O)NCCCN4C=CC=N4,O=C(NCCCn1cccn1)c1cc(-c2ccc3c(c2)OCO3)n[nH]1,2.434385539710945,13,17,-0.09479066729545593,-0.06649433076381683,-0.06893368065357208,-0.14989206194877625,-0.23021867871284485,-0.1224246472120285,-0.13794615864753723,-0.07587124407291412,0.2484472049689441
CN1C[C@]23C=C[C@H](O2)[C@@H]([C@@H]3C1=O)C(=O)NCC4=CC=CC5=NC=NN54,CN1C[C@]23C=C[C@H](O2)[C@H](C(=O)NCc2cccc4ncnn24)[C@@H]3C1=O,5.263746050403867,13,17,-0.10306689143180847,0.04430362582206726,-0.1728127896785736,-0.07658352702856064,-0.23157605528831482,-0.038991302251815796,-0.10084988921880722,-0.08307518064975739,0.19705882352941176
CN1C=C(C=N1)O[C@@H]2CN(C[C@H]2O)C(=O)C3=CN=C4C=NC=CC4=C3,Cn1cc(O[C@@H]2CN(C(=O)c3cnc4cnccc4c3)C[C@H]2O)cn1,3.5686595119423288,13,17,-0.01370881125330925,-0.28951403498649597,0.07026578485965729,-0.13124048709869385,-0.23295706138014793,-0.159463569521904,0.005800403654575348,-0.188615083694458,0.20923076923076922
C1CC(CN(C1)C2=NC3=C(C=C(C=C3)[N+](=O)[O-])C(=C2)C#N)CC(=O)N,N#Cc1cc(N2CCCC(CC(N)=O)C2)nc2ccc([N+](=O)[O-])cc12,3.005000021381716,11,17,-0.15970833599567413,-0.15238405764102936,0.07903744280338287,-0.08695167303085327,-0.23305495083332062,-0.12148384749889374,-0.06832824647426605,-0.08819656074047089,0.21548821548821548
COC(=O)[C@@H]1CN(C[C@H]1C2=CC=C(C=C2)O)C3=NC=CN4C3=NN=C4,COC(=O)[C@@H]1CN(c2nccn3cnnc23)C[C@H]1c1ccc(O)cc1,3.4436614350192514,11,15,0.03967912495136261,-0.2803173065185547,0.006648708134889603,-0.07969426363706589,-0.23398947343230247,-0.07470767199993134,0.012234415858983994,-0.1945108324289322,0.23795180722891565
C[C@@H]1C2=NN=C(N2CCN1C(=O)C3=CC=CO3)COC4=CN=CC=C4,C[C@@H]1c2nnc(COc3cccnc3)n2CCN1C(=O)c1ccco1,3.0922769625227655,12,17,-0.05734942480921745,-0.179289773106575,0.001724090427160263,-0.09772133082151413,-0.2349151074886322,-0.12522366642951965,-0.03065735474228859,-0.11808224022388458,0.18037135278514588
C1[C@@H]([C@H]([C@@H]1N2C=NC3=C(C2=NC(=O)C4=CC=CC=C4)NC=N3)O)CO,O=C(N=c1c2[nH]cnc2ncn1[C@@H]1C[C@H](CO)[C@H]1O)c1ccccc1,3.858691993399974,13,15,-0.1598307192325592,0.05827843397855759,-0.13341540098190308,-0.10908716917037964,-0.2349676862359047,-0.07551396638154984,-0.13560879230499268,-0.058816127479076385,0.20116618075801748
C1CN(C[C@H]1C2=NOC(=N2)C3=CC=CO3)C(=O)C4=NNC(=C4)C5CC5,O=C(c1cc(C2CC2)[nH]n1)N1CC[C@H](c2noc(-c3ccco3)n2)C1,3.184672536811491,11,16,-0.2163516879081726,0.19034343957901,-0.20925232768058777,-0.07009662687778473,-0.23526057600975037,-0.013435302302241325,-0.22393444180488586,0.022776784375309944,0.15632754342431762
COC1=C(C=C(C=C1)NC(=O)N2NC3=CC=CC4=CC=NN2C43)OC,COc1ccc(NC(=O)N2NC3=CC=CC4=CC=NN2C43)cc1OC,3.778883153249847,13,17,-0.162355437874794,0.0317247211933136,-0.10495615005493164,-0.13608230650424957,-0.23558686673641205,-0.10087774693965912,-0.14506447315216064,-0.08016981184482574,0.18857142857142858
C1CN(CCC1(C(=O)O)OC2=CC=CC=C2)C3=NC=NC4=C3NC=N4,O=C(O)C1(Oc2ccccc2)CCN(c2ncnc3nc[nH]c23)CC1,2.7186491286950822,9,13,-0.1322992742061615,-0.1865348517894745,0.08311513066291809,-0.060567088425159454,-0.2357189953327179,-0.12899675965309143,-0.04973418265581131,-0.047257199883461,0.3554006968641115
CC1=CC(=CC(=O)N1CC(=O)NC2=CC=C(C=C2)CN3C=NC=N3)O,Cc1cc(O)cc(=O)n1CC(=O)Nc1ccc(Cn2cncn2)cc1,2.3164284842806513,11,15,-0.2336929887533188,0.03925817832350731,-0.04149644076824188,-0.03677130118012428,-0.23593125119805336,-0.09781064838171005,-0.08725816011428833,0.01969776302576065,0.24375
CN1C=C(C(=O)NC1=O)C(=O)NC(CN2C=CN=C2)C3=CC=CC=C3,Cn1cc(C(=O)NC(Cn2ccnc2)c2ccccc2)c(=O)[nH]c1=O,2.909297969067831,12,15,-0.28532811999320984,-0.10102435201406479,0.15019023418426514,-0.055322203785181046,-0.2361622378230095,-0.1528664231300354,-0.10346805304288864,0.027453375980257988,0.21656050955414013
C1[C@H](OC2=CC=CC=C2O1)C3=NC(=NN3)NC(=O)CCN4C=CC=C4,O=C(CCn1cccc1)Nc1n[nH]c([C@@H]2COc3ccccc3O2)n1,3.1798703154120087,12,15,0.02892175503075123,-0.11242704093456268,-0.1533120572566986,-0.10210701823234558,-0.23681734316051006,-0.059835974127054214,-0.05699242651462555,-0.13877947628498077,0.32550335570469796
CC1=CC(=NC2=NC(=NN12)C(=O)N(C)CC3=CC4=C(C=C3)OCO4)C,Cc1cc(C)n2nc(C(=O)N(C)Cc3ccc4c(c3)OCO4)nc2n1,2.4867069241506403,9,17,-0.030564647167921066,-0.11058452725410461,-0.09570212662220001,-0.09034273773431778,-0.2368513010442257,-0.09128856658935547,-0.08689306676387787,-0.06565984338521957,0.23310810810810811
CN(C)C1=CC(=O)N(N=C1)CC2=CC(=O)C3=C(N2)C=CC(=C3)C(=O)N,CN(C)c1cnn(Cc2cc(=O)c3cc(C(N)=O)ccc3[nH]2)c(=O)c1,2.6962913699559063,10,16,-0.11849489063024521,-0.08286591619253159,-0.03643624484539032,-0.06434296071529388,-0.23779705166816711,-0.07722458243370056,-0.08176393061876297,-0.06199852004647255,0.17664670658682635
COC1=CC=CC(=C1)N2C(=NC(=N2)NC3=CC=CC(=C3)C(=O)OC)N,COC(=O)c1cccc(Nc2nc(N)n(-c3cccc(OC)c3)n2)c1,2.161300856978375,12,17,-0.08290735632181168,0.04777827858924866,-0.20329439640045166,-0.11221136152744293,-0.23842347413301468,-0.019218236207962036,-0.17017947137355804,-0.09100872278213501,0.1786833855799373
C1[C@@H](OC2=CC=CC=C2O1)C3=NC(=NN3)NC(=O)CCN4C=CC=C4,O=C(CCn1cccc1)Nc1n[nH]c([C@H]2COc3ccccc3O2)n1,3.1798703154120087,12,15,0.02660583145916462,-0.10977336764335632,-0.15555423498153687,-0.10346022993326187,-0.23872177116572857,-0.060076914727687836,-0.05964624881744385,-0.1386851668357849,0.32550335570469796
C1CN(CCC1C2=CNC3=CC=CC=C32)C(=O)C4=C(C=NN4)[N+](=O)[O-],O=C(c1[nH]ncc1[N+](=O)[O-])N1CCC(c2c[nH]c3ccccc23)CC1,2.4969762361766428,11,15,-0.21274134516716003,-0.0820101797580719,0.05585161969065666,-0.1114688366651535,-0.23889990523457527,-0.11229372024536133,-0.17797529697418213,-0.020345693454146385,0.1497175141242938
C1=CC=C(C=C1)CN(CCC(=O)N)C2=C(N3C=CC=CC3=N2)[N+](=O)[O-],NC(=O)CCN(Cc1ccccc1)c1nc2ccccn2c1[N+](=O)[O-],2.487079405190727,11,15,0.019918126985430717,-0.30920058488845825,0.05022148787975311,-0.03792610019445419,-0.23906097002327442,-0.09675723314285278,0.0673559308052063,-0.1632341742515564,0.24437299035369775
CN(CC1=CN=C(N=C1)N)C(=O)C2=COC(=N2)COC3=CC=CC=C3,CN(Cc1cnc(N)nc1)C(=O)c1coc(COc2ccccc2)n1,2.4110377746381815,9,14,-0.20243576169013977,-0.0486583486199379,0.011956354603171349,-0.028151314705610275,-0.23913775570690632,-0.11067959666252136,-0.06306186318397522,0.014601796865463257,0.22435897435897437
C1=CC(=CC=C1CCCCNC(=O)C2=NC=CN3C2=NC=C3)[N+](=O)[O-],O=C(NCCCCc1ccc([N+](=O)[O-])cc1)c1nccn2ccnc12,2.379947390022796,11,15,-0.25325900316238403,-0.010937154293060303,0.024499883875250816,-0.11088749766349792,-0.23969627358019352,-0.14717991650104523,-0.15588921308517456,0.0038995034992694855,0.16932907348242812
CN(CC1=NN=C(O1)C2=CC=CC=C2)C(C3=CN=C(C=C3)N)C(=O)O,CN(Cc1nnc(-c2ccccc2)o1)C(C(=O)O)c1ccc(N)nc1,2.8709402225889598,11,15,-0.10669225454330444,-0.04736926779150963,-0.08566132187843323,-0.05114509165287018,-0.2397228442132473,-0.11998593807220459,-0.015158206224441528,-0.05172547325491905,0.18857142857142858
CN1C=CN=C1C(C2=CC(=CC=C2)OC)NC3=NC=C(C=C3)[N+](=O)[O-],COc1cccc(C(Nc2ccc([N+](=O)[O-])cn2)c2nccn2C)c1,2.8160665497828923,13,17,-0.21051816642284393,-0.03893514722585678,0.008773655630648136,-0.1428651511669159,-0.24067965801805258,-0.14456503093242645,-0.13669268786907196,-0.06613927334547043,0.23076923076923078
C1=CC=C(C=C1)C(CCN2C=CN=C2)NC(=O)C3=C(NC=N3)C(=O)O,O=C(NC(CCn1ccnc1)c1ccccc1)c1nc[nH]c1C(=O)O,2.9285869994036933,13,15,-0.22513499855995178,-0.13151000440120697,0.11586961895227432,-0.04829627275466919,-0.24077538400888443,-0.09972260147333145,-0.08870518207550049,-0.0370236411690712,0.1543026706231454
C[C@@H]1CC2=C([C@H](N3C(=NC(=N3)C)N2)C4=CC(=CC=C4)[N+](=O)[O-])C(=O)C1,Cc1nc2n(n1)[C@H](c1cccc([N+](=O)[O-])c1)C1=C(C[C@@H](C)CC1=O)N2,3.7091914350192514,11,17,-0.05191979929804802,-0.011433891020715237,-0.1775420904159546,-0.06490292400121689,-0.24089578073471785,-0.004630375653505325,-0.06432628631591797,-0.15440019965171814,0.18095238095238095
CN1C=C(C=C1C(=O)O)C2=CC=C(C=C2)NC(=O)C3=NC(=CN3C)N,Cn1cc(-c2ccc(NC(=O)c3nc(N)cn3C)cc2)cc1C(=O)O,2.5762512361766436,10,15,-0.3156425356864929,-0.08040906488895416,0.1550312340259552,-0.1210365742444992,-0.24102036654949188,-0.22948387265205383,-0.1231350302696228,0.022062277421355247,0.22085889570552147
C1CC2=NC=CN2C[C@H]1NC(=O)CN3C(=O)C4=CC=CC=C4NC3=O,O=C(Cn1c(=O)[nH]c2ccccc2c1=O)N[C@H]1CCc2nccn2C1,3.0154543070960003,13,17,-0.14276468753814697,0.15197516977787018,-0.2508763074874878,-0.01120840385556221,-0.2416658252477646,0.05093018710613251,-0.14632093906402588,-0.028492135927081108,0.2356687898089172
C1=CC(=CC=C1CNCCC(=O)O)NC(=O)C2=CC3=NNN=C3C=C2,O=C(O)CCNCc1ccc(NC(=O)c2ccc3n[nH]nc3c2)cc1,2.1298262361766422,12,15,-0.03849434852600098,-0.004375765100121498,-0.19897328317165375,-0.031859803944826126,-0.24184339679777622,-0.0005633067339658737,-0.08166911453008652,-0.07162759453058243,0.16319444444444445
CN1[C@H]([C@@H](CC1=O)NCC2=NN=C(O2)C3=CC=CO3)C4=CN=CC=C4,CN1C(=O)C[C@@H](NCc2nnc(-c3ccco3)o2)[C@@H]1c1cccnc1,3.5517086952932253,13,17,-0.14860354363918304,0.14906732738018036,-0.2434092015028,-0.06431591510772705,-0.24294541776180267,-0.03868123143911362,-0.15723463892936707,0.014231780543923378,0.15577889447236182
C1COCCN1C2=C(C=CC=N2)CNC3=C(C=C(C=C3)C#N)[N+](=O)[O-],N#Cc1ccc(NCc2cccnc2N2CCOCC2)c([N+](=O)[O-])c1,2.3410166207920273,10,15,-0.20628833770751953,-0.16999593377113342,0.13279598951339722,-0.19369281828403473,-0.24348828196525574,-0.22149528563022614,-0.11320852488279343,-0.12089681625366211,0.16352201257861634
CC(CO)NC(=O)/C(=C/C1=CC=CO1)/N2C(=NN=N2)C3=CC=CC=C3,CC(CO)NC(=O)/C(=C/c1ccco1)n1nnnc1-c1ccccc1,3.1320523840190777,12,15,0.04662620648741722,-0.2812662124633789,-0.009017705917358398,-0.06925792992115021,-0.24365771189332008,-0.12175946682691574,0.0887032002210617,-0.19253674149513245,0.1956521739130435
C1=CC2=C(C=C(N2)CNC(=O)CCNC(=O)C3=C(C=CC=N3)O)N=C1,O=C(CCNC(=O)c1ncccc1O)NCc1cc2ncccc2[nH]1,2.415953159253565,14,17,0.006153669208288193,-0.06544312834739685,-0.18496935069561005,-0.054734472185373306,-0.2442588098347187,-0.06028745323419571,-0.04620564728975296,-0.06469888240098953,0.2
C[C@@H](CNC1=NC2=CC=CC=C2N1CC3=NOC(=N3)C4=COC=C4)O,C[C@H](O)CNc1nc2ccccc2n1Cc1noc(-c2ccoc2)n1,3.1233625262740823,13,17,-0.20133039355278015,0.08264056593179703,-0.12559223175048828,-0.07353729754686356,-0.2442820593714714,-0.07642950117588043,-0.12258762866258621,-0.02339736744761467,0.28313253012048195
CC1([C@H]([C@@H](C2=C(O1)C=CC(=C2)C3=NNN=N3)N4C=CC=CC4=O)O)C,CC1(C)Oc2ccc(-c3nn[nH]n3)cc2[C@@H](n2ccccc2=O)[C@@H]1O,3.494759755712643,12,16,0.059273216873407364,-0.28572511672973633,-0.01784520410001278,-0.10792803019285202,-0.24429710395634174,-0.10824641585350037,0.02631903812289238,-0.21311025321483612,0.3
C1C(C(NN1)C2=CC=CC=C2)C(=O)NCC3=NOC(=N3)C4=CC=CO4,O=C(NCc1noc(-c2ccco2)n1)C1CNNC1c1ccccc1,3.5508284828363,13,15,-0.05341436341404915,-0.103481724858284,-0.0874633640050888,-0.09284767508506775,-0.24435945227742195,-0.09570589661598206,-0.048423122614622116,-0.11123015731573105,0.18333333333333332
C1CN(C[C@@H]1C2=NOC(=N2)C3=CC=CO3)C(=O)C4=NNC(=C4)C5CC5,O=C(c1cc(C2CC2)[nH]n1)N1CC[C@@H](c2noc(-c3ccco3)n2)C1,3.184672536811491,11,16,-0.22007635235786438,0.18674933910369873,-0.2115945816040039,-0.07521875202655792,-0.24492159485816956,-0.020655754953622818,-0.2267838716506958,0.021123476326465607,0.15632754342431762
C1=CC=C(C=C1)C2=NNC(=C2)C(=O)NCCCNC(=O)C3=COC=N3,O=C(NCCCNC(=O)c1cc(-c2ccccc2)n[nH]1)c1cocn1,2.4719979168931854,12,15,-0.025990629568696022,-0.13770967721939087,-0.0813518837094307,-0.04989902302622795,-0.24505219049751759,-0.09534398466348648,-0.013018538244068623,-0.07550818473100662,0.18553459119496854
CCOC1=C(C=CC(=C1)/C=C(\C#N)/C2=NN(C(=C2C#N)N)CCO)O,CCOc1cc(/C=C(\C#N)c2nn(CCO)c(N)c2C#N)ccc1O,2.8055194636013905,11,17,-0.2129194438457489,-0.3243630528450012,0.2920331358909607,-0.19259601831436157,-0.24524936079978943,-0.2771202027797699,-0.01967409998178482,-0.1604188084602356,0.17759562841530055
CC(C)C(=O)NC1=CN2C(=N1)C=CC(=N2)OC3=CC=CC(=C3)NC=O,CC(C)C(=O)Nc1cn2nc(Oc3cccc(NC=O)c3)ccc2n1,2.6375929479859597,12,16,0.08756300806999207,-0.2778089940547943,-0.05532269552350044,-0.05286751687526703,-0.2455686815083027,-0.101751908659935,0.03030228242278099,-0.12081218510866165,0.30927835051546393
C1CC1C2=CN(N=N2)C3CN(C3)C(=O)CN4C5=CC=CC=C5OC4=O,O=C(Cn1c(=O)oc2ccccc21)N1CC(n2cc(C3CC3)nn2)C1,2.6484787551365567,10,15,-0.2156982123851776,0.004628419876098633,-0.035250671207904816,-0.08641202002763748,-0.2463204637169838,-0.11448592692613602,-0.12772613763809204,-0.023269537836313248,0.13810741687979539
C1CN(CCN1C2=CC=C(C=C2)O)C3=C(N4C=CC=CC4=N3)[N+](=O)[O-],O=[N+]([O-])c1c(N2CCN(c3ccc(O)cc3)CC2)nc2ccccn12,2.3793993130997197,9,13,0.19851228594779968,-0.3582046926021576,-0.08691854774951935,-0.05592452734708786,-0.24661095440387726,-0.05341481417417526,0.12914448976516724,-0.2889723777770996,0.25862068965517243
C1CC2=CN=CN2CC1C(=O)NCC3=NC(=NO3)C4=CC(=CC=C4)O,O=C(NCc1nc(-c2cccc(O)c2)no1)C1CCc2cncn2C1,3.1712986695828294,13,17,-0.11433306336402893,0.12788058817386627,-0.26020511984825134,-0.10449282824993134,-0.246657595038414,-0.02049284055829048,-0.1876862347126007,-0.05598349869251251,0.2542372881355932
CN1C=C(C=N1)C(=O)CC2CCCN2C3=C(C=C(C=C3)[N+](=O)[O-])C#N,Cn1cc(C(=O)CC2CCCN2c2ccc([N+](=O)[O-])cc2C#N)cn1,3.1130514499531436,11,17,-0.23138825595378876,-0.09858091920614243,0.08319930732250214,-0.19281436502933502,-0.24676986783742905,-0.1781342327594757,-0.16972729563713074,-0.10592129826545715,0.12
C1=CC=C2C(=C1)NC(=N2)CCCNC(=O)C3=CC(=C(C=C3)N)[N+](=O)[O-],Nc1ccc(C(=O)NCCCc2nc3ccccc3[nH]2)cc1[N+](=O)[O-],2.164971062828865,13,17,-0.05830191820859909,-0.016694745048880577,-0.17201483249664307,-0.06114814057946205,-0.24701149575412273,-0.049057330936193466,-0.057473037391901016,-0.0897437259554863,0.16225165562913907
COC1=NC2=C(C=C1)N=CC(=O)N2C3=CC4=C(C[C@H]([C@@H](C4)O)N)N=C3,COc1ccc2ncc(=O)n(-c3cnc4c(c3)C[C@@H](O)[C@H](N)C4)c2n1,3.7914184772727726,12,17,0.02698693983256817,-0.09332776069641113,-0.18200887739658356,-0.0730351060628891,-0.24834969826042652,-0.03494494408369064,-0.06925170123577118,-0.11579851806163788,0.22589531680440772
C1=CC(=CC(=C1)C(=O)NCCC2=CNC(=O)NC2=O)CN3C=CC=N3,O=C(NCCc1c[nH]c(=O)[nH]c1=O)c1cccc(Cn2cccn2)c1,2.344385851561258,14,17,0.1799122393131256,-0.19455486536026,-0.23399938642978668,-0.044790834188461304,-0.24864201247692108,-0.0012039737775921822,0.047515641897916794,-0.22517377138137817,0.21753246753246752
C[C@H]1CC2=C([C@@H](N3C(=NC(=N3)C)N2)C4=CC(=CC=C4)[N+](=O)[O-])C(=O)C1,Cc1nc2n(n1)[C@@H](c1cccc([N+](=O)[O-])c1)C1=C(C[C@H](C)CC1=O)N2,3.7091914350192514,11,17,-0.04414593055844307,-0.023170363157987595,-0.18184204399585724,-0.06867988407611847,-0.2491583377122879,-0.00783808995038271,-0.06014911085367203,-0.16509023308753967,0.18095238095238095
C1CN(CC1C2=CC(=O)NN2)C(=O)C3=CC(=NN3)C4=CC=CC=C4O,O=C(c1cc(-c2ccccc2O)n[nH]1)N1CCC(c2cc(=O)[nH][nH]2)C1,3.319686999403693,14,17,0.0463547445833683,-0.11131972074508667,-0.18471378087997437,-0.056809455156326294,-0.24967875704169273,-0.019770901650190353,-0.060359422117471695,-0.12062601000070572,0.2719033232628399
C1=CC(=CC(=C1)NC(=O)CCN2C=C(C=N2)C(=O)O)CN3C=CC=N3,O=C(CCn1cc(C(=O)O)cn1)Nc1cccc(Cn2cccn2)c1,2.236918543868951,14,17,-0.0837983712553978,-0.08008124679327011,-0.08593019098043442,-0.06843362003564835,-0.24980980902910233,-0.08753719925880432,-0.05486389249563217,-0.0801081657409668,0.1536050156739812
C1[C@H](OC2=CC=CC=C2O1)CN3C=C(C=N3)NC(=O)CN4C=CC=N4,O=C(Cn1cccn1)Nc1cnn(C[C@@H]2COc3ccccc3O2)c1,2.908403371545065,14,17,-0.024920154362916946,-0.2111348807811737,-0.013867026194930077,-0.13923469185829163,-0.24992206133902073,-0.12441261857748032,-0.02631390281021595,-0.2021036446094513,0.2698961937716263
C[C@H]1C2=NN=C(N2CCN1C(=O)C3=CC=CO3)COC4=CN=CC=C4,C[C@H]1c2nnc(COc3cccnc3)n2CCN1C(=O)c1ccco1,3.0922769625227655,12,17,-0.05442098528146744,-0.19507914781570435,-0.0007793493568897247,-0.10320937633514404,-0.2502794824540615,-0.12987618148326874,-0.030575787648558617,-0.1304054707288742,0.18037135278514588
CC1=CC=C(C=C1)CN2C=C(C=N2)NC(=O)C3=CN(N=C3)CC(=O)O,Cc1ccc(Cn2cc(NC(=O)c3cnn(CC(=O)O)c3)cn2)cc1,2.2048499360683014,11,15,-0.12387196719646454,-0.10590729117393494,-0.02070774883031845,-0.08501952886581421,-0.2504870072007179,-0.1216621845960617,-0.06738916784524918,-0.06756662577390671,0.13975155279503104
COC1=NC2=C(C=C1)N=CC(=O)N2C3=CC4=C(C[C@@H]([C@H](C4)O)N)N=C3,COc1ccc2ncc(=O)n(-c3cnc4c(c3)C[C@H](O)[C@@H](N)C4)c2n1,3.7914184772727726,12,17,0.05066876485943794,-0.16025128960609436,-0.14187109470367432,-0.08330097049474716,-0.25145361945033073,-0.054046664386987686,-0.04113470017910004,-0.1489647626876831,0.22589531680440772
C1CN(CCN1C2=NN=CC=C2)C(=O)/C=C/C3=CC=C(C=C3)[N+](=O)[O-],O=C(/C=C/c1ccc([N+](=O)[O-])cc1)N1CCN(c2cccnn2)CC1,2.293433928484335,9,13,-0.1533510535955429,-0.01576806977391243,-0.08238725364208221,-0.08243036270141602,-0.25150637701153755,-0.07148012518882751,-0.10994953662157059,-0.08268839865922928,0.15737704918032788
COC(=O)C1=CC2=C(C=C1)N=C(N2)NC(=O)CCC3(N=N3)CCC#C,C#CCCC1(CCC(=O)Nc2nc3ccc(C(=O)OC)cc3[nH]2)N=N1,3.070656510901916,11,17,-0.03329883888363838,-0.13895151019096375,-0.07930224388837814,-0.1426982283592224,-0.25155259296298027,-0.08799592405557632,-0.09668474644422531,-0.16556887328624725,0.27208480565371024
C1CN(CCN1)C2=C(OC(=C2NC3=CC=CC=C3)C(=O)C#N)C(=O)N,N#CC(=O)c1oc(C(N)=O)c(N2CCNCC2)c1Nc1ccccc1,2.943893273013046,8,13,0.029891548678278923,-0.2635624408721924,-0.018265115097165108,-0.030663659796118736,-0.25193600729107857,-0.07089225947856903,0.02563968114554882,-0.13041415810585022,0.11730205278592376
CC1(OC2=C(O1)C=C(C=C2)NC(=O)NCC3=NN=C4N3C=CC=C4)C,CC1(C)Oc2ccc(NC(=O)NCc3nnc4ccccn34)cc2O1,2.4700743130997207,11,16,-0.09317377209663391,-0.21394018828868866,0.05503079667687416,-0.12940503656864166,-0.2520831637084484,-0.2173367142677307,-0.02634059637784958,-0.07538067549467087,0.27702702702702703
C1CN(CCN1C2=CC=CC=C2O)C3=NC=CN4C3=NC(=C4)C(=O)O,O=C(O)c1cn2ccnc(N3CCN(c4ccccc4O)CC3)c2n1,2.4544877746381797,11,15,0.0020189695060253143,-0.2645094394683838,0.010347476229071617,-0.06967415660619736,-0.25214299373328686,-0.08056090772151947,0.018993981182575226,-0.19173339009284973,0.23666666666666666
CN1C2=C(CN(CC2)C(=O)C3=CC=CO3)C(=N1)C4=NC(=NO4)C5CC5,Cn1nc(-c2nc(C3CC3)no2)c2c1CCN(C(=O)c1ccco1)C2,2.7365589284843352,9,16,-0.1891411691904068,0.02473260462284088,-0.08828587085008621,-0.07340332120656967,-0.25269443541765213,-0.09601706266403198,-0.1406087577342987,0.007954166270792484,0.15436241610738255
CC1CC2=C(C(N3C(=NC(=N3)C)N2)C4=CC=C(C=C4)[N+](=O)[O-])C(=O)C1,Cc1nc2n(n1)C(c1ccc([N+](=O)[O-])cc1)C1=C(CC(C)CC1=O)N2,3.6763622042500206,9,15,-0.13083289563655853,0.07123060524463654,-0.19322191178798676,-0.06392941623926163,-0.25282420217990875,0.0072053298354148865,-0.12522181868553162,-0.10973022878170013,0.18138424821002386
C/C/1=C\COC2=CC=CC(=C2)CN3C4=NC(=NC(=C4NC3=O)N)OC1,C/C1=C\COc2cccc(c2)Cn2c(=O)[nH]c3c(N)nc(nc32)OC1,5.194657005407411,11,17,0.0545746311545372,-0.3655927777290344,0.05793844908475876,-0.15973423421382904,-0.25307969748973846,-0.19770294427871704,0.03885515034198761,-0.2162627875804901,0.3026315789473684
C#CCCC1(N=N1)CCC(=O)NC2=CC3=C(C=C2)C=NN3CC(=O)O,C#CCCC1(CCC(=O)Nc2ccc3cnn(CC(=O)O)c3c2)N=N1,3.1119674999129074,12,17,-0.15683022141456604,-0.15160825848579407,0.05516475811600685,-0.1358201801776886,-0.25327372178435326,-0.18873798847198486,-0.055695656687021255,-0.09845849871635437,0.16510903426791276
C1[C@@H](OC2=CC=CC=C2O1)CN3C=C(C=N3)NC(=O)CN4C=CC=N4,O=C(Cn1cccn1)Nc1cnn(C[C@H]2COc3ccccc3O2)c1,2.908403371545065,14,17,-0.02301677316427231,-0.21776708960533142,-0.012861206196248531,-0.13934746384620667,-0.25364506896585226,-0.12453524768352509,-0.024821719154715538,-0.2067025601863861,0.2698961937716263
C1C[C@H](N(C1)/C(=N/O)/N)C2=NC(=NO2)C3=CC4=C(C=C3)C=C(C=C4)O,N/C(=N\O)N1CCC[C@H]1c1nc(-c2ccc3cc(O)ccc3c2)no1,3.0721081532498475,13,17,-0.31251221895217896,0.3103031516075134,-0.25150787830352783,-0.10261751711368561,-0.25371694564819336,-0.04007633775472641,-0.28140318393707275,0.06085556745529175,0.22018348623853212
CC1=NN=C(C=C1)OC2CCN(C2)C(=O)C3=NNC(=C3)C4=CC=CO4,Cc1ccc(OC2CCN(C(=O)c3cc(-c4ccco4)[nH]n3)C2)nn1,3.1605783323857795,12,17,0.008980795741081238,-0.13785190880298615,-0.12540331482887268,-0.1432793140411377,-0.2542744278907776,-0.0758490338921547,-0.06380340456962585,-0.20525094866752625,0.20833333333333334
C1[C@@H](CN2C=CN=C2CN1C(=O)C3=COC=C3)CN4C(=O)C=CC=N4,O=C(c1ccoc1)N1Cc2nccn2C[C@@H](Cn2ncccc2=O)C1,3.423761472533304,13,17,-0.18476606905460358,-0.1177639365196228,0.04771624505519867,-0.08620260655879974,-0.2548137605190277,-0.11321722716093063,-0.08300681412220001,-0.09309732168912888,0.15675675675675677
COC1=CC(=C(C=C1)CNC2=C(C3=C(C=NN3C=N2)C#N)OC)OC,COc1ccc(CNc2ncn3ncc(C#N)c3c2OC)c(OC)c1,2.761326859145223,10,17,-0.27773475646972656,-0.1380799561738968,0.1609317660331726,-0.21759964525699615,-0.25488294661045074,-0.2664392590522766,-0.17702622711658478,-0.040669601410627365,0.23452768729641693
C1C(CN1C(=O)C2=CC=C(C=C2)CN3C=CN=C3)N4C(=O)CNC4=O,O=C(c1ccc(Cn2ccnc2)cc1)N1CC(N2C(=O)CNC2=O)C1,2.5882479859057863,10,14,-0.40415138006210327,0.01839187741279602,0.13036057353019714,-0.11115582287311554,-0.2553989291191101,-0.16637276113033295,-0.19423934817314148,0.02721077762544155,0.16447368421052633
CC(C)(C)C1=C2C(C(=C(OC2=NN1)N)C#N)C3=CC(=CC=C3)[N+](=O)[O-],CC(C)(C)c1[nH]nc2c1C(c1cccc([N+](=O)[O-])c1)C(C#N)=C(N)O2,3.2429518184082182,8,15,-0.09848896414041519,-0.23774150013923645,0.08079494535923004,-0.14963237941265106,-0.2554355189204216,-0.18979939818382263,-0.07189756631851196,-0.11046165227890015,0.15384615384615385
COC1=CC=C(C=C1)[C@@H]2CN3C(=C(N=N3)C4=NC(=NO4)C5CC5)CO2,COc1ccc([C@@H]2Cn3nnc(-c4nc(C5CC5)no4)c3CO2)cc1,3.3945498813847266,8,14,-0.20171794295310974,-0.028054239228367805,-0.026327908039093018,-0.09315790235996246,-0.25610009022057056,-0.12505756318569183,-0.14419999718666077,0.0030874544754624367,0.1761904761904762
CC1=CC=NC2=NC(=NN12)C(=O)NCCC3=CC4=C(C=C3)OCCO4,Cc1ccnc2nc(C(=O)NCCc3ccc4c(c3)OCCO4)nn12,2.434594334174534,11,17,-0.2153608202934265,-0.1096518486738205,0.06882806122303009,-0.17558284103870392,-0.2561846077442169,-0.20130662620067596,-0.14990246295928955,-0.05534011125564575,0.27303754266211605
CC(C(=O)O)N1C=C(C=N1)C(=O)NC2=CN(N=C2)CC3=CC=CC=C3,CC(C(=O)O)n1cc(C(=O)Nc2cnn(Cc3ccccc3)c2)cn1,2.666430580118753,12,15,-0.03622715175151825,-0.2314562052488327,0.011134333908557892,-0.023449689149856567,-0.25654902309179306,-0.10959796607494354,0.02147790417075157,-0.076319620013237,0.14626865671641792
C1CN(CC1(CN2C=CN=N2)O)C(=O)C3=COC(=N3)C4=CC=CC=C4,O=C(c1coc(-c2ccccc2)n1)N1CCC(O)(Cn2ccnn2)C1,3.1988430320696564,11,15,-0.13525201380252838,-0.09620501101016998,-0.02531413361430168,-0.10230736434459686,-0.25677115842700005,-0.10907444357872009,-0.06572405993938446,-0.12755556404590607,0.1806282722513089
CCN(CCO)C1=CC(=C(C=C1)C2=C(C(=O)NC(=C2C#N)N)C#N)O,CCN(CCO)c1ccc(-c2c(C#N)c(N)[nH]c(=O)c2C#N)c(O)c1,2.9576306479413486,11,17,0.023208850994706154,-0.30433547496795654,0.02409394271671772,-0.08036811649799347,-0.25703268125653267,-0.17088206112384796,0.05898887664079666,-0.13480839133262634,0.30952380952380953
C1C(CN2C=CN=C2CN1C(=O)C3=COC=C3)CN4C(=O)C=CC=N4,O=C(c1ccoc1)N1Cc2nccn2CC(Cn2ncccc2=O)C1,3.423761472533304,13,17,-0.21266068518161774,-0.09824109077453613,0.05252900347113609,-0.09320215880870819,-0.2583727724850178,-0.1207994669675827,-0.10617233067750931,-0.07699988782405853,0.15675675675675677
CC1([C@@H]([C@H](C2=C(O1)C=CC(=C2)C3=NNN=N3)N4C=CC=CC4=O)O)C,CC1(C)Oc2ccc(-c3nn[nH]n3)cc2[C@H](n2ccccc2=O)[C@H]1O,3.494759755712643,12,16,0.06670688092708588,-0.3049248158931732,-0.020486589521169662,-0.11222108453512192,-0.258704524487257,-0.11410896480083466,0.029087908565998077,-0.22332991659641266,0.3
COC1=C2C=C(C=C1)C3=C4N=C(C=CN4N=C3)NCCNCC(=O)O2,COc1ccc2cc1OC(=O)CNCCNc1ccn3ncc-2c3n1,4.585114460623428,12,17,-0.07590647041797638,-0.02599935606122017,-0.15682223439216614,-0.13406486809253693,-0.2587280608713627,-0.09600486606359482,-0.11752568185329437,-0.10454347729682922,0.38571428571428573
CC(C)(C)C1=C2[C@H](C(=C(OC2=NN1)N)C#N)C3=CC(=CC=C3)[N+](=O)[O-],CC(C)(C)c1[nH]nc2c1[C@@H](c1cccc([N+](=O)[O-])c1)C(C#N)=C(N)O2,3.2429518184082182,8,15,-0.10483644157648087,-0.24219076335430145,0.08782540261745453,-0.15689000487327576,-0.2592018023133278,-0.19683557748794556,-0.07327264547348022,-0.11679045855998993,0.15384615384615385
CN(C)C1=CC=C(C=C1)CNC2=C(C=C3C(=C2)N=CNC3=O)[N+](=O)[O-],CN(C)c1ccc(CNc2cc3nc[nH]c(=O)c3cc2[N+](=O)[O-])cc1,2.4399859614513666,9,14,0.053154557943344116,-0.2232915759086609,-0.08930747956037521,-0.08296383917331696,-0.259444497525692,-0.07402467727661133,-0.05055351182818413,-0.12287591397762299,0.2527881040892193
COC1=C(C=C2[C@H](CCC2=C1)NC(=O)C3=CC4=NN=NN4C=C3)OC,COc1cc2c(cc1OC)[C@@H](NC(=O)c1ccn3nnnc3c1)CC2,2.9787043070960006,11,17,-0.07528945803642273,0.07241848856210709,-0.2566338777542114,-0.12109339982271194,-0.25950484722852707,-0.04059077426791191,-0.1522267758846283,-0.10418431460857391,0.24916943521594684
C1=COC(=C1)C(=O)NCC(=O)NCC2=CC=C(C=C2)CN3C=NC=N3,O=C(CNC(=O)c1ccco1)NCc1ccc(Cn2cncn2)cc1,2.141029318368423,12,15,-0.29129087924957275,-0.009654594585299492,0.04117358475923538,-0.11331438273191452,-0.25977188907563686,-0.15686732530593872,-0.1608683168888092,-0.004395080730319023,0.1375
C1C[C@H](CN(C1)C(=O)C2=CC=CO2)NC(=O)C3=CC4=NNN=C4C=C3,O=C(N[C@@H]1CCCN(C(=O)c2ccco2)C1)c1ccc2n[nH]nc2c1,2.7985052027756634,13,17,-0.1448497474193573,0.016473438590765,-0.13177743554115295,-0.0758800059556961,-0.26015374436974525,-0.02239704504609108,-0.14745387434959412,-0.0883808583021164,0.11180124223602485
C1=COC(=C1)CNC(=O)CNC(=O)C2=CC=C(C=C2)CN3C=NC=N3,O=C(CNC(=O)c1ccc(Cn2cncn2)cc1)NCc1ccco1,2.1202145659975056,12,15,-0.2839146852493286,0.11769247055053711,-0.09428999572992325,-0.08760374784469604,-0.26051221042871475,-0.10009116679430008,-0.17624525725841522,0.01894555240869522,0.13968253968253969
C1CC2=NC=CN2CC1NC(=O)CN3C(=O)C4=CC=CC=C4NC3=O,O=C(Cn1c(=O)[nH]c2ccccc2c1=O)NC1CCc2nccn2C1,3.0154543070960003,13,17,-0.11635829508304596,0.09407489001750946,-0.23825296759605408,-0.030850132927298546,-0.2605363726615906,0.041335329413414,-0.13594219088554382,-0.07201851159334183,0.2356687898089172
C1CN(CCN(C1)C(=O)C2=CC=CO2)C(=O)C3=CC4=NNN=C4C=C3,O=C(c1ccc2n[nH]nc2c1)N1CCCN(C(=O)c2ccco2)CC1,2.296125208779383,12,17,-0.34504759311676025,0.08931334316730499,-0.004899539053440094,-0.12702898681163788,-0.26063378900289536,-0.11466314643621445,-0.2552267909049988,0.016283098608255386,0.1157556270096463
C=C1C2=C(N=CN1)N(C=N2)CCC(=O)NCC3=CC4=C(C=C3)OCO4,C=C1NC=Nc2c1ncn2CCC(=O)NCc1ccc2c(c1)OCO2,3.0408282646276437,12,17,-0.06177122890949249,-0.06259892135858536,-0.13631561398506165,-0.14170096814632416,-0.2606857642531395,-0.10929073393344879,-0.12609708309173584,-0.09694895148277283,0.21505376344086022
CC(CNC1=NC2=CC=CC=C2N1CC3=NOC(=N3)C4=COC=C4)O,CC(O)CNc1nc2ccccc2n1Cc1noc(-c2ccoc2)n1,3.1233625262740823,13,17,-0.1650199294090271,0.05777148902416229,-0.15419721603393555,-0.07468651235103607,-0.26144565641880035,-0.06916525959968567,-0.10446472465991974,-0.054409731179475784,0.28313253012048195
C1CC2=NC=CN2C[C@@H]1NC(=O)CN3C(=O)C4=CC=CC=C4NC3=O,O=C(Cn1c(=O)[nH]c2ccccc2c1=O)N[C@@H]1CCc2nccn2C1,3.0154543070960003,13,17,-0.1539078801870346,0.14191514253616333,-0.24978896975517273,-0.021116066724061966,-0.261781707406044,0.041448455303907394,-0.1525309681892395,-0.038085438311100006,0.2356687898089172
CCCN1C=C2C(=C1O)C(=C(N2)C(=O)ON3C4=CC=CC=C4N=N3)C,CCCn1cc2[nH]c(C(=O)On3nnc4ccccc43)c(C)c2c1O,3.114087855894952,11,17,-0.15717026591300964,-0.19299817085266113,0.0883793979883194,-0.10456845909357071,-0.2617890387773514,-0.20671311020851135,-0.0009826868772506714,-0.10008428990840912,0.15135135135135136
CCOC(=O)NCC1=NC=CC(=C1)C(=O)N2C=NC3=C2C=CC(=C3)N,CCOC(=O)NCc1cc(C(=O)n2cnc3cc(N)ccc32)ccn1,2.546032817975126,12,17,-0.2488163709640503,0.03974079713225365,-0.05309874936938286,-0.08126939833164215,-0.2621743232011795,-0.13128426671028137,-0.14176630973815918,0.023320117965340614,0.16566265060240964
CC1=CC=CC=C1CN2C=C(C=N2)NC(=O)C3=CC=NN3CC(=O)O,Cc1ccccc1Cn1cc(NC(=O)c2ccnn2CC(=O)O)cn1,2.3214345514529153,13,17,0.02281220443546772,-0.28271859884262085,-0.0025198496878147125,-0.051652804017066956,-0.26242624409496784,-0.10316432267427444,0.04482540488243103,-0.1546611189842224,0.14040114613180515
CN1CC2=C(C=CC(=C2)N3C=C(C(=C3C(=O)OC)N)C#N)N(C1=O)C,COC(=O)c1c(N)c(C#N)cn1-c1ccc2c(c1)CN(C)C(=O)N2C,2.9733541773531122,9,17,-0.12482310086488724,-0.3422141969203949,0.20387224853038788,-0.1285659819841385,-0.26316504925489426,-0.20476315915584564,-0.030573057010769844,-0.12839552760124207,0.12690355329949238
CCCCOC1=C(C=C(C=C1)C2=NNC(=N2)C3=CC=NC=C3)[N+](=O)[O-],CCCCOc1ccc(-c2n[nH]c(-c3ccncc3)n2)cc1[N+](=O)[O-],2.3483031592535646,10,15,-0.21462219953536987,-0.047700513154268265,-0.0015852395445108414,-0.13022777438163757,-0.263907952234149,-0.1594095677137375,-0.14697837829589844,-0.02455025166273117,0.37890625
CC(C)(C)C1=C2[C@@H](C(=C(OC2=NN1)N)C#N)C3=CC(=CC=C3)[N+](=O)[O-],CC(C)(C)c1[nH]nc2c1[C@H](c1cccc([N+](=O)[O-])c1)C(C#N)=C(N)O2,3.2429518184082182,8,15,-0.10713056474924088,-0.24414107203483582,0.08686268329620361,-0.1585070639848709,-0.2644089534878731,-0.19791659712791443,-0.07537738233804703,-0.11875762790441513,0.15384615384615385
C1CC(CN(C1)C(=O)C2=CC=CO2)NC(=O)C3=CC4=NNN=C4C=C3,O=C(NC1CCCN(C(=O)c2ccco2)C1)c1ccc2n[nH]nc2c1,2.7985052027756634,13,17,-0.14533324539661407,0.00039240438491106033,-0.12019795924425125,-0.07714014500379562,-0.26513880025595427,-0.02985473722219467,-0.14451642334461212,-0.08931922167539597,0.11180124223602485
CC1CN(C2=C(O1)N=CC=C2)C(=O)CCN3C(=O)N4C=CC=CC4=N3,CC1CN(C(=O)CCn2nc3ccccn3c2=O)c2cccnc2O1,3.237654307096,12,17,0.05344139784574509,-0.3173335790634155,-0.001338813453912735,-0.08913546800613403,-0.2652309946715832,-0.1182754784822464,0.03548881784081459,-0.1933688074350357,0.26038781163434904
CC1CN(C2=C(O1)C=CC(=C2)OC)C(=O)C3=CC4=C(N=C3)N(N=N4)C,COc1ccc2c(c1)N(C(=O)c1cnc3c(c1)nnn3C)CC(C)O2,3.0775774923614394,10,17,-0.14224040508270264,-0.2953798770904541,0.17217367887496948,-0.21057716012001038,-0.26544660329818726,-0.26562201976776123,-0.0661938264966011,-0.14807510375976562,0.23415977961432508
C[C@H]1CC2=C([C@H](N3C(=NC(=N3)C)N2)C4=CC(=CC=C4)[N+](=O)[O-])C(=O)C1,Cc1nc2n(n1)[C@H](c1cccc([N+](=O)[O-])c1)C1=C(C[C@H](C)CC1=O)N2,3.7091914350192514,11,17,-0.050584904849529266,-0.03424225002527237,-0.18107843399047852,-0.07332993298768997,-0.26590558886528015,-0.014589788392186165,-0.06378933042287827,-0.1706032156944275,0.18095238095238095
CC1=CC=NC2=NC(=NN12)C(=O)N(C)CC3COC4=CC=CC=C4O3,Cc1ccnc2nc(C(=O)N(C)CC3COc4ccccc4O3)nn12,3.0616985378652313,11,17,-0.07133772224187851,-0.2651183009147644,0.06990616023540497,-0.0993221253156662,-0.26654986292123795,-0.1404464989900589,-0.02685561776161194,-0.1439761072397232,0.26644736842105265
CCNC(=O)NC1=NC=C(C=C1)C2=CN3C(=NC(=C3C(=O)O)C)C=C2,CCNC(=O)Nc1ccc(-c2ccc3nc(C)c(C(=O)O)n3c2)cn1,2.4701250823304886,12,17,0.2104698270559311,-0.27838820219039917,-0.19906532764434814,-0.018339786678552628,-0.2669837027788162,-0.036677535623311996,0.11447827517986298,-0.2177572250366211,0.27483443708609273
CC(CNC1=CN=C(C(=N1)C#CC2=CC=CC=C2)C(=O)N)NC(=O)O,CC(CNc1cnc(C(N)=O)c(C#Cc2ccccc2)n1)NC(=O)O,3.255949691711386,11,15,0.0616956427693367,-0.3289197087287903,-0.00016104429960250854,-0.022118138149380684,-0.2673851102590561,-0.13223765790462494,0.11390195041894913,-0.14774057269096375,0.17981072555205047
CN1C(=CC=N1)N2CC(OC2=O)CNC(=O)C3=CC4=CC=CC=C4N3,Cn1nccc1N1CC(CNC(=O)c2cc3ccccc3[nH]2)OC1=O,3.1123177686344627,13,17,-0.15436436235904694,-0.3631826639175415,0.2499072402715683,-0.16190996766090393,-0.26763978600502014,-0.2742845118045807,-0.015032293274998665,-0.1344883143901825,0.18449197860962566
COC1=C(C=C(C=C1)N(C2=NC=NN2C3=CC=CC=C3)C(=O)N)OC,COc1ccc(N(C(N)=O)c2ncnn2-c2ccccc2)cc1OC,2.40907680497404,10,15,-0.21973972022533417,-0.021111253648996353,-0.027107197791337967,-0.10674118250608444,-0.2679581716656685,-0.14370965957641602,-0.10061211884021759,-0.05421766638755798,0.2379421221864952
COC1=C(C=C2[C@@H](CCC2=C1)NC(=O)C3=CC4=NN=NN4C=C3)OC,COc1cc2c(cc1OC)[C@H](NC(=O)c1ccn3nnnc3c1)CC2,2.9787043070960006,11,17,-0.0902666300535202,0.08183947205543518,-0.259814977645874,-0.12504792213439941,-0.26824213564395905,-0.04398316890001297,-0.16323448717594147,-0.09972824901342392,0.24916943521594684
C1C[C@@H](CN(C1)C(=O)C2=CC=CO2)NC(=O)C3=CC4=NNN=C4C=C3,O=C(N[C@H]1CCCN(C(=O)c2ccco2)C1)c1ccc2n[nH]nc2c1,2.7985052027756634,13,17,-0.14798934757709503,0.008691759780049324,-0.12991762161254883,-0.07909546792507172,-0.26921520940959454,-0.02778736874461174,-0.14930661022663116,-0.09116421639919281,0.11180124223602485
COC1=CC=CC(=C1OC)NC(=O)NC2=CN=C(C=C2)N3C=CN=C3,COc1cccc(NC(=O)Nc2ccc(-n3ccnc3)nc2)c1OC,2.2453454669458743,13,17,-0.22557193040847778,0.020671550184488297,-0.06507296860218048,-0.08253553509712219,-0.26997334882616997,-0.09103427827358246,-0.11556720733642578,-0.04611321538686752,0.22413793103448276
CC(C)C1=CC=C(C=C1)N2C=C(C(=N2)C(=O)N)NC(=O)C3=COC=N3,CC(C)c1ccc(-n2cc(NC(=O)c3cocn3)c(C(N)=O)n2)cc1,2.6201758515612568,9,14,-0.12064792215824127,-0.0318741612136364,-0.11781415343284607,-0.09932691603899002,-0.27033623680472374,-0.08329720795154572,-0.16797521710395813,-0.025651026517152786,0.12972972972972974
C1CN2C3=NC(=NC(=C3NC2=O)N)OCC=CCOC4=CC=CC1=C4,Nc1nc2nc3c1[nH]c(=O)n3CCc1cccc(c1)OCC=CCO2,5.136253975902669,12,17,-0.06782468408346176,-0.15382829308509827,-0.04989416152238846,-0.19036069512367249,-0.2715471386909485,-0.16128601133823395,-0.11267410218715668,-0.1465388685464859,0.2783171521035599
CC1=CN2C(=C1)C(=NC(=N2)C3=CC=C(C=C3)[N+](=O)[O-])N4CCOCC4,Cc1cc2c(N3CCOCC3)nc(-c3ccc([N+](=O)[O-])cc3)nn2c1,2.4759993130997184,7,13,-0.14082515239715576,-0.3377319276332855,0.2067582607269287,-0.14811328053474426,-0.2717988193035126,-0.24836233258247375,-0.008965089917182922,-0.14374741911888123,0.26666666666666666
C1=CC(=C(N=C1)N2C=CC=N2)CNC(=O)CCNC(=O)C3=COC=C3,O=C(CCNC(=O)c1ccoc1)NCc1cccnc1-n1cccn1,2.417937221424273,14,17,-0.011340185068547726,-0.08592496067285538,-0.1748587191104889,-0.0691278949379921,-0.272123864851892,-0.08272876590490341,-0.008956912904977798,-0.11664384603500366,0.13055555555555556
C1C(CC1N2C=C(N=N2)CO)C3=C(ON=C3C4=CC=CC=C4)C(=O)N,NC(=O)c1onc(-c2ccccc2)c1C1CC(n2cc(CO)nn2)C1,2.8985636955482565,10,14,-0.28313300013542175,0.1677674800157547,-0.1572020947933197,-0.06027345731854439,-0.27256761491298676,-0.04540184512734413,-0.19924955070018768,0.020956458523869514,0.14563106796116504
C1CN(C(C(=O)N1)CC2=NC(=NO2)C3=CC=NC=C3)CC4=CC=CO4,O=C1NCCN(Cc2ccco2)C1Cc1nc(-c2ccncc2)no1,3.0939642863059804,11,15,-0.17520979046821594,0.17740853130817413,-0.27481991052627563,-0.05443431809544563,-0.27262116968631744,-0.026732254773378372,-0.16900885105133057,0.006287881173193455,0.21142857142857144
CN1C[C@H](C[C@H]1C2=NC(=NO2)C3=CN=CC=C3)NC(=O)C4=CC=CO4,CN1C[C@@H](NC(=O)c2ccco2)C[C@H]1c1nc(-c2cccnc2)no1,3.2400165983490723,13,17,-0.14194923639297485,0.15902546048164368,-0.2897796630859375,-0.08153947442770004,-0.2727034389972687,-0.042461518198251724,-0.14012330770492554,-0.034835029393434525,0.19518716577540107
COC1=CC=C(C=C1)[C@H]2CN3C(=C(N=N3)C4=NC(=NO4)C5CC5)CO2,COc1ccc([C@H]2Cn3nnc(-c4nc(C5CC5)no4)c3CO2)cc1,3.3945498813847266,8,14,-0.2071356177330017,-0.04023536667227745,-0.025587240234017372,-0.10022635012865067,-0.27295822463929653,-0.1346927136182785,-0.14588510990142822,-0.005171145778149366,0.1761904761904762
COC1=CC=C(C=C1)N2C(=NN=N2)CNC(=O)OCC3=CC=CC=C3,COc1ccc(-n2nnnc2CNC(=O)OCc2ccccc2)cc1,1.9784754722145763,9,13,-0.10349618643522263,-0.07459931075572968,-0.09547699987888336,-0.08912524580955505,-0.27357249706983566,-0.11239613592624664,-0.099372498691082,-0.04476092383265495,0.15457413249211358
C1[C@H](CN2C=CN=C2CN1C(=O)C3=COC=C3)CN4C(=O)C=CC=N4,O=C(c1ccoc1)N1Cc2nccn2C[C@H](Cn2ncccc2=O)C1,3.423761472533304,13,17,-0.19204393029212952,-0.1299600750207901,0.04812755808234215,-0.09307469427585602,-0.27387644723057747,-0.12189818918704987,-0.0884537622332573,-0.1005849838256836,0.15675675675675677
C1CC(=O)NC2=NC=NC(=C21)C(=O)CCC3=CC(ON3)C4=NC=CC4,O=C1CCc2c(ncnc2C(=O)CCC2=CC(C3=NC=CC3)ON2)N1,4.366813527327825,12,17,-0.0972372442483902,0.13886938989162445,-0.31574076414108276,-0.04896637052297592,-0.2741086184978485,0.02376040443778038,-0.14703567326068878,-0.06297813355922699,0.1984732824427481
CC(C)N1C=C2C=C(C=CC2=N1)NC(=O)C3=CC(=C(C=C3)N)[N+](=O)[O-],CC(C)n1cc2cc(NC(=O)c3ccc(N)c([N+](=O)[O-])c3)ccc2n1,2.401394379989352,11,16,-0.17128461599349976,0.013514682650566101,-0.1163666769862175,-0.07324810326099396,-0.27413661032915115,-0.07429421693086624,-0.11164002120494843,-0.06314568221569061,0.1419753086419753
C1CC1C2=CC(=NN2)C(=O)N3CCC(C3)C4=NOC(=N4)C5=CC=CO5,O=C(c1cc(C2CC2)[nH]n1)N1CCC(c2noc(-c3ccco3)n2)C1,3.184672536811491,11,16,-0.26024866104125977,0.1778143346309662,-0.1919456422328949,-0.09710034728050232,-0.2743799686431885,-0.04643489792943001,-0.2539171576499939,0.021809127181768417,0.15632754342431762
C[C@@H]1CC2=C(O1)C=CC(=C2)C3=NC=CN3CC4=NC(=NO4)C(=O)NC,CNC(=O)c1noc(Cn2ccnc2-c2ccc3c(c2)C[C@@H](C)O3)n1,3.1836216147883096,11,17,-0.1508987545967102,0.022114615887403488,-0.1463794708251953,-0.13983115553855896,-0.27516360953450203,-0.11871789395809174,-0.16030865907669067,-0.05588364228606224,0.27450980392156865
CC1=CC=CC=C1CN2C=C(C=N2)NC(=O)CN3C=C(C=N3)C(=O)O,Cc1ccccc1Cn1cc(NC(=O)Cn2cc(C(=O)O)cn2)cn1,2.2403506944648335,13,17,-0.10216479003429413,-0.1861439049243927,0.013141863979399204,-0.06010664626955986,-0.2751668309792876,-0.12765762209892273,-0.009586958214640617,-0.10180152952671051,0.15123456790123457
CC1=CN2C3=C(N=C2N1CC4=CC=CO4)N(C(=O)N(C3=O)CC=C)C,C=CCn1c(=O)c2c(nc3n(Cc4ccco4)c(C)cn23)n(C)c1=O,2.822658049363456,10,17,-0.09234711527824402,-0.1082773357629776,-0.07517269998788834,-0.09633233398199081,-0.27579715102910995,-0.1211220771074295,-0.04574102163314819,-0.11099456250667572,0.191044776119403
CN1C=CN=C1[C@H](C2=CC(=CC=C2)OC)NC3=NC=C(C=C3)[N+](=O)[O-],COc1cccc([C@H](Nc2ccc([N+](=O)[O-])cn2)c2nccn2C)c1,2.8160665497828923,13,17,-0.21523626148700714,-0.07032231986522675,0.009441381320357323,-0.13734742999076843,-0.27611720003187656,-0.15413352847099304,-0.13029074668884277,-0.07190833985805511,0.23076923076923078
CC1=CC=C(C=C1)N2C(C3=C(N(C4=CC=CC=C4N3N2)[N+](=O)[O-])C)O,CC1=C2C(O)N(c3ccc(C)cc3)NN2c2ccccc2N1[N+](=O)[O-],3.6874255158872096,11,15,-0.08934342861175537,-0.3290368616580963,0.14220289885997772,-0.13279345631599426,-0.27617739140987396,-0.2273709923028946,0.024758877232670784,-0.15957868099212646,0.09944751381215469
CN1[C@H]([C@@H](CC1=O)NCC2=NC(=NO2)C3=CC=CO3)C4=CN=CC=C4,CN1C(=O)C[C@@H](NCc2nc(-c3ccco3)no2)[C@@H]1c1cccnc1,3.5344996331225182,13,17,-0.17855477333068848,0.15392020344734192,-0.252220094203949,-0.08434820920228958,-0.27685466408729553,-0.057991061359643936,-0.1806774139404297,0.010079346597194672,0.19895287958115182
CC1=NC(=NC(=O)N1C2=CC(=C(C=C2)O)O)N(CC3=CC=CC=C3)N,Cc1nc(N(N)Cc2ccccc2)nc(=O)n1-c1ccc(O)c(O)c1,2.6575485988140066,11,15,-0.08510561287403107,-0.23588940501213074,0.04351305589079857,-0.09214064478874207,-0.27748196199536324,-0.13937531411647797,-0.008908215910196304,-0.1494261920452118,0.23426573426573427
C1CC(CN(C1)C2=C(C=C[N+](=C2)[O-])[N+](=O)[O-])C3=CNC4=C3C=CC=N4,O=[N+]([O-])c1cc[n+]([O-])cc1N1CCCC(c2c[nH]c3ncccc23)C1,3.4002581532498475,13,17,-0.2946029007434845,-0.06359773129224777,0.07986290752887726,-0.13523921370506287,-0.278337724506855,-0.1471315622329712,-0.20660439133644104,-0.030405201017856598,0.1901840490797546
CCN(CC1=CC(=CC=C1)[N+](=O)[O-])C(=O)C2=CC3=C(C=C2)N(N=N3)C,CCN(Cc1cccc([N+](=O)[O-])c1)C(=O)c1ccc2c(c1)nnn2C,2.2975822251876306,11,17,-0.2503625452518463,-0.06049198657274246,0.03218785673379898,-0.16646328568458557,-0.2786666750907898,-0.1966344565153122,-0.17811906337738037,-0.029974594712257385,0.11987381703470032
CN1C=C(C=N1)CN(C)C(=O)C2=CC(=NN2)C3=CC4=C(C=C3)OCO4,CN(Cc1cnn(C)c1)C(=O)c1cc(-c2ccc3c(c2)OCO3)n[nH]1,2.52321854386895,11,17,-0.25938180088996887,-0.16475635766983032,0.1454450786113739,-0.19850701093673706,-0.2786930799484253,-0.23720905184745789,-0.18133071064949036,-0.05170133709907532,0.23885350318471338
CC1=CC(=CC=C1)N2CCN(CC2)C3=CC=C(C4=NON=C34)[N+](=O)[O-],Cc1cccc(N2CCN(c3ccc([N+](=O)[O-])c4nonc34)CC2)c1,2.3430896977151043,9,15,-0.14001022279262543,-0.2772086262702942,0.13776519894599915,-0.11789344996213913,-0.27945365011692047,-0.17519831657409668,-0.0035603679716587067,-0.17493131756782532,0.12413793103448276
CN1C=CC(=N1)CN(C)C(=O)C2=CC(=NN2)C3=CC4=C(C=C3)OCO4,CN(Cc1ccn(C)n1)C(=O)c1cc(-c2ccc3c(c2)OCO3)n[nH]1,2.603464697715104,11,17,-0.12934157252311707,-0.2354598492383957,0.08524727821350098,-0.1802556812763214,-0.2795541435480118,-0.20220457017421722,-0.11498472094535828,-0.12028782069683075,0.24503311258278146
CN1C(=C2CCCC2=N1)CNC3=NN=C(O3)C4=CC5=C(C=C4)OCO5,Cn1nc2c(c1CNc1nnc(-c3ccc4c(c3)OCO4)o1)CCC2,2.8391946873200915,10,17,-0.3108494281768799,0.13076509535312653,-0.1000874936580658,-0.20768806338310242,-0.28017182648181915,-0.1543116718530655,-0.29324185848236084,0.00763685442507267,0.22282608695652173
CC(C1C(=O)N(C(=N1)NC#N)CCC2=CNC3=CC=CC=C32)C(=O)O,CC(C(=O)O)C1N=C(NC#N)N(CCc2c[nH]c3ccccc23)C1=O,3.764520665788483,13,17,-0.1491224765777588,-0.05108237266540527,-0.08022361993789673,-0.07741417735815048,-0.2804284691810608,-0.1028052270412445,-0.12146715819835663,-0.023051995784044266,0.1608187134502924
C1CC1N2C=CN3C(=NN=C3C2=O)CCNC(=O)C4=CC=CC=C4O,O=C(NCCc1nnc2c(=O)n(C3CC3)ccn12)c1ccccc1O,2.510424800640349,12,16,-0.014834746718406677,-0.07084259390830994,-0.19528669118881226,-0.03699271380901337,-0.28096403181552887,-0.05725208669900894,-0.04853496700525284,-0.0646713525056839,0.19825072886297376
C1CC1N2C(=O)C3CN(CC(N3C2=O)C4=CC=CC=C4C#N)C(=O)N,N#Cc1ccccc1C1CN(C(N)=O)CC2C(=O)N(C3CC3)C(=O)N21,3.6477863514072126,11,16,-0.02057741954922676,-0.18061044812202454,-0.07984863966703415,-0.030738715082406998,-0.28103650733828545,-0.04930097982287407,0.006188881583511829,-0.14482341706752777,0.10932475884244373
CC1=CC=C(O1)C2=NNC(=C2)C3=NC(=NO3)C4CC(=O)N(C4)C5CC5,Cc1ccc(-c2cc(-c3nc(C4CC(=O)N(C5CC5)C4)no3)[nH]n2)o1,3.350179307096001,10,16,-0.09675543010234833,0.0673375129699707,-0.2523460388183594,-0.04335775226354599,-0.281763955950737,-0.008461017161607742,-0.13967230916023254,-0.040327660739421844,0.18414322250639387
C1=CC=C(C(=C1)NCC(=O)N(CCC#N)CC2=CC=CC=N2)[N+](=O)[O-],N#CCCN(Cc1ccccn1)C(=O)CNc1ccccc1[N+](=O)[O-],2.343845819058549,13,17,-0.05633380264043808,-0.16941824555397034,-0.05755344778299332,-0.10288189351558685,-0.28330549597740173,-0.11293050646781921,-0.055519524961709976,-0.13062071800231934,0.16339869281045752
C[C@@H]1[C@H](C[C@@H](O1)N2C=NC3=C(N=CN=C32)NC(=O)C4=CC=CC=C4)O,C[C@H]1O[C@@H](n2cnc3c(NC(=O)c4ccccc4)ncnc32)C[C@@H]1O,3.299707378015359,12,15,0.09457545727491379,-0.34847933053970337,-0.02971572056412697,-0.062349870800971985,-0.28361959382891655,-0.11287117749452591,0.1327734738588333,-0.2616943120956421,0.24107142857142858
COC1=CC=C(C=C1)[C@H](C2=NNC(=N2)CC3=CC=C(C=C3)[N+](=O)[O-])N,COc1ccc([C@@H](N)c2n[nH]c(Cc3ccc([N+](=O)[O-])cc3)n2)cc1,2.8201092366734652,9,13,-0.3163032531738281,-0.017401017248630524,0.04960876330733299,-0.11997427046298981,-0.28409550711512566,-0.16923660039901733,-0.20166251063346863,0.030541636049747467,0.18596491228070175
C1CN(CCC1N2C=C(C=N2)C(=O)O)C(=O)C3=NNC4=CC=CC=C43,O=C(O)c1cnn(C2CCN(C(=O)c3n[nH]c4ccccc34)CC2)c1,2.448439697715104,11,15,-0.3417344093322754,0.16152063012123108,-0.1040736734867096,-0.1029040738940239,-0.2842874526977539,-0.06084226071834564,-0.29066264629364014,0.04602373391389847,0.12535612535612536
CNC(=O)C1CCN(CC1)C2=NC3=C(C=C(C=C3)[N+](=O)[O-])C(=C2)C#N,CNC(=O)C1CCN(c2cc(C#N)c3cc([N+](=O)[O-])ccc3n2)CC1,2.4560158515612596,9,15,-0.04138343036174774,-0.08328327536582947,-0.1597161591053009,-0.0912443995475769,-0.2843828648328781,-0.06157296150922775,-0.08875611424446106,-0.11779618263244629,0.2159468438538206
CC1=C2C=C(C=NC2=NN1)NC(=O)[C@@H]3CC(=O)N(C3)CC4=CC=CO4,Cc1[nH]nc2ncc(NC(=O)[C@@H]3CC(=O)N(Cc4ccco4)C3)cc12,3.025173537865232,12,17,-0.05208146944642067,-0.15790735185146332,-0.0746622085571289,-0.0944414734840393,-0.2846510298550129,-0.11206063628196716,-0.04655934125185013,-0.12261179089546204,0.20943952802359883
COCC1=CC(=CN1CC2=CC=CC=N2)/C(=C/C(=O)C3=NC=NN3)/O,COCc1cc(/C(O)=C/C(=O)c2ncn[nH]2)cn1Cc1ccccn1,3.079882005407411,13,17,-0.34299251437187195,-0.02829885110259056,0.08631974458694458,-0.09043373167514801,-0.28497162088751793,-0.15176533162593842,-0.1812078058719635,0.02916937693953514,0.13802816901408452
COC1=CC(=NC=C1)N2CCN(CC2)C3=CC(=C(C=C3)[N+](=O)[O-])C#N,COc1ccnc(N2CCN(c3ccc([N+](=O)[O-])c(C#N)c3)CC2)c1,2.3607576283759926,9,15,-0.19044405221939087,-0.2050674557685852,0.11011987924575806,-0.11997619271278381,-0.285391628742218,-0.19042257964611053,-0.07480368763208389,-0.08814464509487152,0.23859649122807017
C1CN(CCC1N2C3=C(C=CC=N3)NC2=O)C4=CC=CC=C4[N+](=O)[O-],O=c1[nH]c2cccnc2n1C1CCN(c2ccccc2[N+](=O)[O-])CC1,2.359049313099719,11,15,-0.025181611999869347,-0.14310322701931,-0.1172378659248352,-0.07785791158676147,-0.28552270494401455,-0.03664902597665787,-0.032710000872612,-0.2010492980480194,0.203125
COC1=CC=C(C=C1)[C@@H](C2=NNC(=N2)CC3=CC=C(C=C3)[N+](=O)[O-])N,COc1ccc([C@H](N)c2n[nH]c(Cc3ccc([N+](=O)[O-])cc3)n2)cc1,2.8201092366734652,9,13,-0.31465935707092285,-0.01579274609684944,0.04466942325234413,-0.11987414956092834,-0.28578267991542816,-0.16810572147369385,-0.20225359499454498,0.030189383774995804,0.18596491228070175
CN(CCC1=CC2=NON=C2C=C1)CCOC3=CC4=NON=C4C=C3,CN(CCOc1ccc2nonc2c1)CCc1ccc2nonc2c1,2.620389905615312,11,17,-0.17123445868492126,-0.0479561984539032,-0.06676244735717773,-0.09994617104530334,-0.2859531044960022,-0.13724038004875183,-0.07567146420478821,-0.0726313441991806,0.21428571428571427
CC1=CC=C(C=C1)[C@H](C2=NNC(=N2)COC3=CC=C(C=C3)[N+](=O)[O-])N,Cc1ccc([C@@H](N)c2n[nH]c(COc3ccc([N+](=O)[O-])cc3)n2)cc1,2.8282531153300194,9,13,-0.26805999875068665,0.008872905746102333,-0.026964496821165085,-0.1539478302001953,-0.2861515898257494,-0.15870101749897003,-0.19643451273441315,-0.029471784830093384,0.17666666666666667
C1[C@@H](N2C=NC=C2CN1C(=O)C3=COC=N3)COCC4=CC=NC=C4,O=C(c1cocn1)N1Cc2cncn2[C@@H](COCc2ccncc2)C1,3.565500668842363,11,15,-0.2004493772983551,-0.21420827507972717,0.12849940359592438,-0.11652970314025879,-0.2861582487821579,-0.1786467432975769,-0.04450201243162155,-0.12890443205833435,0.15281501340482573
C1CCOC(C1)OCC#CC2=CN3C(=NC(=N3)C4=CC=CO4)C(=N2)N,Nc1nc(C#CCOC2CCCCO2)cn2nc(-c3ccco3)nc12,3.6129836210253146,11,17,-0.22152820229530334,-0.1745927631855011,0.10982322692871094,-0.15100999176502228,-0.2862977385520935,-0.24723514914512634,-0.058422479778528214,-0.07569143176078796,0.22807017543859648
C1CC1N2C(=NN(C2=O)CCNC(=O)C3=CC=CC=N3)C4=CC=CO4,O=C(NCCn1nc(-c2ccco2)n(C2CC2)c1=O)c1ccccn1,2.501224313099719,12,16,-0.152110755443573,0.005702527239918709,-0.14002278447151184,-0.09130043536424637,-0.28643101267516613,-0.10887746512889862,-0.10678092390298843,-0.051490843296051025,0.2230971128608924
C1=CC=C(C(=C1)C(=O)NCC2=CC=CO2)NC(=O)CCN3C=NC=N3,O=C(CCn1cncn1)Nc1ccccc1C(=O)NCc1ccco1,2.1441589284843356,14,17,-0.2576742470264435,0.12578395009040833,-0.1550341546535492,-0.09278739988803864,-0.28692445158958435,-0.09381231665611267,-0.17245081067085266,0.009599851444363594,0.15497076023391812
CN1C(=C(C=N1)C2=NOC(=N2)C3CC3C4=CC5=C(C=C4)OCCO5)N,Cn1ncc(-c2noc(C3CC3c3ccc4c(c3)OCCO4)n2)c1N,3.482929348612509,11,17,-0.3914206624031067,-0.17398421466350555,0.27763745188713074,-0.21310582756996155,-0.2877674251794815,-0.2927292287349701,-0.1864955872297287,-0.0292352344840765,0.24507042253521127
CC1=CC=C(C=C1)CN2C=C(C=N2)NC(=O)C3=CC=NN3CC(=O)O,Cc1ccc(Cn2cc(NC(=O)c3ccnn3CC(=O)O)cn2)cc1,2.264396198256815,11,15,-0.09953783452510834,-0.13673222064971924,-0.05174560472369194,-0.10352105647325516,-0.2880156598985195,-0.12569226324558258,-0.06548170745372772,-0.10967593640089035,0.13953488372093023
CN(C)C1=CC=C(C=C1)CC(=O)NC2=NNC3=C2C=C(C=C3)[N+](=O)[O-],CN(C)c1ccc(CC(=O)Nc2n[nH]c3ccc([N+](=O)[O-])cc23)cc1,2.263413873539278,9,14,-0.1564837098121643,-0.14906379580497742,0.017401158809661865,-0.12564799189567566,-0.28814634680747986,-0.14467713236808777,-0.12399515509605408,-0.0770278126001358,0.19256756756756757
CC1=CC=C(C=C1)[C@@H](C2=NNC(=N2)COC3=CC=C(C=C3)[N+](=O)[O-])N,Cc1ccc([C@H](N)c2n[nH]c(COc3ccc([N+](=O)[O-])cc3)n2)cc1,2.8282531153300194,9,13,-0.2686498165130615,0.010394930839538574,-0.030207568779587746,-0.1530027538537979,-0.2884624544531107,-0.15864773094654083,-0.1977280080318451,-0.027259662747383118,0.17666666666666667
CC#CC1=NC(=C2C(=N1)N(C=N2)[C@H]3C4[C@H]([C@H](O3)C#N)OC(O4)(C)C)C,CC#Cc1nc(C)c2ncn([C@@H]3O[C@H](C#N)[C@@H]4OC(C)(C)OC43)c2n1,4.545394538883658,8,16,0.0858912244439125,-0.3523217737674713,-0.022107601165771484,-0.05602238327264786,-0.2885381504893303,-0.12495963275432587,0.08732618391513824,-0.19017904996871948,0.1529745042492918
C1CN(CC2=NC(=CC(=O)N2C1)CN3C=CN=C3)C(=O)C4=CC=CO4,O=C(c1ccco1)N1CCCn2c(nc(Cn3ccnc3)cc2=O)C1,2.7322866418668426,12,17,-0.19248135387897491,-0.06315368413925171,-0.032943516969680786,-0.07546442747116089,-0.2885785549879074,-0.08087529987096786,-0.09338412433862686,-0.09886766970157623,0.1778975741239892
CN1C=C(C=N1)N2C=CC(=O)C(=N2)CCC3=CC=C(C=C3)NC(=O)O,Cn1cc(-n2ccc(=O)c(CCc3ccc(NC(=O)O)cc3)n2)cn1,2.577808765970792,11,15,0.028594844043254852,-0.14924269914627075,-0.16837641596794128,-0.06606590747833252,-0.2890242710709572,-0.06725649535655975,-0.02516157552599907,-0.135015070438385,0.15476190476190477
CN(C)CCN1C2=C3C(=C(C=C2)[N+](=O)[O-])NC4=C(C3=N1)C=C(C=C4)O,CN(C)CCn1nc2c3c(c([N+](=O)[O-])ccc31)Nc1ccc(O)cc1-2,2.8757718955173033,10,16,-0.3286835849285126,-0.2181139588356018,0.2563074231147766,-0.14452841877937317,-0.29049012064933777,-0.26340335607528687,-0.060184627771377563,-0.06283080577850342,0.21492537313432836
CC1=CC(=NC2=NC(=NN12)C(=O)NCCC3=CC4=C(C=C3)OCO4)C,Cc1cc(C)n2nc(C(=O)NCCc3ccc4c(c3)OCO4)nc2n1,2.395880082330489,10,17,0.007899170741438866,-0.09736372530460358,-0.20174792408943176,-0.12020553648471832,-0.2912124786525965,-0.09364449977874756,-0.09362013638019562,-0.11296331137418747,0.25
C1CN(CCC1C(=O)O)C(=O)/C(=C\NC2=CC3=C(C=C2)N=CN3)/C#N,N#C/C(=C/Nc1ccc2nc[nH]c2c1)C(=O)N1CCC(C(=O)O)CC1,2.7114143997736093,11,15,-0.1401851624250412,-0.18699240684509277,0.03409731760621071,-0.15086987614631653,-0.29308025166392326,-0.1799113154411316,-0.09809477627277374,-0.10687164217233658,0.19269102990033224
C1OC2=C(O1)C=C(C=C2)CNC(=O)NCCC3=NN=C4N3C=CC=C4,O=C(NCCc1nnc2ccccn12)NCc1ccc2c(c1)OCO2,2.295020259045666,13,17,-0.004539106041193008,-0.11234333366155624,-0.17661963403224945,-0.1578209102153778,-0.2935020737349987,-0.11566397547721863,-0.11656591296195984,-0.13247942924499512,0.24914675767918087
C1=CC=C(C=C1)[C@H](CCN2C=CN=C2)NC(=O)C3=C(NC=N3)C(=O)O,O=C(N[C@@H](CCn1ccnc1)c1ccccc1)c1nc[nH]c1C(=O)O,2.9285869994036933,13,15,-0.2757924199104309,-0.1367727518081665,0.11878906190395355,-0.08060971647500992,-0.29377610981464386,-0.13696324825286865,-0.1137377917766571,-0.046943895518779755,0.1543026706231454
CN1C=CN=C1[C@@H](C2=CC(=CC=C2)OC)NC3=NC=C(C=C3)[N+](=O)[O-],COc1cccc([C@@H](Nc2ccc([N+](=O)[O-])cn2)c2nccn2C)c1,2.8160665497828923,13,17,-0.2191781848669052,-0.08520475029945374,0.010587474331259727,-0.14371079206466675,-0.2937954608350992,-0.16090622544288635,-0.1317441761493683,-0.08327279984951019,0.23076923076923078
C1CN(CCC1CC(=O)N)C2=NC3=C(C=C(C=C3)[N+](=O)[O-])C(=C2)C#N,N#Cc1cc(N2CCC(CC(N)=O)CC2)nc2ccc([N+](=O)[O-])cc12,2.536667719693126,9,15,-0.1739274561405182,-0.23885898292064667,0.11895531415939331,-0.1277984231710434,-0.29383112490177155,-0.2016059160232544,-0.06557787954807281,-0.09767677634954453,0.21694915254237288
C1=CC=C(C=C1)CN2C=C(C=N2)NC(=O)C3=CN(N=C3)CCC(=O)O,O=C(O)CCn1cc(C(=O)Nc2cnn(Cc3ccccc3)c2)cn1,2.1674377746381808,12,15,-0.08130662888288498,-0.205956369638443,-0.007932770065963268,-0.04674898833036423,-0.29519576858729124,-0.12025870382785797,-0.014715494588017464,-0.08711448311805725,0.15170278637770898
C1CN2C(=CC(=N2)CCC(=O)O)CN1C(=O)C3=NC4=CC=CC=C4N3,O=C(O)CCc1cc2n(n1)CCN(C(=O)c1nc3ccccc3[nH]1)C2,2.6182800823304877,12,17,-0.1368306577205658,-0.10043859481811523,-0.05819142609834671,-0.09252242743968964,-0.29546067863702774,-0.09160010516643524,-0.1176496148109436,-0.08919992297887802,0.16
CC1=CC=C(C=C1)C(C2=NNC(=N2)COC3=CC=C(C=C3)[N+](=O)[O-])N,Cc1ccc(C(N)c2n[nH]c(COc3ccc([N+](=O)[O-])cc3)n2)cc1,2.8282531153300194,9,13,-0.2720365524291992,-0.001230485737323761,-0.022552557289600372,-0.14194458723068237,-0.29581959545612335,-0.16420045495033264,-0.18343904614448547,-0.021687928587198257,0.17666666666666667
C1=CC=C(C=C1)CN([C@@H](CC2=CN=CN2)C(=O)O)C(=O)C3=NC=CN3,O=C(O)[C@H](Cc1cnc[nH]1)N(Cc1ccccc1)C(=O)c1ncc[nH]1,3.072556230172924,13,15,-0.16224201023578644,-0.11116478592157364,-0.022421760484576225,-0.06209668517112732,-0.2958285566419363,-0.07415106892585754,-0.12314105033874512,-0.05723201856017113,0.16613418530351437
C1=CC=C(C=C1)C[C@@H](NC(=O)N=[N+]=[N-])NC(=O)OCC2=CC=CC=C2,[N-]=[N+]=NC(=O)N[C@H](Cc1ccccc1)NC(=O)OCc1ccccc1,2.95703507632677,11,13,0.1183936819434166,-0.3129236102104187,-0.10188908874988556,-0.029929857701063156,-0.29641901701688766,-0.05560913309454918,0.06061864644289017,-0.20453596115112305,0.10526315789473684
C1CC1C2=C(OC=N2)C(=O)NC(CC3=CC=CC=C3)C4=NNC(=O)N4,O=C(NC(Cc1ccccc1)c1n[nH]c(=O)[nH]1)c1ocnc1C1CC1,3.425913922480616,11,14,0.08469322323799133,-0.2140689641237259,-0.16733288764953613,-0.012733645737171173,-0.2967086285352707,-0.00890432856976986,0.012150397524237633,-0.15969181060791016,0.14210526315789473
C[C@H]1CC2=C(O1)C=CC(=C2)C3=NC=CN3CC4=NC(=NO4)C(=O)NC,CNC(=O)c1noc(Cn2ccnc2-c2ccc3c(c2)C[C@H](C)O3)n1,3.1836216147883096,11,17,-0.15782207250595093,0.0071660373359918594,-0.1463615447282791,-0.14754943549633026,-0.2970175798982382,-0.12854598462581635,-0.16445261240005493,-0.06534243375062943,0.27450980392156865
CC1CC2=C(O1)C=CC(=C2)C3=NC=CN3CC4=NC(=NO4)C(=O)NC,CNC(=O)c1noc(Cn2ccnc2-c2ccc3c(c2)CC(C)O3)n1,3.1836216147883096,11,17,-0.13226032257080078,0.03558887541294098,-0.20051662623882294,-0.13471171259880066,-0.29718807339668274,-0.10079027712345123,-0.15931925177574158,-0.07381893694400787,0.27450980392156865
C1=CC(=CC=C1C#N)NCC(=O)NCCNC2=CC=C(C=C2)[N+](=O)[O-],N#Cc1ccc(NCC(=O)NCCNc2ccc([N+](=O)[O-])cc2)cc1,2.0838326012904016,10,13,-0.05886617302894592,-0.14625613391399384,-0.09218241274356842,-0.09144891798496246,-0.2973047196865082,-0.1269061267375946,-0.03115205466747284,-0.11788814514875412,0.13636363636363635
C1COC(CN1)C2=NC(=NN3C2=CC(=C3)C(=O)O)C4=CC=C(C=C4)N,Nc1ccc(-c2nc(C3CNCCO3)c3cc(C(=O)O)cn3n2)cc1,3.3302485378652316,11,15,-0.0898732841014862,-0.03272949904203415,-0.175273135304451,-0.14151336252689362,-0.29787591844797134,-0.07199455052614212,-0.13442319631576538,-0.15318730473518372,0.2222222222222222
C1C(CO1)OC2=NNC3=CC(=NC=C32)NC(=O)NCC4=CC=CC=C4,O=C(NCc1ccccc1)Nc1cc2[nH]nc(OC3COC3)c2cn1,2.6170221529311206,11,14,0.041260913014411926,-0.34427016973495483,0.004577500745654106,-0.07268024981021881,-0.2984317559748888,-0.1304609179496765,0.04715545475482941,-0.18501248955726624,0.2645161290322581
CN1C=C(C=C1C(=O)N2C3=C(C=CC(=C3)NC(=O)OCC=C)C=N2)N,C=CCOC(=O)Nc1ccc2cnn(C(=O)c3cc(N)cn3C)c2c1,2.8512127746381815,12,17,-0.2653009295463562,-0.06394699215888977,0.029927533119916916,-0.16300290822982788,-0.29932038858532906,-0.2281475067138672,-0.14033406972885132,-0.039160240441560745,0.16666666666666666
CC(CNC1=NC(=NC2=CC=CC=C21)C3=C(C=CC(=C3)[N+](=O)[O-])O)N,CC(N)CNc1nc(-c2cc([N+](=O)[O-])ccc2O)nc2ccccc12,2.8280995818212755,13,17,0.015036271885037422,-0.10069911926984787,-0.21368631720542908,-0.06867024302482605,-0.2993491645902395,-0.025182902812957764,-0.05948977172374725,-0.1503411829471588,0.44664031620553357
COC1=CC(=C(C=C1NC(=C(C#N)C#N)C#N)OC)N2CCOCC2,COc1cc(N2CCOCC2)c(OC)cc1NC(C#N)=C(C#N)C#N,2.838877829583236,7,14,-0.13358360528945923,-0.1701035499572754,0.0033029839396476746,-0.16960029304027557,-0.30038417130708694,-0.1898430585861206,-0.09633956849575043,-0.1345120668411255,0.1863799283154122
CCC1=CC(=C(C=C1O)N=O)C2=NN=C(N2C3=CC(=CC=C3)OC)N,CCc1cc(-c2nnc(N)n2-c2cccc(OC)c2)c(N=O)cc1O,2.8301369504623572,11,17,-0.29817235469818115,0.12041156738996506,-0.1228274330496788,-0.11806997656822205,-0.3005882203578949,-0.12182654440402985,-0.20943716168403625,0.0020876508206129074,0.29333333333333333
C1CC1(C#N)C2=CC=C(C=C2)N3C[C@@H](OC3=O)CN4C(=CN=N4)CO,N#CC1(c2ccc(N3C[C@H](Cn4nncc4CO)OC3=O)cc2)CC1,3.4893328553083522,9,14,-0.0008713128045201302,-0.5103009939193726,0.2105455845594406,-0.13884632289409637,-0.3006267221644521,-0.2156006395816803,0.05004951357841492,-0.24543359875679016,0.1354679802955665
C1C(N2C=NC=C2CN1C(=O)C3=COC=N3)COCC4=CN=CC=C4,O=C(c1cocn1)N1Cc2cncn2C(COCc2cccnc2)C1,3.5643574255991197,13,17,-0.2340986132621765,-0.16165579855442047,0.09472687542438507,-0.1373320072889328,-0.3010275363922119,-0.1822691708803177,-0.08364060521125793,-0.12109474092721939,0.15466666666666667
CN(C1=CC=CC=C1)C2=NC=NC3=C(C=NN32)C4CC(=O)C(O4)CO,CN(c1ccccc1)c1ncnc2c(C3CC(=O)C(CO)O3)cnn12,3.8762479734807913,11,15,-0.013347255066037178,-0.35069987177848816,0.06266176700592041,-0.09473130851984024,-0.3013853598386049,-0.14071471989154816,0.02585451304912567,-0.20943546295166016,0.24624624624624625
C1CN([C@H]2[C@]13N([C@@H](CO3)C4=CC=CC=C4)C(=O)C2)C(=O)C5=NNN=C5,O=C(c1cn[nH]n1)N1CC[C@@]23OC[C@@H](c4ccccc4)N2C(=O)C[C@@H]13,4.5553142950885634,11,15,-0.2108004242181778,-0.04945624992251396,-0.04114881530404091,-0.10862843692302704,-0.30140548944473267,-0.09955717623233795,-0.17898650467395782,-0.05567757785320282,0.13903743315508021
C1CNC(=O)CC1C2=NOC(=N2)CNC(=O)C3=CC4=C(C=C3)NC=C4,O=C1CC(c2noc(CNC(=O)c3ccc4[nH]ccc4c3)n2)CCN1,3.1031945599937885,13,17,-0.14741681516170502,0.24087747931480408,-0.39490923285484314,-0.06888110935688019,-0.3014485687017441,0.01698196306824684,-0.23484472930431366,0.017979368567466736,0.1676470588235294
C1[C@H](N2C=NC=C2CN1C(=O)C3=COC=N3)COCC4=CC=NC=C4,O=C(c1cocn1)N1Cc2cncn2[C@H](COCc2ccncc2)C1,3.565500668842363,11,15,-0.19925202429294586,-0.23090562224388123,0.12814806401729584,-0.12109686434268951,-0.30200958251953125,-0.18423810601234436,-0.04372752457857132,-0.14009617269039154,0.15281501340482573
CN(CC1CC2=CC=CC=C2O1)C(=O)COC3=NN4C=NN=C4C=C3,CN(CC1Cc2ccccc2O1)C(=O)COc1ccc2nncn2n1,3.133081388234041,12,17,-0.059163860976696014,-0.12984424829483032,-0.11355540156364441,-0.11840084940195084,-0.30256351083517075,-0.10429273545742035,-0.11174421012401581,-0.10659432411193848,0.2647058823529412
CCNC1=C(C=C(C=C1)C#N)NCC2=C(C=C(C=C2)C(=O)N)[N+](=O)[O-],CCNc1ccc(C#N)cc1NCc1ccc(C(N)=O)cc1[N+](=O)[O-],2.388722139186676,12,17,-0.1417568027973175,0.0177066158503294,-0.17925485968589783,-0.11941799521446228,-0.30330504663288593,-0.10889048874378204,-0.13426440954208374,-0.0705561488866806,0.125
C1CN(CC1N2C=C(C3=C(N=CN=C32)N)C4=CC=C(C=C4)O)C(=O)O,Nc1ncnc2c1c(-c1ccc(O)cc1)cn2C1CCN(C(=O)O)C1,2.921954523780725,11,15,-0.16250553727149963,-0.06523676961660385,-0.07617515325546265,-0.06468437612056732,-0.30391746014356613,-0.08989293873310089,-0.08808039873838425,-0.06978822499513626,0.3079470198675497
CC1(CC(=O)C2C(N3C(=NC=N3)NC2=C1)C4=CC=C(C=C4)[N+](=O)[O-])C,CC1(C)C=C2Nc3ncnn3C(c3ccc([N+](=O)[O-])cc3)C2C(=O)C1,3.891032973480791,9,14,-0.18271994590759277,-0.09339334070682526,-0.02783360704779625,-0.12147484719753265,-0.3039468936622143,-0.12248750776052475,-0.08739088475704193,-0.14744767546653748,0.178117048346056
C[C@H](CN)OC1=NN2C(=NC=C2C3=CC4=C(O3)C=CN=C4OC)C=C1,COc1nccc2oc(-c3cnc4ccc(O[C@H](C)CN)nn34)cc12,3.463625460942154,11,17,0.08529210090637207,-0.3899456858634949,-0.0004717176780104637,-0.10872874408960342,-0.30512530263513327,-0.1668926179409027,0.05178394913673401,-0.2063586413860321,0.2923076923076923
CC1=CC(=NN1C2=NC=CC(=C2)C#CC3(CCN(C3=O)C)O)C(=O)N,Cc1cc(C(N)=O)nn1-c1cc(C#CC2(O)CCN(C)C2=O)ccn1,3.6888131699722555,10,17,-0.15158729255199432,-0.1463029384613037,-0.007625436410307884,-0.09526180475950241,-0.3055156674236059,-0.17054729163646698,-0.031071960926055908,-0.10094907134771347,0.13
C1=CC=C2C(=C1)C(=NC(=N2)NC3=CC(=CC=C3)[N+](=O)[O-])NCCCO,O=[N+]([O-])c1cccc(Nc2nc(NCCCO)c3ccccc3n2)c1,2.160758928484336,14,17,-0.05012548714876175,-0.1293727606534958,-0.1260191798210144,-0.07108113914728165,-0.30551742762327194,-0.0679396465420723,-0.08296937495470047,-0.10419342666864395,0.2830188679245283
C1CC1OC2=CC=CC=C2C3=NN=C(O3)C(=O)NC4CCN(C4)C#N,N#CN1CCC(NC(=O)c2nnc(-c3ccccc3OC3CC3)o2)C1,3.2587754609421546,11,16,0.004601684398949146,-0.19409029185771942,-0.11611823737621307,-0.027909785509109497,-0.30560684483498335,-0.05584142729640007,-0.0035476870834827423,-0.12389729917049408,0.2732732732732733
CC1=C2C=C(C=NC2=NN1)NC(=O)[C@H]3CC(=O)N(C3)CC4=CC=CO4,Cc1[nH]nc2ncc(NC(=O)[C@H]3CC(=O)N(Cc4ccco4)C3)cc12,3.025173537865232,12,17,-0.03815488517284393,-0.19115039706230164,-0.07644431293010712,-0.09868103265762329,-0.3057495951652527,-0.11954599618911743,-0.03623060882091522,-0.1422410011291504,0.20943952802359883
C1CN(CCC1NC2=NN=CC=C2)C(=O)C3=C(OC=N3)C4=CC=CO4,O=C(c1ncoc1-c1ccco1)N1CCC(Nc2cccnn2)CC1,2.742265997091403,11,15,-0.14170800149440765,-0.003181174397468567,-0.1611398458480835,-0.09062445163726807,-0.3060290217399597,-0.0626298040151596,-0.11599166691303253,-0.11070223152637482,0.1544502617801047
C1CC2=CC=CC=C2[C@@](C1)(CNC3=NN4C(=NC=C4[N+](=O)[O-])C=C3)O,O=[N+]([O-])c1cnc2ccc(NC[C@]3(O)CCCc4ccccc43)nn12,3.3615062301729246,13,17,-0.15619829297065735,-0.1512777954339981,0.0014366628602147102,-0.16283279657363892,-0.30603942554444075,-0.17256172001361847,-0.11883214116096497,-0.12089930474758148,0.19889502762430938
C1C[C@@H](O[C@@H]1COC(=O)C2=CC=CC=C2)N3C=NC4=C(N=CN=C43)N,Nc1ncnc2c1ncn2[C@H]1CC[C@@H](COC(=O)c2ccccc2)O1,3.1214062716894313,11,15,-0.19399109482765198,0.04374579340219498,-0.15601244568824768,-0.10838896036148071,-0.3062577471137047,-0.08803559839725494,-0.12821286916732788,-0.09798024594783783,0.21296296296296297
COC1=CC=C(C=C1)NC(=O)N2CCC(C2)OC3=NC=CN=C3C#N,COc1ccc(NC(=O)N2CCC(Oc3nccnc3C#N)C2)cc1,2.8345850763267695,10,15,-0.18612033128738403,-0.24677878618240356,0.12663774192333221,-0.1467261016368866,-0.3062613755464554,-0.20386216044425964,-0.06956178694963455,-0.13880418241024017,0.2191358024691358
C1C(CN2C=CN=C2CN1C(=O)C3=CC=CO3)CN4C(=O)C=CC=N4,O=C(c1ccco1)N1Cc2nccn2CC(Cn2ncccc2=O)C1,3.3100750657893636,13,17,-0.13319015502929688,-0.18124482035636902,0.007449628785252571,-0.11377628892660141,-0.3069853466004133,-0.12808308005332947,-0.07309295982122421,-0.14901921153068542,0.15608465608465608
COC1=C(C=CC(=C1)N2CCN(CC2)C3=C(C=CC=N3)C#N)[N+](=O)[O-],COc1cc(N2CCN(c3ncccc3C#N)CC2)ccc1[N+](=O)[O-],2.2598289176500987,9,15,-0.30443134903907776,-0.2117118239402771,0.20875880122184753,-0.16677173972129822,-0.3073843717575073,-0.27477461099624634,-0.13753148913383484,-0.0527350977063179,0.23333333333333334
CCC1=C(C(=NN1)C(=O)N[C@]2(CCC3=CC=CC=C3C2)C#N)[N+](=O)[O-],CCc1[nH]nc(C(=O)N[C@@]2(C#N)CCc3ccccc3C2)c1[N+](=O)[O-],3.473320460942155,11,17,-0.036964643746614456,-0.038033463060855865,-0.2327108383178711,-0.06546565145254135,-0.3077089451253414,-0.008534494787454605,-0.1486780047416687,-0.06892217695713043,0.1329639889196676
C1CNC(=O)CC1C2=NOC(=N2)CNC(=O)C3=CC4=CC=CC=C4N3,O=C1CC(c2noc(CNC(=O)c3cc4ccccc4[nH]3)n2)CCN1,3.0542455610475283,13,17,-0.140249103307724,0.11732098460197449,-0.285089910030365,-0.07393161207437515,-0.3080180287361145,-0.028290357440710068,-0.1927141547203064,-0.010032111778855324,0.1676300578034682
C1=CC=C(C=C1)[C@@H](CCN2C=CN=C2)NC(=O)C3=C(NC=N3)C(=O)O,O=C(N[C@H](CCn1ccnc1)c1ccccc1)c1nc[nH]c1C(=O)O,2.9285869994036933,13,15,-0.2749919593334198,-0.14927323162555695,0.1162148118019104,-0.08492888510227203,-0.30805037915706635,-0.14142829179763794,-0.11412040889263153,-0.05673323571681976,0.1543026706231454
CC(C(=O)NCC1=CC=C(C=C1)N2C=CC=C2)N3C=C(C=N3)[N+](=O)[O-],CC(C(=O)NCc1ccc(-n2cccc2)cc1)n1cc([N+](=O)[O-])cn1,2.8195202875943757,10,13,-0.060875050723552704,-0.31749606132507324,0.06966179609298706,-0.10526728630065918,-0.3087093159556389,-0.1985907405614853,0.029733341187238693,-0.15181948244571686,0.14488636363636365
C1CC1N2C(=NN(C2=O)CCNC(=O)C3=CC=CO3)C4=CN=CC=C4,O=C(NCCn1nc(-c2cccnc2)n(C2CC2)c1=O)c1ccco1,2.4603531592535663,12,16,-0.20774953067302704,-0.07578697055578232,-0.025570925325155258,-0.10747624933719635,-0.3091074265539646,-0.17882458865642548,-0.0920078381896019,-0.04876117408275604,0.23180592991913745
CCC1=C(C(=NN1)C(=O)N[C@@]2(CCC3=CC=CC=C3C2)C#N)[N+](=O)[O-],CCc1[nH]nc(C(=O)N[C@]2(C#N)CCc3ccccc3C2)c1[N+](=O)[O-],3.473320460942155,11,17,-0.030478179454803467,-0.052222706377506256,-0.22674673795700073,-0.06377598643302917,-0.30944762378931046,-0.007313285488635302,-0.14315661787986755,-0.07589894533157349,0.1329639889196676
C1CN(CCN1C2=NN=C(C=C2)C3=CC=CO3)C(=O)NC4=CC=CO4,O=C(Nc1ccco1)N1CCN(c2ccc(-c3ccco3)nn2)CC1,2.536948117673523,11,15,-0.08082982897758484,-0.11959108710289001,-0.10934607684612274,-0.07448648661375046,-0.3097669929265976,-0.0907241702079773,-0.029138701036572456,-0.14482516050338745,0.17052023121387283
CC(C(=O)NCC1=CC=CC=C1)NC2=C(N3C=CC=CC3=N2)[N+](=O)[O-],CC(Nc1nc2ccccn2c1[N+](=O)[O-])C(=O)NCc1ccccc1,2.750427979902069,12,15,0.0020592641085386276,-0.39653536677360535,0.08373959362506866,-0.110526904463768,-0.31073650903999805,-0.17615345120429993,0.03150766342878342,-0.20206952095031738,0.2364217252396166
C[C@H](CNC1=NC(=NC2=CC=CC=C21)C3=C(C=CC(=C3)[N+](=O)[O-])O)N,C[C@@H](N)CNc1nc(-c2cc([N+](=O)[O-])ccc2O)nc2ccccc12,2.8280995818212755,13,17,0.03268954157829285,-0.11424049735069275,-0.22937379777431488,-0.06924645602703094,-0.3109247535467148,-0.02124522626399994,-0.05674898996949196,-0.16140171885490417,0.44664031620553357
C1=CC=C(C=C1)C2=NN=NN2/C(=C\C3=CC=CO3)/C(=O)NCCCO,O=C(NCCCO)/C(=C/c1ccco1)n1nnnc1-c1ccccc1,2.6047597714769584,12,15,-0.12440371513366699,-0.057646509259939194,-0.12916120886802673,-0.09645482897758484,-0.3112114332616329,-0.11373335123062134,-0.07386413961648941,-0.10171625018119812,0.19726027397260273
C1COC2=NC(=C3C(=N2)N(CC4=CC(=CC=C4)OCC=C1)C(=O)N3)N,Nc1nc2nc3c1[nH]c(=O)n3Cc1cccc(c1)OCC=CCCO2,5.135430793605515,12,17,-0.07543806731700897,-0.18458841741085052,-0.0517825186252594,-0.19373822212219238,-0.3118090033531189,-0.180325448513031,-0.08909451961517334,-0.1768467277288437,0.31456953642384106
CC1=CC=CC=C1N2CCN(CC2)C3=CC=C(C4=NON=C34)[N+](=O)[O-],Cc1ccccc1N1CCN(c2ccc([N+](=O)[O-])c3nonc23)CC1,2.3258608515612575,9,15,-0.05942632630467415,-0.4610222578048706,0.20855514705181122,-0.09276671707630157,-0.31189343705773354,-0.20933139324188232,0.07958213984966278,-0.2014390230178833,0.12162162162162163
C1=CC=NC(=C1)NCCCNC(=O)C2=CNC3=C2C=CC(=C3)[N+](=O)[O-],O=C(NCCCNc1ccccn1)c1c[nH]c2cc([N+](=O)[O-])ccc12,2.2694993130997183,14,17,0.0743483230471611,-0.11057224869728088,-0.27582722902297974,-0.07839495688676834,-0.3120511546730995,-0.04355739429593086,-0.05228172242641449,-0.14735832810401917,0.2026578073089701
C1=CC=C2C=C(C=CC2=C1)CC(CC(=O)NO)N3C=C(N=N3)C(=O)N,NC(=O)c1cn(C(CC(=O)NO)Cc2ccc3ccccc3c2)nn1,3.0359473731848414,14,17,-0.2700345814228058,0.018901783972978592,-0.061100028455257416,-0.08210355788469315,-0.3122328259050846,-0.13845503330230713,-0.1752050518989563,0.031973645091056824,0.11730205278592376
CC1=CC=NC2=NC(=NN12)C(=O)O[C@@H](C)C(=O)NCC3=CC=CC=C3,Cc1ccnc2nc(C(=O)O[C@@H](C)C(=O)NCc3ccccc3)nn12,2.6963655747016357,10,15,-0.13262313604354858,-0.20467963814735413,0.023531105369329453,-0.06952733546495438,-0.31377166882157326,-0.13015396893024445,-0.031232737004756927,-0.11460428684949875,0.20743034055727555
COC1=C(C=C2C(CCC2=C1)NC(=O)C3=CC4=NN=NN4C=C3)OC,COc1cc2c(cc1OC)C(NC(=O)c1ccn3nnnc3c1)CC2,2.9787043070960006,11,17,-0.09253062307834625,0.03455071523785591,-0.2559356689453125,-0.13814638555049896,-0.31391557678580284,-0.06671142578125,-0.15997585654258728,-0.12415967881679535,0.24916943521594684
CC1=CC=C(C=C1)C(C2=NNC(=N2)COC3=CC=CC(=C3)[N+](=O)[O-])N,Cc1ccc(C(N)c2n[nH]c(COc3cccc([N+](=O)[O-])c3)n2)cc1,2.8853967773018514,11,15,-0.2326226532459259,-0.05147687718272209,-0.02986602485179901,-0.17015457153320312,-0.313965555280447,-0.1671522706747055,-0.18232309818267822,-0.07530141621828079,0.17940199335548174
COC1=NC2=C(C=C1)N=CC(=O)N2C3=CC4=C(C[C@H]([C@H](C4)O)N)N=C3,COc1ccc2ncc(=O)n(-c3cnc4c(c3)C[C@H](O)[C@H](N)C4)c2n1,3.7914184772727726,12,17,0.03381849080324173,-0.151932492852211,-0.19671285152435303,-0.07853574305772781,-0.3148268535733223,-0.049051813781261444,-0.053123049437999725,-0.15737982094287872,0.22589531680440772
C1=COC(=C1)C(=O)NC2=CC=C(C=C2)CNC(=O)CCN3C=NC=N3,O=C(CCn1cncn1)NCc1ccc(NC(=O)c2ccco2)cc1,2.1201519737951884,12,15,-0.2708073556423187,-0.06211238354444504,0.017086703330278397,-0.11309218406677246,-0.31583303585648537,-0.18422400951385498,-0.1298183798789978,-0.023187268525362015,0.15160349854227406
C1=CC=C(C=C1)CN2C=C(N=N2)C(=O)NCC(=O)NCC3=CC=CO3,O=C(CNC(=O)c1cn(Cc2ccccc2)nn1)NCc1ccco1,2.1224337440796983,12,15,-0.15603815019130707,-0.1150742694735527,-0.04474916309118271,-0.0964440181851387,-0.3158615827560425,-0.1362323760986328,-0.08273278176784515,-0.0889887809753418,0.12173913043478261
COC1=CC=CC(=C1)[C@@H](C2=NNC(=N2)CC3=CC=C(C=C3)[N+](=O)[O-])N,COc1cccc([C@H](N)c2n[nH]c(Cc3ccc([N+](=O)[O-])cc3)n2)c1,2.8602591825022845,11,15,-0.3132517635822296,-0.003253880888223648,0.0005527203902602196,-0.1692405492067337,-0.31595292408019304,-0.16254782676696777,-0.2501545548439026,-0.014801433309912682,0.1888111888111888
CCOC(=O)C1=NC=C(N1)C2=CN3C=C(N=C3C=C2)NC(=O)C4CC4,CCOC(=O)c1ncc(-c2ccc3nc(NC(=O)C4CC4)cn3c2)[nH]1,2.775024800640347,11,16,-0.18654847145080566,-0.060943614691495895,-0.06850506365299225,-0.11545106023550034,-0.3159971497952938,-0.1232033520936966,-0.16169971227645874,-0.05068843811750412,0.36363636363636365
CC/C=C(\C=C)/NC(=O)/C(=C/C1=CC(=CC=C1)[N+](=O)[O-])/N2C=NC=N2,C=C/C(=C\CC)NC(=O)/C(=C/c1cccc([N+](=O)[O-])c1)n1cncn1,3.3820031043085104,13,17,-0.14402641355991364,0.09387069940567017,-0.26623138785362244,-0.09529981017112732,-0.3163871020078659,-0.04215839505195618,-0.1520647406578064,-0.09989701956510544,0.15877437325905291
C1C=CCC2C1C(=O)N(C2=O)CC(=O)NCC3=NN=C4N3C=CC=C4,O=C(CN1C(=O)C2CC=CCC2C1=O)NCc1nnc2ccccn12,3.2555172042500224,10,13,-0.12578794360160828,0.0928356945514679,-0.2839980721473694,-0.10419641435146332,-0.31695032119750977,-0.030706604942679405,-0.1693701595067978,-0.09247973561286926,0.19594594594594594
C1CN(C(C(=O)N1)CC2=NC(=NO2)C3=CC=NC=C3)CC4=COC=C4,O=C1NCCN(Cc2ccoc2)C1Cc1nc(-c2ccncc2)no1,3.2292281116698067,11,15,-0.161650151014328,0.11907069385051727,-0.2744428515434265,-0.06344714015722275,-0.31702230870723724,-0.040723033249378204,-0.1601773053407669,-0.023748207837343216,0.21098265895953758
C1CN(CCC1C2=CNC3=C2C=CC=N3)C(=O)C(=O)NC4=NOC=C4,O=C(Nc1ccon1)C(=O)N1CCC(c2c[nH]c3ncccc23)CC1,2.691723101297823,11,15,0.03755398094654083,-0.3243679404258728,-0.030264349654316902,-0.10188154876232147,-0.3170783091336489,-0.11673218011856079,-0.007012676447629929,-0.19384481012821198,0.2389937106918239
C=CC(N1C=NC2=C(N=CN=C21)N)OCCOC(=O)C3=CC=CC=C3,C=CC(OCCOC(=O)c1ccccc1)n1cnc2c(N)ncnc21,3.1505254609421547,11,15,-0.22854366898536682,0.05106370896100998,-0.13995899260044098,-0.09036430716514587,-0.3174389526247978,-0.1202172189950943,-0.1371970772743225,-0.026369590312242508,0.2070063694267516
C1COC2=CC=CC(=C2)CN3C4=NC(=NC(=C4NC3=O)N)OCC=C1,Nc1nc2nc3c1[nH]c(=O)n3Cc1cccc(c1)OCCC=CCO2,5.119507716682438,12,17,-0.07792750000953674,-0.14558559656143188,-0.0944531187415123,-0.19474168121814728,-0.3179662153124809,-0.16456672549247742,-0.10978357493877411,-0.17107081413269043,0.31456953642384106
COC1=CC=CC(=C1)[C@H](C2=NNC(=N2)CC3=CC=C(C=C3)[N+](=O)[O-])N,COc1cccc([C@@H](N)c2n[nH]c(Cc3ccc([N+](=O)[O-])cc3)n2)c1,2.8602591825022845,11,15,-0.3146052956581116,-0.008036863058805466,0.004564057104289532,-0.17087015509605408,-0.3180781016126275,-0.16587930917739868,-0.24949821829795837,-0.016238292679190636,0.1888111888111888
C1=CC=C(C=C1)CN2C=C(C=N2)NC(=O)C3=CC=NN3CCC(=O)O,O=C(O)CCn1nccc1C(=O)Nc1cnn(Cc2ccccc2)c1,2.2244704669458724,12,15,-0.04825831577181816,-0.2022075057029724,-0.06774589419364929,-0.04464435577392578,-0.31821171566843987,-0.0980490893125534,-0.02554856240749359,-0.0994882807135582,0.1511627906976744
C1CN(CCC1O)C2=C(C=C(C=C2)NC3=NC=C(C=C3)[N+](=O)[O-])C#N,N#Cc1cc(Nc2ccc([N+](=O)[O-])cn2)ccc1N1CCC(O)CC1,2.454106057411746,11,15,-0.11012181639671326,-0.2843683362007141,0.07608895003795624,-0.18898779153823853,-0.31840120255947113,-0.2168990820646286,-0.0821157842874527,-0.1694050431251526,0.16613418530351437
COC1=C(C=C(C=C1)OC2=NN3C=C(N=C3C=C2)NC(=O)C4CC4)N,COc1ccc(Oc2ccc3nc(NC(=O)C4CC4)cn3n2)cc1N,2.4975381267508556,11,16,-0.07352682948112488,-0.1819092333316803,-0.06321252882480621,-0.11281870305538177,-0.3186485916376114,-0.14857478439807892,-0.04656415432691574,-0.13048192858695984,0.32558139534883723
COC1=NC2=C(C=C1)N=CC(=O)N2C3=CC4=C(C[C@@H]([C@@H](C4)O)N)N=C3,COc1ccc2ncc(=O)n(-c3cnc4c(c3)C[C@@H](O)[C@@H](N)C4)c2n1,3.7914184772727726,12,17,0.03144846856594086,-0.14646285772323608,-0.20363645255565643,-0.07719635218381882,-0.31865084171295166,-0.045086294412612915,-0.057672422379255295,-0.15663635730743408,0.22589531680440772
COC(=O)C1=NNC2=C1C=C(C=C2)C(=O)NCCC3(N=N3)CCC#C,C#CCCC1(CCNC(=O)c2ccc3[nH]nc(C(=O)OC)c3c2)N=N1,3.0941850823304895,11,17,-0.22065262496471405,-0.12136942893266678,0.022924382239580154,-0.16004334390163422,-0.3190976716578007,-0.16130119562149048,-0.15916302800178528,-0.09978245198726654,0.13253012048192772
CCNC(=O)C1=CN=C(C=C1)N2C(=O)C(=CN2)C3=CC(=NC=C3)OC,CCNC(=O)c1ccc(-n2[nH]cc(-c3ccnc(OC)c3)c2=O)nc1,2.5927333596869353,12,17,-0.09492134302854538,-0.07599557936191559,-0.14865195751190186,-0.098021499812603,-0.3195688799023628,-0.10090964287519455,-0.11346900463104248,-0.07855174690485,0.21823204419889503
C1CN(CCC1(C(=O)O)N2C=CN=C2)C(=O)C3=NC4=CC=CC=C4N3,O=C(c1nc2ccccc2[nH]1)N1CCC(C(=O)O)(n2ccnc2)CC1,2.7652493130997193,11,15,-0.11530017107725143,-0.21294209361076355,0.008620494045317173,-0.10500350594520569,-0.3196217706426978,-0.12914875149726868,-0.055004604160785675,-0.1484588235616684,0.17027863777089783
CN1[C@H]([C@@H](CC1=O)NCC2=NC(=NO2)C3=COC=C3)C4=CN=CC=C4,CN1C(=O)C[C@@H](NCc2nc(-c3ccoc3)no2)[C@@H]1c1cccnc1,3.6424104866525493,13,17,-0.2479359209537506,0.17640985548496246,-0.24811536073684692,-0.09196680039167404,-0.31964142620563507,-0.06952277570962906,-0.22210052609443665,0.027831993997097015,0.2064343163538874
C1=CC=C(C=C1)C[C@@H](C(=O)NC2=CC3=C(C=C2)C(=NN3)N)NC(=O)O,Nc1n[nH]c2cc(NC(=O)[C@H](Cc3ccccc3)NC(=O)O)ccc12,2.604278900812144,13,15,-0.0724349394440651,-0.16777411103248596,-0.0802064836025238,-0.06236797571182251,-0.32041553407907486,-0.11509084701538086,-0.04179651290178299,-0.09055669605731964,0.17419354838709677
CC1=CC(=C(C=C1)O)CNC(=O)C2=NC(=C(N=C2N)C3=NC=CO3)C,Cc1ccc(O)c(CNC(=O)c2nc(C)c(-c3ncco3)nc2N)c1,2.711835412000818,11,17,-0.21447739005088806,-0.07709488272666931,-0.029170572757720947,-0.1460399329662323,-0.3207428455352783,-0.1865919679403305,-0.10526395589113235,-0.09500464797019958,0.17827298050139276
C1CC2=CC=CC=C2[C@](C1)(CNC3=NN4C(=NC=C4[N+](=O)[O-])C=C3)O,O=[N+]([O-])c1cnc2ccc(NC[C@@]3(O)CCCc4ccccc43)nn12,3.3615062301729246,13,17,-0.15630805492401123,-0.16222408413887024,-0.0022594118490815163,-0.16651351749897003,-0.320791550911963,-0.1774122267961502,-0.11909055709838867,-0.1280866265296936,0.19889502762430938
CC1=CC2=C(C=C1C3=NC=CN3C4=CN(N=C4)CC(=O)NC)OCO2,CNC(=O)Cn1cc(-n2ccnc2-c2cc3c(cc2C)OCO3)cn1,2.768697390022796,11,17,-0.18629783391952515,-0.09923137724399567,-0.035827431827783585,-0.17501842975616455,-0.3213566429913044,-0.1962001919746399,-0.11625559628009796,-0.11799944937229156,0.3227848101265823
CN(CC1=CC=CC=C1)C(=O)CCNC2=NC=CC(=C2[N+](=O)[O-])C#N,CN(Cc1ccccc1)C(=O)CCNc1nccc(C#N)c1[N+](=O)[O-],2.431820686726093,10,15,-0.025594858452677727,-0.3083776533603668,0.011943701654672623,-0.10235101729631424,-0.3220288101583719,-0.1694435030221939,0.003674030303955078,-0.15016686916351318,0.19875776397515527
C/1COC2=NC(=C3C(=N2)N(CC4=CC(=CC=C4)OC/C=C1)C(=O)N3)N,Nc1nc2nc3c1[nH]c(=O)n3Cc1cccc(c1)OC/C=C\CCO2,5.135430793605515,12,17,-0.13135038316249847,-0.12727811932563782,-0.06424230337142944,-0.21683356165885925,-0.32287080585956573,-0.1894647628068924,-0.14018180966377258,-0.1577872782945633,0.31456953642384106
COC1=CC(=CC(=C1O)OC)C2N=C(NC3=NC4=CC=CC=C4N23)N,COc1cc(C2N=C(N)Nc3nc4ccccc4n32)cc(OC)c1O,3.2134979690678316,10,14,-0.10248742997646332,-0.10366719961166382,-0.11701708287000656,-0.11598856747150421,-0.3231717124581337,-0.13041280210018158,-0.05888452008366585,-0.1489396095275879,0.267741935483871
C1CN2C3=NC(=NC(=C3NC2=O)N)OC/C=C\COC4=CC=CC1=C4,Nc1nc2nc3c1[nH]c(=O)n3CCc1cccc(c1)OC/C=C\CO2,5.136253975902669,12,17,-0.17598596215248108,-0.11044231057167053,-0.03708593547344208,-0.21896444261074066,-0.3235142081975937,-0.20049981772899628,-0.18575668334960938,-0.1100115180015564,0.2783171521035599
C1CO[C@@H](CN1C(=O)OCC2=CC=CC=C2)C3=NC4=NC=NC=C4N3,O=C(OCc1ccccc1)N1CCO[C@H](c2nc3ncncc3[nH]2)C1,3.0187908975325914,11,15,-0.21157708764076233,-0.1225481778383255,0.010455215349793434,-0.13894030451774597,-0.3236700501292944,-0.14527955651283264,-0.1557241678237915,-0.09502047300338745,0.18627450980392157
CN1C=C(C=N1)C2=CC=C(C=C2)CCNC(=O)C(=O)NC3=NOC=C3,Cn1cc(-c2ccc(CCNC(=O)C(=O)Nc3ccon3)cc2)cn1,2.3972108515612582,11,15,0.046081557869911194,-0.22018566727638245,-0.14978446066379547,-0.09972822666168213,-0.3238885700702667,-0.1266467124223709,-0.036454036831855774,-0.12663893401622772,0.21604938271604937
C1CN(CCC1(C(=O)O)N2C=CC=N2)C(=O)C3=CN4C=CC=CC4=N3,O=C(c1cn2ccccc2n1)N1CCC(C(=O)O)(n2cccn2)CC1,2.8287589284843353,11,15,-0.06944114714860916,-0.13297834992408752,-0.12184733152389526,-0.1295093446969986,-0.32426682859659195,-0.11088383197784424,-0.06892906874418259,-0.17851699888706207,0.17355371900826447
C1=CC=C(C=C1)CN(CC2=CC=NN2)C(=O)CN3C=C(N=C3)C(=O)O,O=C(O)c1cn(CC(=O)N(Cc2ccccc2)Cc2ccn[nH]2)cn1,2.61941277463818,12,15,-0.2408372461795807,-0.17126834392547607,0.08719460666179657,-0.09530560672283173,-0.3249109834432602,-0.1538839489221573,-0.10908249765634537,-0.06922903656959534,0.1691842900302115
C\1COC2=NC(=C3C(=N2)N(CC4=CC(=CC=C4)OC/C=C1)C(=O)N3)N,Nc1nc2nc3c1[nH]c(=O)n3Cc1cccc(c1)OC/C=C/CCO2,5.135430793605515,12,17,-0.14577053487300873,-0.10326936841011047,-0.07623307406902313,-0.20807130634784698,-0.32527297735214233,-0.18414992094039917,-0.14857205748558044,-0.1396811604499817,0.31456953642384106
CC1=CC(=NN1C2=NC=CC(=C2)C#C[C@@]3(CCN(C3=O)C)O)C(=O)N,Cc1cc(C(N)=O)nn1-c1cc(C#C[C@]2(O)CCN(C)C2=O)ccn1,3.6888131699722555,10,17,-0.1335473656654358,-0.19100314378738403,-0.0007937289774417877,-0.10411160439252853,-0.3253442384302616,-0.18652835488319397,-0.011930389329791069,-0.12912461161613464,0.13
CC1=CC=C(C=C1)[C@@H](C2=NNC(=N2)COC3=CC=CC(=C3)[N+](=O)[O-])N,Cc1ccc([C@H](N)c2n[nH]c(COc3cccc([N+](=O)[O-])c3)n2)cc1,2.8853967773018514,11,15,-0.22774574160575867,-0.05050327628850937,-0.04736919701099396,-0.18196171522140503,-0.325618214905262,-0.16604527831077576,-0.193569615483284,-0.08757907152175903,0.17940199335548174
[C-]#[N+]C1(CC1)C2=CC=C(C=C2)N3CC(OC3=O)CN4C(=CN=N4)CO,[C-]#[N+]C1(c2ccc(N3CC(Cn4nncc4CO)OC3=O)cc2)CC1,3.7291209376485472,9,14,0.008392870426177979,-0.48133957386016846,0.1472790241241455,-0.14563649892807007,-0.32566767930984497,-0.19895973801612854,0.039830200374126434,-0.26300308108329773,0.1280193236714976
CN1CC[C@](C1=O)(C#CC2=CC(=CC=C2)N3C=C(C(=N3)C(=O)N)N)O,CN1CC[C@@](O)(C#Cc2cccc(-n3cc(N)c(C(N)=O)n3)c2)C1=O,3.6808245412097147,11,17,-0.14101333916187286,-0.17919637262821198,-0.006290089339017868,-0.10892133414745331,-0.3264998011291027,-0.17285564541816711,-0.022855335846543312,-0.13197427988052368,0.13766233766233765
C=CCN1C(=O)N(C(=O)N(C1=O)CC2=CN3C=CC=CC3=N2)CC=C,C=CCn1c(=O)n(CC=C)c(=O)n(Cc2cn3ccccc3n2)c1=O,2.7676057416711473,9,13,0.06363087147474289,-0.25237518548965454,-0.1382860243320465,-0.09209645539522171,-0.32703033834695816,-0.07315473258495331,-0.002231298014521599,-0.21789222955703735,0.18315018315018314
CN1C=C(C=N1)CN(C)C(=O)C2=C(NN=C2)C3=CC4=C(C=C3)OCO4,CN(Cc1cnn(C)c1)C(=O)c1cn[nH]c1-c1ccc2c(c1)OCO2,2.5737089284843346,11,17,-0.24090532958507538,-0.21695569157600403,0.13030073046684265,-0.20560170710086823,-0.32756029069423676,-0.24755123257637024,-0.17568425834178925,-0.08158114552497864,0.25084745762711863
CC1=CC=C(C=C1)[C@H](C2=NNC(=N2)COC3=CC=CC(=C3)[N+](=O)[O-])N,Cc1ccc([C@@H](N)c2n[nH]c(COc3cccc([N+](=O)[O-])c3)n2)cc1,2.8853967773018514,11,15,-0.22735543549060822,-0.05626378953456879,-0.044294074177742004,-0.18523380160331726,-0.327913299202919,-0.1689048409461975,-0.19283650815486908,-0.09216673672199249,0.17940199335548174
CCO.CC1=C2C(=NC=NN2C=C1C=O)OC3=CN=C4C(=C3)C=CN4,CCO.Cc1c(C=O)cn2ncnc(Oc3cnc4[nH]ccc4c3)c12,3.142810796616203,12,17,-0.1966281533241272,-0.27075135707855225,0.13875968754291534,-0.11991871893405914,-0.3286198228597641,-0.22055667638778687,-0.071914903819561,-0.06485407799482346,0.22895622895622897
C[C@@H]1CCNC(=O)OCC2=NC(=NC=C2)C3=NNC4=C3C=C(O1)C=C4,C[C@@H]1CCNC(=O)OCc2ccnc(n2)-c2n[nH]c3ccc(cc23)O1,5.362987394556486,12,17,-0.018458494916558266,-0.13179537653923035,-0.17880141735076904,-0.0948590561747551,-0.32905528880655766,-0.09585431218147278,-0.04994557052850723,-0.14669552445411682,0.3431372549019608
C1CN(CCC1OC2=NC=CN=C2)C(=O)C3=NNC(=C3)C4=CC=CO4,O=C(c1cc(-c2ccco2)[nH]n1)N1CCC(Oc2cnccn2)CC1,2.670138762164168,11,15,-0.06601475179195404,-0.05521351844072342,-0.20803163945674896,-0.16108191013336182,-0.3292599096894264,-0.08901010453701019,-0.14638660848140717,-0.16023755073547363,0.1978021978021978
COC(=O)C1=C(C(=CN1C2=CC3=C(C=C2)N(C=N3)CCCO)C#N)N,COC(=O)c1c(N)c(C#N)cn1-c1ccc2c(c1)ncn2CCCO,2.8202962911216964,11,17,-0.3392423093318939,-0.2239106297492981,0.2335168570280075,-0.17782828211784363,-0.3296360820531845,-0.25829458236694336,-0.1408277302980423,-0.09961769729852676,0.15733333333333333
COC(=O)C1=CN=C2N1C=CC(=N2)N3CCOC(C3)C4=CC=CC=N4,COC(=O)c1cnc2nc(N3CCOC(c4ccccn4)C3)ccn12,3.3198034114163377,12,17,-0.07937918603420258,-0.2805306017398834,0.029578275978565216,-0.16594941914081573,-0.3303315117955208,-0.16980211436748505,-0.07203575223684311,-0.20043689012527466,0.19584569732937684
C1CC(OC1)CN2C=C(C=N2)NC3=C4C(=C(C=C3)[N+](=O)[O-])C=CC=N4,O=[N+]([O-])c1ccc(Nc2cnn(CC3CCCO3)c2)c2ncccc12,2.9727998286976884,13,17,-0.23486123979091644,-0.08589614182710648,-0.01000988855957985,-0.19640982151031494,-0.33076727017760277,-0.17974741756916046,-0.1846603900194168,-0.11908997595310211,0.14814814814814814
COC1=CC2=C(C=C1)N3C(=N2)N=C(N3)NC4=CC(=C(C=C4)OC)OC,COc1ccc2c(c1)nc1nc(Nc3ccc(OC)c(OC)c3)[nH]n12,2.4726281592535653,11,17,-0.3950805962085724,-0.05438530445098877,0.11851514875888824,-0.2126268446445465,-0.3309507519006729,-0.2591196596622467,-0.25434213876724243,-0.00411875220015645,0.24621212121212122
CN1C=C(C(=O)NC1=O)C(=O)N[C@@H](CN2C=CN=C2)C3=CC=CC=C3,Cn1cc(C(=O)N[C@@H](Cn2ccnc2)c2ccccc2)c(=O)[nH]c1=O,2.909297969067831,12,15,-0.32016992568969727,-0.14301544427871704,0.13161420822143555,-0.091584213078022,-0.33157116174697876,-0.19126205146312714,-0.13549891114234924,-0.009791295975446701,0.21656050955414013
C1CN(CCC1OC2=C(NN=N2)C(=O)O)C3=CC4=C(C=C3)C=NC=C4,O=C(O)c1[nH]nnc1OC1CCN(c2ccc3cnccc3c2)CC1,2.8172678852809625,11,15,-0.03205914795398712,-0.2992252707481384,-0.0005383845418691635,-0.1636269986629486,-0.3318228032439947,-0.1386655867099762,-0.06335823237895966,-0.23391714692115784,0.19879518072289157
COC1=NC2=C(C=C1)N=CC(=O)N2C3=CC4=C(CC(C(C4)O)N)N=C3,COc1ccc2ncc(=O)n(-c3cnc4c(c3)CC(O)C(N)C4)c2n1,3.7914184772727726,12,17,0.03287915512919426,-0.2018209993839264,-0.16340962052345276,-0.1128973737359047,-0.3323514647781849,-0.08872045576572418,-0.061277493834495544,-0.17580610513687134,0.22589531680440772
COC1=C(C=CC(=C1)C[C@@H](C2=NNN=N2)C(=O)NC3=CC=CC=C3)O,COc1cc(C[C@H](C(=O)Nc2ccccc2)c2nn[nH]n2)ccc1O,2.6910523840190788,12,15,-0.014115175232291222,-0.13333885371685028,-0.18493913114070892,-0.08988906443119049,-0.3323931600898504,-0.05054610222578049,-0.07019469141960144,-0.1762847602367401,0.2150170648464164
C1[C@@H](CN2C=CN=C2CN1C(=O)C3=CC=CO3)CN4C(=O)C=CC=N4,O=C(c1ccco1)N1Cc2nccn2C[C@@H](Cn2ncccc2=O)C1,3.3100750657893636,13,17,-0.1767379641532898,-0.1904846578836441,0.034126751124858856,-0.11559653282165527,-0.33309587091207504,-0.14671635627746582,-0.08456738293170929,-0.1411922425031662,0.15608465608465608
C1CN2C3=NC(=NC(=C3NC2=O)N)OC/C=C/COC4=CC=CC1=C4,Nc1nc2nc3c1[nH]c(=O)n3CCc1cccc(c1)OC/C=C/CO2,5.136253975902669,12,17,-0.19808673858642578,-0.09838443249464035,-0.03667902201414108,-0.21863830089569092,-0.3331501930952072,-0.20228886604309082,-0.1941826045513153,-0.10524506866931915,0.2783171521035599
CC(C)N1C=C2C=CC(=CC2=N1)NC(=O)C3=CC(=C(C=C3)N)[N+](=O)[O-],CC(C)n1cc2ccc(NC(=O)c3ccc(N)c([N+](=O)[O-])c3)cc2n1,2.394981002062929,11,16,-0.18368294835090637,-0.04678519070148468,-0.10301177203655243,-0.09761252254247665,-0.3334799110889435,-0.11269733309745789,-0.11277438700199127,-0.0920323058962822,0.1411042944785276
CC1=CN2C(=C(C=N2)C(=O)N[C@@H](CC3=CC=C(C=C3)O)C(=O)N)N=C1,Cc1cnc2c(C(=O)N[C@@H](Cc3ccc(O)cc3)C(N)=O)cnn2c1,2.816862438964133,11,15,0.02992068976163864,-0.2571908235549927,-0.10636214911937714,-0.07944777607917786,-0.33363228291273117,-0.10342957079410553,-0.01257259026169777,-0.16391143202781677,0.22847682119205298
C1C(N2C=NC=C2CN1C(=O)C3=COC=N3)COCC4=CC=NC=C4,O=C(c1cocn1)N1Cc2cncn2C(COCc2ccncc2)C1,3.565500668842363,11,15,-0.23448219895362854,-0.21839426457881927,0.11820614337921143,-0.13984230160713196,-0.3346703201532364,-0.19431090354919434,-0.07723203301429749,-0.14343887567520142,0.15281501340482573
CC(C(=O)NCC1=C(N=CC=C1)N2C=CN=C2)NC(=O)C3=CC=CO3,CC(NC(=O)c1ccco1)C(=O)NCc1cccnc1-n1ccnc1,2.829142768634462,14,17,-0.14302805066108704,-0.26235029101371765,0.07013911008834839,-0.0877683013677597,-0.3352392315864563,-0.17941242456436157,-0.017204072326421738,-0.1203240379691124,0.15
CN1C=C(C(=O)NC1=O)C(=O)N[C@H](CN2C=CN=C2)C3=CC=CC=C3,Cn1cc(C(=O)N[C@H](Cn2ccnc2)c2ccccc2)c(=O)[nH]c1=O,2.909297969067831,12,15,-0.32301977276802063,-0.14252440631389618,0.12936249375343323,-0.09176190942525864,-0.3361816853284836,-0.19153892993927002,-0.13747967779636383,-0.009801724925637245,0.21656050955414013
COC(=O)C1C(CNN1)C2=CC(=NC(=C2C#N)N)C3=CC(=CC=C3)O,COC(=O)C1NNCC1c1cc(-c2cccc(O)c2)nc(N)c1C#N,3.8134569295247456,13,17,-0.04847092181444168,-0.20582516491413116,-0.08242416381835938,-0.09462311118841171,-0.3367202505469322,-0.10784353315830231,-0.04713647812604904,-0.15911614894866943,0.24495677233429394
CCNC(=O)NC1=NC2=C(C=CC=N2)N=C1C3=CC(=C(C=C3)O)OC,CCNC(=O)Nc1nc2ncccc2nc1-c1ccc(O)c(OC)c1,2.435797931734607,12,17,0.018246173858642578,-0.1362377107143402,-0.21891532838344574,-0.08232896029949188,-0.33690686523914337,-0.068937748670578,-0.027810506522655487,-0.1789592206478119,0.41911764705882354
C1=CC=C(C=C1)C(C(C(=O)NC2=CC3=C(C=C2)N=C(N3)N)O)NC=O,Nc1nc2ccc(NC(=O)C(O)C(NC=O)c3ccccc3)cc2[nH]1,3.2318232443366934,14,15,-0.14898686110973358,-0.20016872882843018,0.011049877852201462,-0.11213184893131256,-0.3381057120859623,-0.19522857666015625,-0.0364813357591629,-0.11435698717832565,0.23178807947019867
CCNC(=O)NC1=CN2C(=CC(=CC2=N1)C3=CN=CC=C3)C(=O)OC,CCNC(=O)Nc1cn2c(C(=O)OC)cc(-c3cccnc3)cc2n1,2.578384063912287,12,17,0.012293144129216671,-0.15784183144569397,-0.19285860657691956,-0.10442239791154861,-0.33840729389339685,-0.09063254296779633,-0.057177625596523285,-0.1595279425382614,0.28664495114006516
C1CN(CCC1OC2=NN=CC=C2)C(=O)C3=NNC(=C3)C4=CC=CO4,O=C(c1cc(-c2ccco2)[nH]n1)N1CCC(Oc2cccnn2)CC1,2.7124181800435867,11,15,-0.11919950693845749,0.01880081743001938,-0.23835550248622894,-0.17539139091968536,-0.33875419199466705,-0.0975559800863266,-0.18636280298233032,-0.13208407163619995,0.20903954802259886
CC1CN2C(=C(C=N2)NC3=NC=NC4=C3C=CC(=C4)C(=O)OC)OC1,COC(=O)c1ccc2c(Nc3cnn4c3OCC(C)C4)ncnc2c1,3.3864293070960008,11,17,-0.07007914036512375,-0.19614365696907043,-0.07283125817775726,-0.15509632229804993,-0.33905405551195145,-0.10554133355617523,-0.13661311566829681,-0.18093407154083252,0.21153846153846154
C1=CC=C(C=C1)N2C(=O)[C@@H](C(=O)NC2=O)C=NCCCN3C=CN=C3,O=C1NC(=O)N(c2ccccc2)C(=O)[C@@H]1C=NCCCn1ccnc1,3.128711999403694,12,15,-0.33382749557495117,-0.08655468374490738,0.08028462529182434,-0.07673737406730652,-0.3400975540280342,-0.1380235254764557,-0.12989459931850433,-0.04334954172372818,0.17981072555205047
C1OC2=C(O1)C=C(C=C2)CNC3=C(C(=NC=N3)NCC4=CC=CO4)N,Nc1c(NCc2ccc3c(c2)OCO3)ncnc1NCc1ccco1,2.3962936478190553,13,17,-0.09294728189706802,-0.11886423081159592,-0.1283572018146515,-0.1545121818780899,-0.34016871452331543,-0.14055606722831726,-0.12318939715623856,-0.13116014003753662,0.26523297491039427
COC1=C(C=CC(=C1)C[C@H](C2=NNN=N2)C(=O)NC3=CC=CC=C3)O,COc1cc(C[C@@H](C(=O)Nc2ccccc2)c2nn[nH]n2)ccc1O,2.6910523840190788,12,15,-0.016018792986869812,-0.14071124792099,-0.18426421284675598,-0.09047621488571167,-0.3409942537546158,-0.051423653960227966,-0.07028131932020187,-0.18154621124267578,0.2150170648464164
CC(C(=O)NC1=CN(N=C1)CC2=CC=CC=C2)N3C=C(C=N3)C(=O)O,CC(C(=O)Nc1cnn(Cc2ccccc2)c1)n1cc(C(=O)O)cn1,2.6477402225889577,12,15,-0.14108267426490784,-0.18222996592521667,-0.01789332926273346,-0.053509749472141266,-0.34120596945285797,-0.13779518008232117,-0.05297119915485382,-0.06087547913193703,0.15223880597014924
C1=CC=C2C(=C1)C(=CN2)CC(C(=O)NCCC#N)NC(=O)OCC#N,N#CCCNC(=O)C(Cc1c[nH]c2ccccc12)NC(=O)OCC#N,2.8895291716680482,13,17,-0.072947196662426,-0.12213628739118576,-0.14636534452438354,-0.07870543003082275,-0.3414488285779953,-0.07156819850206375,-0.09767395257949829,-0.11390316486358643,0.18272425249169436
CCC1=CC=C(C=C1)OC2=NC=NC(=C2N)NNC(=O)C3=CC=CO3,CCc1ccc(Oc2ncnc(NNC(=O)c3ccco3)c2N)cc1,2.341830082330489,11,15,0.08459632098674774,-0.25039616227149963,-0.17661531269550323,-0.07690908014774323,-0.3424151539802551,-0.09292715042829514,0.007153661921620369,-0.1837150752544403,0.20527859237536658
CN1CC(CC1C2=NC(=NO2)C3=CN=CC=C3)NC(=O)C4=CC=CO4,CN1CC(NC(=O)c2ccco2)CC1c1nc(-c2cccnc2)no1,3.2400165983490723,13,17,-0.18869784474372864,0.18189045786857605,-0.3357453942298889,-0.07785142213106155,-0.3425527811050415,-0.0402773842215538,-0.17851167917251587,-0.030188342556357384,0.19518716577540107
CC(C)(C)C1=C2[C@@H](C(=C(OC2=NN1)N)C#N)C3=CC=C(C=C3)[N+](=O)[O-],CC(C)(C)c1[nH]nc2c1[C@H](c1ccc([N+](=O)[O-])cc1)C(C#N)=C(N)O2,3.21289955596478,6,13,-0.14355097711086273,-0.27051353454589844,0.0709722638130188,-0.18373756110668182,-0.34309224784374237,-0.23392458260059357,-0.10994049906730652,-0.12372242659330368,0.15466666666666667
CC(C)(C)C1=C2[C@H](C(=C(OC2=NN1)N)C#N)C3=CC=C(C=C3)[N+](=O)[O-],CC(C)(C)c1[nH]nc2c1[C@@H](c1ccc([N+](=O)[O-])cc1)C(C#N)=C(N)O2,3.21289955596478,6,13,-0.14234381914138794,-0.2724084258079529,0.07163664698600769,-0.18377570807933807,-0.34311559796333313,-0.23449929058551788,-0.10901764780282974,-0.12426508218050003,0.15466666666666667
CC1=CC(=C(C=C1)C)NC2=NC=NC(=C2[N+](=O)[O-])NCC3=CC=CO3,Cc1ccc(C)c(Nc2ncnc(NCc3ccco3)c2[N+](=O)[O-])c1,2.3404603369350383,12,17,-0.15510094165802002,-0.2085273563861847,0.02006540074944496,-0.1393744945526123,-0.34356289729475975,-0.17488721013069153,-0.08376774191856384,-0.13253894448280334,0.17956656346749225
C\1COC2=CC=CC(=C2)CN3C4=NC(=NC(=C4NC3=O)N)OC/C=C1,Nc1nc2nc3c1[nH]c(=O)n3Cc1cccc(c1)OCC/C=C/CO2,5.119507716682438,12,17,-0.17714710533618927,-0.06637872755527496,-0.101018026471138,-0.2055557668209076,-0.34454385936260223,-0.17773526906967163,-0.1800326406955719,-0.11879314482212067,0.31456953642384106
CC(C)(C)C1=C2C(C(=C(OC2=NN1)N)C#N)C3=CC=C(C=C3)[N+](=O)[O-],CC(C)(C)c1[nH]nc2c1C(c1ccc([N+](=O)[O-])cc1)C(C#N)=C(N)O2,3.21289955596478,6,13,-0.14218257367610931,-0.26897484064102173,0.06596124172210693,-0.1776799112558365,-0.3451961725950241,-0.22742165625095367,-0.1116497591137886,-0.12053671479225159,0.15466666666666667
CN1CN(C(=O)C2=C1N=C3N2C(=O)C=C(N3CC4=CC=CC=C4)O)C,CN1CN(C)c2nc3n(Cc4ccccc4)c(O)cc(=O)n3c2C1=O,2.9839538735392797,9,15,-0.19484740495681763,-0.14444181323051453,-0.00634515006095171,-0.07118306308984756,-0.34563436824828386,-0.15298542380332947,-0.08507976680994034,-0.04913167655467987,0.21983914209115282
CCC1=C(N(C(=N1)COC(=O)N)CC)OC2=CC(=CC(=C2)C#N)C#N,CCc1nc(COC(N)=O)n(CC)c1Oc1cc(C#N)cc(C#N)c1,3.0195669552401876,8,14,-0.17946308851242065,-0.059975624084472656,-0.10679103434085846,-0.1527220606803894,-0.34622974693775177,-0.17661160230636597,-0.14799760282039642,-0.07192996144294739,0.16056338028169015
C1C(NNC1C(=O)N/N=C/C2=CC(=CC=C2)[N+](=O)[O-])C3=CC=CC=C3,O=C(N/N=C/c1cccc([N+](=O)[O-])c1)C1CC(c2ccccc2)NN1,3.239836435019252,14,15,-0.09894365817308426,-0.19233445823192596,-0.05522366240620613,-0.16057735681533813,-0.34650177881121635,-0.1735730767250061,-0.08655878901481628,-0.15859144926071167,0.11838006230529595
C1CC(OC1COC(=O)C2=CC=CC=C2)N3C=NC4=C(N=CN=C43)N,Nc1ncnc2c1ncn2C1CCC(COC(=O)c2ccccc2)O1,3.1214062716894313,11,15,-0.2132863700389862,0.0282313022762537,-0.16197136044502258,-0.1277770698070526,-0.3470264282077551,-0.10874253511428833,-0.14255668222904205,-0.11275166273117065,0.21296296296296297
C1CC1C2=NC(=NO2)C3CCN(CC3)C4=C(C=C(C=C4)C#N)[N+](=O)[O-],N#Cc1ccc(N2CCC(c3noc(C4CC4)n3)CC2)c([N+](=O)[O-])c1,2.554693489697769,8,14,-0.30822911858558655,0.0380646213889122,-0.07687408477067947,-0.14988869428634644,-0.3470385819673538,-0.15980689227581024,-0.2474014014005661,0.0032817600294947624,0.11830985915492957
C1CN(CCC1O)C2=C(C=C(C=C2)NC3=C(C=CC=N3)[N+](=O)[O-])C#N,N#Cc1cc(Nc2ncccc2[N+](=O)[O-])ccc1N1CCC(O)CC1,2.447598365104053,11,15,-0.15579760074615479,-0.3031170964241028,0.11185342073440552,-0.20161449909210205,-0.34706127643585205,-0.25209081172943115,-0.08981449902057648,-0.1625823974609375,0.16408668730650156
COC1=CC(=CC(=C1O)OC)[C@H]2N=C(NC3=NC4=CC=CC=C4N23)N,COc1cc([C@H]2N=C(N)Nc3nc4ccccc4n32)cc(OC)c1O,3.2134979690678316,10,14,-0.10953368246555328,-0.11473539471626282,-0.12438192963600159,-0.1271308958530426,-0.3486510068178177,-0.14144819974899292,-0.06760774552822113,-0.15904965996742249,0.267741935483871
CCN1C=C(C=N1)CN2C=C(C=N2)NC(=O)C3=CC4=C(C=C3)OCO4,CCn1cc(Cn2cc(NC(=O)c3ccc4c(c3)OCO4)cn2)cn1,2.3403551350175285,12,17,-0.06351523846387863,-0.15314742922782898,-0.1320188343524933,-0.11941438168287277,-0.3486815020442009,-0.11449431627988815,-0.09164168685674667,-0.13997888565063477,0.2
COC1=CC=C(C=C1)C(C2=NNC(=N2)CC3=CC=C(C=C3)[N+](=O)[O-])N,COc1ccc(C(N)c2n[nH]c(Cc3ccc([N+](=O)[O-])cc3)n2)cc1,2.8201092366734652,9,13,-0.3392954170703888,-0.060989707708358765,0.051449283957481384,-0.1408684402704239,-0.3488358408212662,-0.21485671401023865,-0.19554109871387482,0.010396363213658333,0.18596491228070175
CN(C)C(=O)NC1=CC=CC(=C1)CNC2=C(C=C(C=C2)C#N)[N+](=O)[O-],CN(C)C(=O)Nc1cccc(CNc2ccc(C#N)cc2[N+](=O)[O-])c1,2.2107228080829984,11,16,-0.021617121994495392,-0.4336352050304413,0.1063690260052681,-0.10386446863412857,-0.3488833010196686,-0.20618773996829987,0.04901707172393799,-0.19146761298179626,0.10726643598615918
C1CN2CCC1[C@H](C2)N3C4=C(C=CC(=C4)C#N)C(=N3)C(=O)OC(=O)N,N#Cc1ccc2c(C(=O)OC(N)=O)nn([C@H]3CN4CCC3CC4)c2c1,4.171833357509575,9,15,-0.29774078726768494,0.03300562500953674,-0.08421946316957474,-0.11750686168670654,-0.34895462542772293,-0.11704082787036896,-0.21523034572601318,-0.027282364666461945,0.12568306010928962
COC1=C(C=C2CN(CCC2=C1)C(=O)C3=CN4C(=NN=N4)C=C3)OC,COc1cc2c(cc1OC)CN(C(=O)c1ccc3nnnn3c1)CC2,2.464835851561258,10,17,-0.29637086391448975,0.08020633459091187,-0.13280349969863892,-0.16712304949760437,-0.3489680290222168,-0.1291561722755432,-0.2524424195289612,-0.046667974442243576,0.23684210526315788
C1CN(C(=O)N1)CC2=CC=CC=C2NCC3=NC(=NO3)C4=COC=C4,O=C1NCCN1Cc1ccccc1NCc1nc(-c2ccoc2)no1,2.675478886904294,13,17,-0.27311718463897705,-0.08471407741308212,0.008841569535434246,-0.12085802108049393,-0.3489896925166249,-0.1756303757429123,-0.15238213539123535,-0.04706975817680359,0.19596541786743515
CC1=CC(=CC=C1)N2N=C(C(=NCCC3=CC=CC=C3)N2O)[N+](=O)[O-],Cc1cccc(-n2nc([N+](=O)[O-])c(=NCCc3ccccc3)n2O)c1,2.743640835309904,11,15,-0.07686635851860046,-0.3106021583080292,0.03837998956441879,-0.12436303496360779,-0.34908852726221085,-0.14940795302391052,-0.04463718831539154,-0.19683414697647095,0.10079575596816977
COC1=C(C=CC(=C1)CC(C2=NNN=N2)C(=O)NC3=CC=CC=C3)O,COc1cc(CC(C(=O)Nc2ccccc2)c2nn[nH]n2)ccc1O,2.6910523840190788,12,15,-0.030675482004880905,-0.13785246014595032,-0.18066126108169556,-0.09750890731811523,-0.3491892032325268,-0.0568448081612587,-0.0797244980931282,-0.18367502093315125,0.2150170648464164
COC1=CC(=CC(=C1O)OC)[C@@H]2N=C(NC3=NC4=CC=CC=C4N23)N,COc1cc([C@@H]2N=C(N)Nc3nc4ccccc4n32)cc(OC)c1O,3.2134979690678316,10,14,-0.11256037652492523,-0.11314327269792557,-0.12411433458328247,-0.12271876633167267,-0.34981798380613327,-0.13547372817993164,-0.06934818625450134,-0.15762537717819214,0.267741935483871
CCN1C=C(C=N1)CNC(=O)C2=CC(=NN2)C3=CC4=C(C=C3)OCO4,CCn1cc(CNC(=O)c2cc(-c3ccc4c(c3)OCO4)n[nH]2)cn1,2.444601499611837,12,17,-0.09191004931926727,-0.24064341187477112,-0.017727766185998917,-0.1757315695285797,-0.3502812273800373,-0.19618088006973267,-0.11365737020969391,-0.13599228858947754,0.240625
C[C@@H]1CCNC(=O)OCC2=NC=CC(=N2)C3=NNC4=C3C=C(O1)C=C4,C[C@@H]1CCNC(=O)OCc2nccc(n2)-c2n[nH]c3ccc(cc23)O1,5.309323116368921,12,17,-0.1471952497959137,-0.06505436450242996,-0.1390400230884552,-0.11722932755947113,-0.35128963738679886,-0.13262400031089783,-0.1275482177734375,-0.07917317748069763,0.33557046979865773
C1CN(CCC1N2C(=O)N(N=N2)C3=CC=CC=C3)C(=O)C4=CC=CO4,O=C(c1ccco1)N1CCC(n2nnn(-c3ccccc3)c2=O)CC1,2.397788222478013,9,13,-0.21236702799797058,-0.03257790952920914,-0.10721631348133087,-0.12765154242515564,-0.3521612510085106,-0.11027030646800995,-0.15027692914009094,-0.1246015653014183,0.11335012594458438
C1[C@@H](OC2C1C3=CC=CC=C3N2)C(=O)N/C(=C\C4=CN=CN4)/C(=O)N,NC(=O)/C(=C/c1cnc[nH]1)NC(=O)[C@H]1CC2c3ccccc3NC2O1,4.343653531861515,15,17,-0.2403465211391449,0.0442383736371994,-0.1561870276927948,-0.14550277590751648,-0.3522951751947403,-0.14251559972763062,-0.21869531273841858,-0.019375916570425034,0.16751269035532995
C1CC1C2=CC(=O)N(C=N2)CCNC(=O)C3=NNC(=C3)C4=CC=CO4,O=C(NCCn1cnc(C2CC2)cc1=O)c1cc(-c2ccco2)[nH]n1,2.757576236176643,12,16,-0.08125399053096771,-0.028549937531352043,-0.24289290606975555,-0.11008782684803009,-0.3526968341320753,-0.07643070071935654,-0.1261155903339386,-0.11940458416938782,0.22074468085106383
CC1=CC=NC2=NC(=NN12)C(=O)OC(C)C(=O)NCC3=CC=CC=C3,Cc1ccnc2nc(C(=O)OC(C)C(=O)NCc3ccccc3)nn12,2.6963655747016357,10,15,-0.16388583183288574,-0.18482264876365662,-0.004422351717948914,-0.07779160141944885,-0.35313083231449127,-0.14231766760349274,-0.050532266497612,-0.11226816475391388,0.20743034055727555
CC1=CC=C(C=C1)CN2C=C(C=N2)NC(=O)CN3C=C(C=N3)C(=O)O,Cc1ccc(Cn2cc(NC(=O)Cn3cc(C(=O)O)cn3)cn2)cc1,2.183312341268733,11,15,-0.1984235793352127,-0.13854330778121948,-0.016851577907800674,-0.12771202623844147,-0.35381846502423286,-0.18183517456054688,-0.10033552348613739,-0.09220020473003387,0.15047021943573669
C1=CC=C(C=C1)CN2C=C(C=N2)NC(=O)CCN3C(=CC=N3)C(=O)O,O=C(CCn1nccc1C(=O)O)Nc1cnn(Cc2ccccc2)c1,2.2195570054074114,12,15,-0.12363091111183167,-0.17940978705883026,-0.050834812223911285,-0.08881275355815887,-0.3538755103945732,-0.13618206977844238,-0.07375971227884293,-0.1070796400308609,0.16666666666666666
CC1=NC(=NC(=O)N1C2=CC(=C(C=C2)O)O)NNCC3=CC=CC=C3,Cc1nc(NNCc2ccccc2)nc(=O)n1-c1ccc(O)c(O)c1,2.5566202502611493,12,15,-0.13085946440696716,-0.2314533293247223,0.006503172218799591,-0.11772774904966354,-0.35580962151288986,-0.14836405217647552,-0.05967932194471359,-0.17091655731201172,0.2206405693950178
C1CN(CCC1N2C=CN=N2)C(=O)NC3=CC4=C(C=C3)OC(=O)C=C4,O=C(Nc1ccc2oc(=O)ccc2c1)N1CCC(n2ccnn2)CC1,2.5248522899174226,11,15,-0.27044355869293213,0.014460342936217785,-0.09989741444587708,-0.14686322212219238,-0.3558806302025914,-0.1230284720659256,-0.20722582936286926,-0.08836281299591064,0.13609467455621302
C1[C@H](CN2C=CN=C2CN1C(=O)C3=CC=CO3)CN4C(=O)C=CC=N4,O=C(c1ccco1)N1Cc2nccn2C[C@H](Cn2ncccc2=O)C1,3.3100750657893636,13,17,-0.18805864453315735,-0.2035837322473526,0.034505799412727356,-0.12381584197282791,-0.3571365773677826,-0.15686222910881042,-0.09266437590122223,-0.14945073425769806,0.15608465608465608
COC1=C(C=C(C=C1)N(C2=CC=CC(=C2)C(=O)OC)C3=NC=NN3)N,COC(=O)c1cccc(N(c2ccc(OC)c(N)c2)c2ncn[nH]2)c1,2.6002122329263724,12,17,-0.37440913915634155,0.0712401419878006,-0.054812539368867874,-0.21831652522087097,-0.35798153653740883,-0.1585439145565033,-0.30908891558647156,-0.07800036668777466,0.1950354609929078
C[C@@H]1CC2=C([C@@H](N3C(=NC(=N3)C)N2)C4=CC=C(C=C4)[N+](=O)[O-])C(=O)C1,Cc1nc2n(n1)[C@@H](c1ccc([N+](=O)[O-])cc1)C1=C(C[C@@H](C)CC1=O)N2,3.6763622042500206,9,15,-0.17141510546207428,-0.012444096617400646,-0.17449045181274414,-0.10454155504703522,-0.35834965389221907,-0.05968447029590607,-0.1367141753435135,-0.1452828049659729,0.18138424821002386
CC1=CC=C(C=C1)CCN=C2C(=NN(N2O)C3=CC=CC=C3)[N+](=O)[O-],Cc1ccc(CCN=c2c([N+](=O)[O-])nn(-c3ccccc3)n2O)cc1,2.7070713878559474,9,13,-0.03177165985107422,-0.285093754529953,-0.04217188432812691,-0.11561664193868637,-0.35903729870915413,-0.1555306315422058,-0.017688138410449028,-0.18417984247207642,0.09840425531914894
CN1C(=CC(=N1)C2=CN3C=C(N=C3C=C2)NC(=O)C4CC4)C(=O)OC,COC(=O)c1cc(-c2ccc3nc(NC(=O)C4CC4)cn3c2)nn1C,2.610329258154664,10,16,-0.06091128662228584,-0.2977181077003479,-0.0006245337426662445,-0.11191300302743912,-0.3592539280653,-0.17008636891841888,-0.02443927899003029,-0.16256603598594666,0.3160919540229885
CC1=CC(=NO1)CN2CCN(CC2)C3=C(N=C(O3)C4=CC=CO4)C#N,Cc1cc(CN2CCN(c3oc(-c4ccco4)nc3C#N)CC2)no1,2.670009297293607,8,15,-0.06134561449289322,-0.1582159698009491,-0.142333984375,-0.08235497772693634,-0.3618955686688423,-0.11808116734027863,-0.03914261981844902,-0.13353024423122406,0.1386861313868613
CN(C1=CC=CC=C1)C2=NC=NC3=C(C=NN32)C4CC(C(=CO)O4)O,CN(c1ccccc1)c1ncnc2c(C3CC(O)C(=CO)O3)cnn12,4.116921050403867,12,15,-0.04606014862656593,-0.40518951416015625,0.08900205790996552,-0.11969472467899323,-0.36224760487675667,-0.20695707201957703,0.01957745850086212,-0.20575474202632904,0.22285714285714286
[C-]#[N+]C1(CC1)C2=CC=C(C=C2)N3C[C@@H](OC3=O)CN4C(=CN=N4)CO,[C-]#[N+]C1(c2ccc(N3C[C@H](Cn4nncc4CO)OC3=O)cc2)CC1,3.7291209376485472,9,14,0.0024779215455055237,-0.5130429863929749,0.14815767109394073,-0.1678379327058792,-0.3624073937535286,-0.22352634370326996,0.01668541692197323,-0.26830166578292847,0.1280193236714976
C1=CC=C(C=C1)CN2C=C(C=N2)NC(=O)C3=NN(C=C3)CCC(=O)O,O=C(O)CCn1ccc(C(=O)Nc2cnn(Cc3ccccc3)c2)n1,2.175947390022797,12,15,-0.021343039348721504,-0.31515946984291077,-0.02786910906434059,-0.08702568709850311,-0.36437161825597286,-0.15316277742385864,0.004400509409606457,-0.16343598067760468,0.15223880597014924
CC(C1=NN=C2N1C=CC=C2)NC(=O)NCC3=CC4=C(C=C3)OCO4,CC(NC(=O)NCc1ccc2c(c1)OCO2)c1nnc2ccccn12,2.756921219635517,13,17,-0.0146113820374012,-0.3242419958114624,-0.026453308761119843,-0.17090046405792236,-0.36530668660998344,-0.19411957263946533,-0.04631955176591873,-0.2018086016178131,0.24749163879598662
CC1=CC=NC2=NC(=NN12)C(=O)O[C@H](C)C(=O)NCC3=CC=CC=C3,Cc1ccnc2nc(C(=O)O[C@H](C)C(=O)NCc3ccccc3)nn12,2.6963655747016357,10,15,-0.14335007965564728,-0.2137223482131958,-0.009665250778198242,-0.08487085998058319,-0.3667376786470413,-0.14588496088981628,-0.04425473138689995,-0.13353118300437927,0.20743034055727555
CCC1=C(C=C(C=C1)NC(=O)C2=CC3=C(C=C2)N(N=N3)CC)[N+](=O)[O-],CCc1ccc(NC(=O)c2ccc3c(c2)nnn3CC)cc1[N+](=O)[O-],2.2074576098030168,11,17,-0.1503637731075287,-0.058417901396751404,-0.1584228128194809,-0.14977644383907318,-0.367204487323761,-0.12412090599536896,-0.17003858089447021,-0.10865527391433716,0.12238805970149254
COC1=CC=C(C=C1)C(C#CN)(C2CC=C(C=C2)OCN=[N+]=[N-])N=O,COc1ccc(C(C#CN)(N=O)C2C=CC(OCN=[N+]=[N-])=CC2)cc1,4.714202225918494,10,15,-0.14022809267044067,-0.34156882762908936,0.11238482594490051,-0.18563851714134216,-0.3694120943546295,-0.24641907215118408,-0.04902651533484459,-0.20677794516086578,0.16666666666666666
CO[C@@H]1C[C@H](N(C1)C(=O)C2=CC(=NO2)C3=CC=CC=C3)C4=NC=NN4,CO[C@@H]1C[C@@H](c2ncn[nH]2)N(C(=O)c2cc(-c3ccccc3)no2)C1,3.445798895503973,11,15,-0.1856023669242859,-0.15806549787521362,-0.026100993156433105,-0.08370258659124374,-0.3697688579559326,-0.1318877637386322,-0.08982795476913452,-0.1065232902765274,0.16795865633074936
C1=CC(=CC(=C1)N2C=CN=C2)NC(=O)CNC(=O)NCC3=CC=CO3,O=C(CNC(=O)NCc1ccco1)Nc1cccc(-n2ccnc2)c1,2.228639434279909,15,17,-0.2901976704597473,-0.056672342121601105,-0.023453649133443832,-0.12964096665382385,-0.37032366171479225,-0.1909899115562439,-0.13636979460716248,-0.04847376048564911,0.16923076923076924
C1CC1C2=NC(=NO2)C3CCN(CC3)C4=C(C=C(C=C4)[N+](=O)[O-])C#N,N#Cc1cc([N+](=O)[O-])ccc1N1CCC(c2noc(C3CC3)n2)CC1,2.5735203586035116,8,14,-0.299674391746521,-0.0031907055526971817,-0.06766129285097122,-0.17120933532714844,-0.3705263901501894,-0.1891530156135559,-0.24380633234977722,-0.01664787344634533,0.1151685393258427
CC(=NCCC1=CN=CN1)C2=C(N(C(=O)NC2=O)C3=CC=CC=C3)O,CC(=NCCc1cnc[nH]1)c1c(O)n(-c2ccccc2)c(=O)[nH]c1=O,2.8042928396435975,11,15,-0.25729799270629883,-0.15998274087905884,0.0467291958630085,-0.059870973229408264,-0.37055153772234917,-0.1749764382839203,-0.03899473324418068,-0.05717132240533829,0.21700879765395895
CC(C)C(NC=O)NC1=CC=CC(=C1C(=O)OC)C(C#N)(C#N)C#N,COC(=O)c1c(NC(NC=O)C(C)C)cccc1C(C#N)(C#N)C#N,4.0128711842486995,10,14,0.017303530126810074,-0.3168787956237793,-0.07110483944416046,-0.12426358461380005,-0.3706801049411297,-0.13318628072738647,0.006194597110152245,-0.24867796897888184,0.121875
CN1C=C(C=N1)C(=O)NC2=CN(N=C2)CC3=CC=CC=C3C(=O)OC,COC(=O)c1ccccc1Cn1cc(NC(=O)c2cnn(C)c2)cn1,2.24392144202713,12,17,-0.03965064883232117,-0.2658509612083435,-0.06534422934055328,-0.12259180843830109,-0.37084583938121796,-0.13779321312904358,-0.028820347040891647,-0.2117590308189392,0.12923076923076923
CCNC(=O)NC1=NC2=C(N=CC=C2)N=C1C3=CC(=C(C=C3)O)OC,CCNC(=O)Nc1nc2cccnc2nc1-c1ccc(O)c(OC)c1,2.4427346597952777,12,17,-0.09252399951219559,-0.07882162928581238,-0.19961242377758026,-0.09761936962604523,-0.3709580525755882,-0.10241398215293884,-0.09171129763126373,-0.12502285838127136,0.41911764705882354
CC1=CC(=CC=C1)CCN=C2C(=NN(N2O)C3=CC=CC=C3)[N+](=O)[O-],Cc1cccc(CCN=c2c([N+](=O)[O-])nn(-c3ccccc3)n2O)c1,2.7587545947898615,11,15,-0.08465501666069031,-0.24321326613426208,-0.04496225714683533,-0.13506534695625305,-0.3728305399417877,-0.1537020057439804,-0.06006615608930588,-0.18760915100574493,0.09788359788359788
C1COCCC1NC2=NN3C(=NC=C3C4=CC=C(C=C4)[N+](=O)[O-])C=C2,O=[N+]([O-])c1ccc(-c2cnc3ccc(NC4CCOCC4)nn23)cc1,2.500046810465367,9,13,-0.14249347150325775,-0.15195401012897491,-0.07870126515626907,-0.1812790334224701,-0.37314874678850174,-0.16330912709236145,-0.12523779273033142,-0.17854955792427063,0.29523809523809524
COC(=O)C1=CC2=NC=C(N2C=C1)NC(=O)CCC3(N=N3)CCC#C,C#CCCC1(CCC(=O)Nc2cnc3cc(C(=O)OC)ccn23)N=N1,3.345743983429392,11,17,-0.15030324459075928,-0.1700741946697235,-0.0538419708609581,-0.18798770010471344,-0.3742194101214409,-0.17750635743141174,-0.1322244107723236,-0.17052552103996277,0.26143790849673204
C[C@@H]1CC2=C([C@H](N3C(=NC(=N3)C)N2)C4=CC=C(C=C4)[N+](=O)[O-])C(=O)C1,Cc1nc2n(n1)[C@H](c1ccc([N+](=O)[O-])cc1)C1=C(C[C@@H](C)CC1=O)N2,3.6763622042500206,9,15,-0.17334578931331635,-0.02842349372804165,-0.17356115579605103,-0.11088932305574417,-0.375330438837409,-0.06814797967672348,-0.13796740770339966,-0.15415512025356293,0.18138424821002386
CC1=CC(=NC=C1CN2C=C(N=N2)C3=C(C=CC=N3)OC)C(=O)OC,COC(=O)c1cc(C)c(Cn2cc(-c3ncccc3OC)nn2)cn1,2.6242694376934352,10,17,-0.2327299267053604,-0.09928633272647858,-0.04411502182483673,-0.17066490650177002,-0.3761312812566757,-0.16417255997657776,-0.16803817451000214,-0.12729544937610626,0.23579545454545456
CN(CCO)C(=O)/C(=C/C1=CC=CO1)/N2C(=NN=N2)C3=CC=CC=C3,CN(CCO)C(=O)/C(=C/c1ccco1)n1nnnc1-c1ccccc1,2.7413031592535653,11,15,-0.15470916032791138,-0.1569005846977234,-0.06536459922790527,-0.09033787250518799,-0.37697434425354004,-0.1410357505083084,-0.05099300667643547,-0.13837158679962158,0.18699186991869918
C1[C@@H]2[C@@H](CN1)NC(=O)C(C2=O)C(=O)NC3=CC=C(C=C3)N4C=CN=C4,O=C(Nc1ccc(-n2ccnc2)cc1)C1C(=O)N[C@@H]2CNC[C@H]2C1=O,3.761038147246129,13,15,-0.2371310293674469,0.09664873778820038,-0.23658248782157898,-0.08511587232351303,-0.3770647794008255,-0.049098700284957886,-0.2071278989315033,-0.05372026562690735,0.18518518518518517
C1=CC=C(C=C1)COC(=O)N[C@@H](CC2=CN=CN2)C(=O)N3C=CN=C3,O=C(N[C@@H](Cc1cnc[nH]1)C(=O)n1ccnc1)OCc1ccccc1,2.8898101553573294,13,15,-0.2756900191307068,0.0732356458902359,-0.17473161220550537,-0.09250467270612717,-0.37718598544597626,-0.07763159275054932,-0.22311580181121826,-0.01292115543037653,0.15249266862170088
C1C(CC1N2C(=CN=N2)CO)C3=C(ON=C3C4=CC=CC=C4)C(=O)N,NC(=O)c1onc(-c2ccccc2)c1C1CC(n2nncc2CO)C1,3.0781736630455487,10,14,-0.23481833934783936,0.02834366448223591,-0.17097468674182892,-0.07826478779315948,-0.37744936160743237,-0.06855501979589462,-0.17593222856521606,-0.06245578080415726,0.14832535885167464
CC1=C(C=C(C=C1)NC2=NC=NC(=C2[N+](=O)[O-])NCC3=CC=CO3)C,Cc1ccc(Nc2ncnc(NCc3ccco3)c2[N+](=O)[O-])cc1C,2.3205920812470655,12,17,-0.10653597116470337,-0.3100954294204712,0.03892699256539345,-0.14367054402828217,-0.3777044080197811,-0.18846896290779114,-0.0440124049782753,-0.18505042791366577,0.18553459119496854
CC1=C(C=C(C=C1)NC(=O)NCC2=CN3C(=CC=CC3=N2)C)[N+](=O)[O-],Cc1ccc(NC(=O)NCc2cn3c(C)cccc3n2)cc1[N+](=O)[O-],2.325640466945874,12,17,-0.05765184760093689,-0.3711027204990387,0.050933029502630234,-0.15267720818519592,-0.37782153859734535,-0.22490620613098145,0.007183799520134926,-0.21478456258773804,0.18064516129032257
CO[C@@H]1CC(N(C1)C(=O)C2=CC(=NO2)C3=CC=CC=N3)C4=NC=CN4,CO[C@@H]1CC(c2ncc[nH]2)N(C(=O)c2cc(-c3ccccn3)no2)C1,3.5691245014049215,13,17,-0.2361055463552475,-0.08618496358394623,-0.05558815598487854,-0.11317181587219238,-0.37787866592407227,-0.14640560746192932,-0.14985477924346924,-0.0715283453464508,0.185378590078329
CC(C(=O)NC1=CC(=NC=N1)N2C=CN=C2)OC3=CC=C(C=C3)OC,COc1ccc(OC(C)C(=O)Nc2cc(-n3ccnc3)ncn2)cc1,2.695300460942155,11,15,-0.11733867973089218,-0.2702813148498535,0.008952460251748562,-0.09846047312021255,-0.37866753432899714,-0.21064132452011108,-0.009844528511166573,-0.11317199468612671,0.3298245614035088
CCC(=O)NC1=CN=C(C=C1)N2C=C(N=C2)C(=O)NCC3=CC=CO3,CCC(=O)Nc1ccc(-n2cnc(C(=O)NCc3ccco3)c2)nc1,2.413805082330489,13,17,-0.19693207740783691,-0.017722798511385918,-0.16666319966316223,-0.09877362847328186,-0.38131807558238506,-0.13743311166763306,-0.1022898256778717,-0.07224047183990479,0.1721311475409836
C1=CC=NC(=C1)OC2=CC=CC(=C2)CNC(CN3C=NC=N3)C(=O)O,O=C(O)C(Cn1cncn1)NCc1cccc(Oc2ccccn2)c1,2.8244733798041164,15,17,-0.26377084851264954,-0.13709412515163422,0.017600269988179207,-0.10650782287120819,-0.38326470367610455,-0.14446976780891418,-0.1591135859489441,-0.07528030872344971,0.2006172839506173
CC(C1=CC=C(C=C1)[N+](=O)[O-])C(=O)NCCC2=NN=C3N2C=CC=C3,CC(C(=O)NCCc1nnc2ccccn12)c1ccc([N+](=O)[O-])cc1,2.74703859745353,11,15,0.02656645141541958,-0.30193576216697693,-0.10798206180334091,-0.1379343867301941,-0.38335137255489826,-0.14986056089401245,-0.04214436188340187,-0.20044615864753723,0.1892744479495268
C[C@H]1CC2=C([C@@H](N3C(=NC(=N3)C)N2)C4=CC=C(C=C4)[N+](=O)[O-])C(=O)C1,Cc1nc2n(n1)[C@@H](c1ccc([N+](=O)[O-])cc1)C1=C(C[C@H](C)CC1=O)N2,3.6763622042500206,9,15,-0.17205515503883362,-0.0338367223739624,-0.1775510013103485,-0.11341626942157745,-0.38344287872314453,-0.07009264826774597,-0.13739868998527527,-0.1606944501399994,0.18138424821002386
CCN(CC1=CC2=C(C=C1)OCO2)C(=O)C3=NN4C(=CC=NC4=N3)C,CCN(Cc1ccc2c(c1)OCO2)C(=O)c1nc2nccc(C)n2n1,2.532833928484335,10,17,-0.23512062430381775,-0.12726344168186188,-0.022320948541164398,-0.19432784616947174,-0.384705014526844,-0.2165936529636383,-0.19237327575683594,-0.07971058785915375,0.24584717607973422
CCC1=C(C(=NN1)C(=O)NC2(CCC3=CC=CC=C3C2)C#N)[N+](=O)[O-],CCc1[nH]nc(C(=O)NC2(C#N)CCc3ccccc3C2)c1[N+](=O)[O-],3.473320460942155,11,17,-0.08679844439029694,-0.11335764825344086,-0.18601296842098236,-0.11026030778884888,-0.38616906106472015,-0.08379411697387695,-0.1627536565065384,-0.09406186640262604,0.1329639889196676
C1=CC(=CC=C1N=NC2=CC=C(C=C2)[N+](=O)[O-])N(CCC#N)CCO,N#CCCN(CCO)c1ccc(N=Nc2ccc([N+](=O)[O-])cc2)cc1,2.59085925351142,9,13,0.003662967123091221,-0.3382231295108795,-0.051901016384363174,-0.08805504441261292,-0.38646117877215147,-0.14313676953315735,0.020567577332258224,-0.2148337960243225,0.13257575757575757
CO[C@@H]1CN(C[C@H]1C2=NNN=C2)C(=O)C3=COC(=N3)C4=CC=CC=C4,CO[C@@H]1CN(C(=O)c2coc(-c3ccccc3)n2)C[C@H]1c1cn[nH]n1,3.5927350388127186,11,15,-0.2754014730453491,-0.1822487860918045,0.07041656970977783,-0.13893631100654602,-0.3872336894273758,-0.174502894282341,-0.16533249616622925,-0.12098027765750885,0.17091836734693877
C1COC(CN1C2=C3C(=C(C=C2)[N+](=O)[O-])C=CC=N3)CN4C=CC=N4,O=[N+]([O-])c1ccc(N2CCOC(Cn3cccn3)C2)c2ncccc12,3.048066003618657,13,17,-0.061159439384937286,-0.3414965271949768,0.01517665758728981,-0.19295990467071533,-0.3874793089926243,-0.19654816389083862,-0.02399107813835144,-0.2965337932109833,0.1572700296735905
C1COCCN1C2=C(C=CC=N2)CNC3=C(C=C(C=C3)[N+](=O)[O-])C#N,N#Cc1cc([N+](=O)[O-])ccc1NCc1cccnc1N1CCOCC1,2.366357005407412,10,15,-0.28061574697494507,-0.23495644330978394,0.1280532032251358,-0.2534545660018921,-0.3875189870595932,-0.2983874976634979,-0.17095789313316345,-0.15227706730365753,0.16293929712460065
COC1=C(C=C2CN(CCC2=C1)C(=O)C3=NN4C=CC=NC4=N3)OC,COc1cc2c(cc1OC)CN(C(=O)c1nc3ncccn3n1)CC2,2.503783928484335,10,17,-0.21166767179965973,-0.0452408641576767,-0.1315244734287262,-0.15217211842536926,-0.3884330093860626,-0.13061073422431946,-0.21481062471866608,-0.07873523235321045,0.24013157894736842
CC1=CC=C(O1)CNC(=O)C2=C(NC=N2)C(=O)NCC3=CC=CC=N3,Cc1ccc(CNC(=O)c2nc[nH]c2C(=O)NCc2ccccn2)o1,2.431207005407412,13,17,-0.3187851011753082,-0.011187717318534851,-0.06182040274143219,-0.11906902492046356,-0.39179322123527527,-0.1627839207649231,-0.17604373395442963,-0.030531976372003555,0.14285714285714285
C1CN2CCC1[C@@H](C2)N3C4=C(C=CC(=C4)C#N)C(=N3)C(=O)OC(=O)N,N#Cc1ccc2c(C(=O)OC(N)=O)nn([C@@H]3CN4CCC3CC4)c2c1,4.171833357509575,9,15,-0.30120551586151123,-0.005938359536230564,-0.08655907958745956,-0.12821727991104126,-0.39370295498520136,-0.13392490148544312,-0.21785369515419006,-0.04541406407952309,0.12568306010928962
CC(C)C(=O)NC1=CC=C(C=C1)NC2=C(N3C=CC=CC3=N2)[N+](=O)[O-],CC(C)C(=O)Nc1ccc(Nc2nc3ccccn3c2[N+](=O)[O-])cc1,2.3111554120008186,10,14,0.004876520484685898,-0.3772023916244507,-0.02167888730764389,-0.13262544572353363,-0.3940047584474087,-0.1690385937690735,-0.0074827056378126144,-0.23526093363761902,0.2408026755852843
C1CO[C@H](CN1C2=C3C=CN=CC3=C(C=C2)[N+](=O)[O-])CN4C=CC=N4,O=[N+]([O-])c1ccc(N2CCO[C@@H](Cn3cccn3)C2)c2ccncc12,3.0878499867588047,13,17,-0.0455031655728817,-0.35007739067077637,0.0010534841567277908,-0.16187022626399994,-0.3945270720869303,-0.16739274561405182,-0.0053956517949700356,-0.3058495819568634,0.15384615384615385
CN1C(=NC(=NC1=O)NNCC2=CC=CC=C2)C3=CC(=C(C=C3)O)O,Cn1c(-c2ccc(O)c(O)c2)nc(NNCc2ccccc2)nc1=O,2.5120999902394807,12,15,-0.22847890853881836,-0.16425159573554993,-0.002023346722126007,-0.12708580493927002,-0.3947538509964943,-0.1667681634426117,-0.1376313865184784,-0.10943164676427841,0.36363636363636365
C1CC1C2=C(OC=N2)C(=O)N[C@@H](CC3=CC=CC=C3)C4=NNC(=O)N4,O=C(N[C@@H](Cc1ccccc1)c1n[nH]c(=O)[nH]1)c1ocnc1C1CC1,3.425913922480616,11,14,0.006645871326327324,-0.21159231662750244,-0.19029942154884338,-0.05656623840332031,-0.3952458668500185,-0.06403107941150665,-0.043999284505844116,-0.16346228122711182,0.14210526315789473
C1COCCN1C2=CC3=C(C=C2)N=C(N3)C4=CC(=C(C=C4)N)[N+](=O)[O-],Nc1ccc(-c2nc3ccc(N4CCOCC4)cc3[nH]2)cc1[N+](=O)[O-],2.369178159253565,10,15,-0.35090500116348267,-0.22300435602664948,0.1765226125717163,-0.21032708883285522,-0.39738674461841583,-0.28725069761276245,-0.1436060667037964,-0.1078702062368393,0.28413284132841327
CCC(=O)/C(=N/NC1=CC=C(C=C1)[N+](=O)[O-])/C=N/NC2=CC=CC=C2,CCC(=O)C(/C=N/Nc1ccccc1)=N/Nc1ccc([N+](=O)[O-])cc1,2.6310306511278885,10,13,-0.1539871096611023,-0.3027675747871399,0.059118498116731644,-0.14273254573345184,-0.39763618633151054,-0.18070748448371887,-0.0865616425871849,-0.18575134873390198,0.09191176470588236
C1CO[C@@H](CN1C2=C3C=CN=CC3=C(C=C2)[N+](=O)[O-])CN4C=CC=N4,O=[N+]([O-])c1ccc(N2CCO[C@H](Cn3cccn3)C2)c2ccncc12,3.0878499867588047,13,17,-0.05239938944578171,-0.3482290804386139,0.002920825034379959,-0.1629314124584198,-0.39770764485001564,-0.1697126030921936,-0.009305117651820183,-0.3030863404273987,0.15384615384615385
C1CC1C2=C(OC=N2)C(=O)N[C@H](CC3=CC=CC=C3)C4=NNC(=O)N4,O=C(N[C@H](Cc1ccccc1)c1n[nH]c(=O)[nH]1)c1ocnc1C1CC1,3.425913922480616,11,14,0.005397681146860123,-0.21078617870807648,-0.192352294921875,-0.05826696380972862,-0.39774079248309135,-0.06501972675323486,-0.04560023546218872,-0.16459834575653076,0.14210526315789473
COC1=CC(=CC(=C1)N(C2=CC=CC(=C2)C(=O)OC)C3=NC=NN3)N,COC(=O)c1cccc(N(c2cc(N)cc(OC)c2)c2ncn[nH]2)c1,2.6613166749632082,12,17,-0.24304653704166412,-0.0037650763988494873,-0.15110373497009277,-0.17288219928741455,-0.3979153484106064,-0.11958412826061249,-0.23144671320915222,-0.12517759203910828,0.19927536231884058
CCNC(=O)NC1=NC2=NC(=CN=C2C=C1)C3=CC(=C(C=C3)OC)O,CCNC(=O)Nc1ccc2ncc(-c3ccc(OC)c(O)c3)nc2n1,2.39425752003363,12,17,-0.046679165214300156,-0.1589662730693817,-0.19333507120609283,-0.09352424740791321,-0.3989805094897747,-0.10608021914958954,-0.0714925229549408,-0.14726105332374573,0.43018867924528303
CC1=C2C=C(C=NC2=NN1)NC(=O)C3CC(=O)N(C3)CC4=CC=CO4,Cc1[nH]nc2ncc(NC(=O)C3CC(=O)N(Cc4ccco4)C3)cc12,3.025173537865232,12,17,-0.12311049550771713,-0.21122989058494568,-0.06501410156488419,-0.13600699603557587,-0.399354487657547,-0.17240563035011292,-0.09026838839054108,-0.14318907260894775,0.20943952802359883
CN1CCN2C3=C(C(=C2C1=O)O)C(=O)N(N=C3N)CC4=CC=CC=C4,CN1CCn2c(c(O)c3c(=O)n(Cc4ccccc4)nc(N)c32)C1=O,2.722216071341478,9,15,-0.11921973526477814,-0.27478712797164917,-0.005453375168144703,-0.06420852243900299,-0.399460238404572,-0.14269939064979553,-0.036759547889232635,-0.12861758470535278,0.19402985074626866
CCNC(=O)NC1=NC2=C(C=CN=C2N=C1)C3=CC(=C(C=C3)O)OC,CCNC(=O)Nc1cnc2nccc(-c3ccc(O)c(OC)c3)c2n1,2.518026534118137,12,17,0.03344458341598511,-0.21623092889785767,-0.21745023131370544,-0.10208319872617722,-0.400236576795578,-0.09962743520736694,-0.025819197297096252,-0.21251997351646423,0.38697318007662834
C1C(CN(C1=O)CC2=CC=CO2)C(=O)NCC3=NN=C4N3C=CC=C4,O=C(NCc1nnc2ccccn12)C1CC(=O)N(Cc2ccco2)C1,2.8694771732709228,13,17,-0.10283387452363968,-0.12532836198806763,-0.17209205031394958,-0.1437661349773407,-0.4002542868256569,-0.13929319381713867,-0.10174192488193512,-0.1624082773923874,0.17484662576687116
C[C@H]1CC2=C([C@H](N3C(=NC(=N3)C)N2)C4=CC=C(C=C4)[N+](=O)[O-])C(=O)C1,Cc1nc2n(n1)[C@H](c1ccc([N+](=O)[O-])cc1)C1=C(C[C@H](C)CC1=O)N2,3.6763622042500206,9,15,-0.17332983016967773,-0.050408780574798584,-0.17658403515815735,-0.11961096525192261,-0.40032264590263367,-0.07853811979293823,-0.1381516009569168,-0.1697814166545868,0.18138424821002386
CO[C@@H]1CN(C[C@H]1C2=NNN=C2)C(=O)C3=C(N=CO3)C4=CC=CC=C4,CO[C@@H]1CN(C(=O)c2ocnc2-c2ccccc2)C[C@H]1c1cn[nH]n1,3.7834667564101894,11,15,-0.23383235931396484,-0.26327335834503174,0.09663587808609009,-0.11792723089456558,-0.4004698395729065,-0.16780035197734833,-0.10650940984487534,-0.16570879518985748,0.1687344913151365
C1CN2CCC1[C@H](C2)N3C4=C(C=C(C=C4)C#N)C(=N3)C(=O)OC(=O)N,N#Cc1ccc2c(c1)c(C(=O)OC(N)=O)nn2[C@H]1CN2CCC1CC2,4.184770735624417,9,15,-0.3167728781700134,-0.04073118790984154,-0.04305775836110115,-0.15575385093688965,-0.4005618244409561,-0.17111453413963318,-0.22552430629730225,-0.04822356998920441,0.12568306010928962
CC1=CC(=C(C=C1)NC2=NC=NC(=C2[N+](=O)[O-])NCC3=CC=CO3)C,Cc1ccc(Nc2ncnc(NCc3ccco3)c2[N+](=O)[O-])c(C)c1,2.3288705211170555,12,17,-0.1423760950565338,-0.28331881761550903,0.025031547993421555,-0.15907765924930573,-0.4006633646786213,-0.19292543828487396,-0.07672924548387527,-0.18562623858451843,0.17956656346749225
[C-]#[N+]C1(CC1)C2=CC=C(C=C2)N3CC(OC3=O)CN4C=C(N=N4)CO,[C-]#[N+]C1(c2ccc(N3CC(Cn4cc(CO)nn4)OC3=O)cc2)CC1,3.526565358016912,9,14,-0.030833013355731964,-0.5277719497680664,0.15725821256637573,-0.15183228254318237,-0.40134675055742264,-0.21556523442268372,0.02764718607068062,-0.2833104431629181,0.12469437652811736
COC1=C(C=C(C=C1)N)OC2=NN3C=C(N=C3C=C2)NC(=O)C4CC4,COc1ccc(N)cc1Oc1ccc2nc(NC(=O)C3CC3)cn2n1,2.502046902482167,11,16,-0.07053477317094803,-0.2355133444070816,-0.09577282518148422,-0.140966534614563,-0.40182094275951385,-0.17227280139923096,-0.06420332938432693,-0.17139959335327148,0.3277591973244147
COC1=C(C=C(C=C1)[C@H]2CC3=NC4=NC(=NN4C=C3C(=O)C2)N)OC,COc1ccc([C@@H]2CC(=O)c3cn4nc(N)nc4nc3C2)cc1OC,3.0987621077460554,10,17,-0.19882836937904358,0.010500958189368248,-0.21430057287216187,-0.15356771647930145,-0.4026279840618372,-0.10726401209831238,-0.1999456137418747,-0.10990626364946365,0.24126984126984127
C1CC1(C#N)C2=CC=C(C=C2)N3CC(OC3=O)CN4C(=CN=N4)CO,N#CC1(c2ccc(N3CC(Cn4nncc4CO)OC3=O)cc2)CC1,3.4893328553083522,9,14,-0.015679296106100082,-0.5755735635757446,0.1883382499217987,-0.17442205548286438,-0.402914609760046,-0.2502489984035492,0.03594264015555382,-0.2995174527168274,0.1354679802955665
CC1=CC=C(C=C1)CNC2=C(C(=NC=N2)NCC3=CC=CO3)[N+](=O)[O-],Cc1ccc(CNc2ncnc(NCc3ccco3)c2[N+](=O)[O-])cc1,2.2659608515612586,11,15,-0.08968757092952728,-0.1961926817893982,-0.11719578504562378,-0.13099825382232666,-0.40307603776454926,-0.13997842371463776,-0.0891040563583374,-0.1681022197008133,0.1864406779661017
COC1=CC(=CC(=C1)N=C2NNC(O2)C3=CNC4=C3C=CC=N4)OC,COc1cc(N=C2NNC(c3c[nH]c4ncccc34)O2)cc(OC)c1,3.7078371311212894,11,14,-0.1110459417104721,-0.2384725958108902,-0.05455537140369415,-0.17055784165859222,-0.40407390892505646,-0.20973406732082367,-0.07575685530900955,-0.1707502007484436,0.22258064516129034
C1C[C@H](OC1)CN2C=C(C=N2)NC3=C4C(=C(C=C3)[N+](=O)[O-])C=CC=N4,O=[N+]([O-])c1ccc(Nc2cnn(C[C@@H]3CCCO3)c2)c2ncccc12,2.9727998286976884,13,17,-0.29165980219841003,-0.1332443505525589,0.020587965846061707,-0.22633232176303864,-0.4043161869049072,-0.23778271675109863,-0.207258403301239,-0.12383302301168442,0.14814814814814814
C1C[C@@H](OC1)CN2C=C(C=N2)NC3=C4C(=C(C=C3)[N+](=O)[O-])C=CC=N4,O=[N+]([O-])c1ccc(Nc2cnn(C[C@H]3CCCO3)c2)c2ncccc12,2.9727998286976884,13,17,-0.28636178374290466,-0.13940222561359406,0.020574890077114105,-0.22632426023483276,-0.4051891192793846,-0.23710007965564728,-0.2035139501094818,-0.12896989285945892,0.14814814814814814
CCNC(=O)NC1=CN=C2C=CC(=NC2=N1)C3=CC(=C(C=C3)OC)O,CCNC(=O)Nc1cnc2ccc(-c3ccc(OC)c(O)c3)nc2n1,2.4143305427855264,12,17,0.04467989504337311,-0.22111789882183075,-0.2294396162033081,-0.09925813972949982,-0.40587761998176575,-0.0972566157579422,-0.030127501115202904,-0.2075982540845871,0.4423076923076923
CC(C)C1=CC=C(C=C1)N=C2C(=NN(N2O)C3=CC=CC=C3)[N+](=O)[O-],CC(C)c1ccc(N=c2c([N+](=O)[O-])nn(-c3ccccc3)n2O)cc1,2.711376510901916,8,12,-0.13866275548934937,-0.19664034247398376,-0.0709085613489151,-0.14950712025165558,-0.40621165931224823,-0.1645146608352661,-0.13526657223701477,-0.1341802030801773,0.08717948717948718
C1CN2CCC1[C@@H](C2)N3C4=C(C=C(C=C4)C#N)C(=N3)C(=O)OC(=O)N,N#Cc1ccc2c(c1)c(C(=O)OC(N)=O)nn2[C@@H]1CN2CCC1CC2,4.184770735624417,9,15,-0.3152475357055664,-0.045936182141304016,-0.04518039524555206,-0.15458492934703827,-0.4063641130924225,-0.17154283821582794,-0.2245972454547882,-0.047981131821870804,0.12568306010928962
C1COC(CN1C(=O)NC2=CC=C(C=C2)N3C=CN=N3)C4=CC=CO4,O=C(Nc1ccc(-n2ccnn2)cc1)N1CCOC(c2ccco2)C1,3.0372624152041094,12,15,-0.08371967077255249,-0.2010863721370697,-0.12192613631486893,-0.17368514835834503,-0.4067321792244911,-0.16987237334251404,-0.05888977646827698,-0.23919421434402466,0.1196808510638298
CC1=CC=C(C=C1)N2C(=C(C(=O)NC2=O)C=NCCN3C=CN=C3)O,Cc1ccc(-n2c(O)c(C=NCCn3ccnc3)c(=O)[nH]c2=O)cc1,2.816754378105136,11,15,-0.28231215476989746,-0.1747077852487564,0.0500713512301445,-0.09879288077354431,-0.40694858878850937,-0.17833784222602844,-0.09898242354393005,-0.08515067398548126,0.21621621621621623
C1COC(CN1C2=C3C=CN=CC3=C(C=C2)[N+](=O)[O-])CN4C=CC=N4,O=[N+]([O-])c1ccc(N2CCOC(Cn3cccn3)C2)c2ccncc12,3.0878499867588047,13,17,-0.03720106929540634,-0.3702605366706848,-0.003988603129982948,-0.1742451786994934,-0.4114502090960741,-0.17752856016159058,-0.0062789469957351685,-0.32111358642578125,0.15384615384615385
CN1C=CC(=N1)[C@@H]2C[C@H]2C(=O)NC3=CC4=C(C=C3)C=NN4CC(=O)O,Cn1ccc([C@@H]2C[C@H]2C(=O)Nc2ccc3cnn(CC(=O)O)c3c2)n1,3.3977645227765656,13,17,-0.11271008849143982,-0.2501436769962311,-0.04899758845567703,-0.14055109024047852,-0.41185135394334793,-0.2067786604166031,-0.03454092517495155,-0.173663929104805,0.17008797653958943
CN1C=C(C=N1)N2C=CC(=O)C(=N2)CCC3=CC=C(C=C3)OC(=O)N,Cn1cc(-n2ccc(=O)c(CCc3ccc(OC(N)=O)cc3)n2)cn1,2.6566265341181374,10,15,-0.16786208748817444,-0.16461041569709778,-0.08036366105079651,-0.14772364497184753,-0.4128361642360687,-0.16931700706481934,-0.14023235440254211,-0.11989925801753998,0.20186335403726707
CC1(CC2=C(C(N3C(=NN=N3)N2)C4=CC5=C(C=C4)OCO5)C(=O)C1)C,CC1(C)CC(=O)C2=C(C1)Nc1nnnn1C2c1ccc2c(c1)OCO2,3.4497946917113858,9,16,-0.3091488182544708,0.006088988855481148,-0.11021050810813904,-0.1930653303861618,-0.4132703375071287,-0.18736743927001953,-0.2652464807033539,-0.03745220974087715,0.21079691516709512
C1CC1N2C(=NN(C2=O)CC(=O)NCC3=CC=CO3)C4=CN=CC=C4,O=C(Cn1nc(-c2cccnc2)n(C2CC2)c1=O)NCc1ccco1,2.4317127746381804,12,16,-0.3331277370452881,0.06452520191669464,-0.1455007642507553,-0.13827621936798096,-0.41410329937934875,-0.19389313459396362,-0.20697146654129028,-0.006965281441807747,0.24585635359116023
C1CN(CC2=C1C(=O)N(N2)C3=CC=CC=N3)C(=O)NCC4=CC=CO4,O=C(NCc1ccco1)N1CCc2c([nH]n(-c3ccccn3)c2=O)C1,2.7001445976097305,13,17,-0.162688210606575,-0.11996521055698395,-0.1330018788576126,-0.16680225729942322,-0.41565530002117157,-0.15980258584022522,-0.16861756145954132,-0.12748555839061737,0.14251207729468598
CC1=C(OC=C1)CN2C(=NN=N2)N3CCC4(C3)OC5=CC=CC=C5O4,Cc1ccoc1Cn1nnnc1N1CCC2(C1)Oc1ccccc1O2,3.5657570097987037,9,14,-0.07793722301721573,-0.3490481376647949,0.010627035051584244,-0.19825029373168945,-0.4163583256304264,-0.216950923204422,-0.04308372735977173,-0.2700015604496002,0.22346368715083798
COC1=C(C=C(C=C1)[C@@H]2CC3=NC4=NC(=NN4C=C3C(=O)C2)N)OC,COc1ccc([C@H]2CC(=O)c3cn4nc(N)nc4nc3C2)cc1OC,3.0987621077460554,10,17,-0.20304623246192932,-0.0022306181490421295,-0.21334946155548096,-0.15923693776130676,-0.4186263121664524,-0.11460161954164505,-0.20134855806827545,-0.11929886788129807,0.24126984126984127
CN(CC1=CN(N=C1)C2=CC=CC=C2)CN3C=C(C=CC3=O)[N+](=O)[O-],CN(Cc1cnn(-c2ccccc2)c1)Cn1cc([N+](=O)[O-])ccc1=O,2.440445169004379,11,15,-0.16750726103782654,-0.2295074462890625,-0.021870888769626617,-0.09835085272789001,-0.41888559609651566,-0.16627748310565948,-0.040527790784835815,-0.16321706771850586,0.1536231884057971
CC1(CC2=C([C@@H](N3C(=NN=N3)N2)C4=CC5=C(C=C4)OCO5)C(=O)C1)C,CC1(C)CC(=O)C2=C(C1)Nc1nnnn1[C@H]2c1ccc2c(c1)OCO2,3.4497946917113858,9,16,-0.3023797273635864,0.0026079630479216576,-0.11919654160737991,-0.1947261244058609,-0.4189683059230447,-0.18295304477214813,-0.2660057544708252,-0.045936960726976395,0.21079691516709512
C1C(NNC1C(=O)N/N=C/C2=CC=C(C=C2)[N+](=O)[O-])C3=CC=CC=C3,O=C(N/N=C/c1ccc([N+](=O)[O-])cc1)C1CC(c2ccccc2)NN1,3.207111435019252,12,13,-0.16484302282333374,-0.1951809823513031,-0.05988208204507828,-0.1716340333223343,-0.4199060872197151,-0.1983363777399063,-0.13438764214515686,-0.14390933513641357,0.11912225705329153
CC1(CC2=C([C@H](N3C(=NN=N3)N2)C4=CC5=C(C=C4)OCO5)C(=O)C1)C,CC1(C)CC(=O)C2=C(C1)Nc1nnnn1[C@@H]2c1ccc2c(c1)OCO2,3.4497946917113858,9,16,-0.3034261167049408,0.001404857262969017,-0.1203046590089798,-0.1953742355108261,-0.4223259184509516,-0.18397122621536255,-0.2669880986213684,-0.046389419585466385,0.21079691516709512
COC(=O)C1=CC=C(C=C1)NC(=O)NCCC2=NN=C3N2C=CC=C3,COC(=O)c1ccc(NC(=O)NCCc2nnc3ccccn23)cc1,2.078047390022798,11,15,0.022777684032917023,-0.07243254780769348,-0.3727230727672577,-0.12121272087097168,-0.42237793654203415,-0.018746204674243927,-0.12879864871501923,-0.20837503671646118,0.19003115264797507
CC(CNC1=C(C=CC(=C1)N)[N+](=O)[O-])C2=NC(=NO2)C3=CC=CC=C3,CC(CNc1cc(N)ccc1[N+](=O)[O-])c1nc(-c2ccccc2)no1,2.815226029739554,11,15,-0.16022294759750366,-0.1448703408241272,-0.11835430562496185,-0.14260438084602356,-0.4234475940465927,-0.18801657855510712,-0.09542988985776901,-0.13235583901405334,0.2057877813504823
CC1=CC2=NC(=CN2C=C1)C(=O)NCCNC3=CC=C(C=C3)[N+](=O)[O-],Cc1ccn2cc(C(=O)NCCNc3ccc([N+](=O)[O-])cc3)nc2c1,2.342131626209145,11,15,-0.0882645770907402,-0.2119409292936325,-0.12334546446800232,-0.1536586433649063,-0.42355097085237503,-0.18206211924552917,-0.06704707443714142,-0.1874496340751648,0.18892508143322476
CCNC(=O)NC1=CN=C2C=CC(=NC2=N1)C3=CC(=C(C=C3)O)OC,CCNC(=O)Nc1cnc2ccc(-c3ccc(O)c(OC)c3)nc2n1,2.3993610953315727,12,17,0.012804556638002396,-0.1912313848733902,-0.24698296189308167,-0.1042005717754364,-0.42540979012846947,-0.10578782856464386,-0.047012895345687866,-0.19466345012187958,0.4423076923076923
CC(C)COC1=C(C=C(C=C1)C2=NC(=NN2)C3=CN=CC=C3)[N+](=O)[O-],CC(C)COc1ccc(-c2nc(-c3cccnc3)n[nH]2)cc1[N+](=O)[O-],2.408575613208061,11,16,-0.19467002153396606,-0.2702665328979492,0.03754741698503494,-0.20129071176052094,-0.42738913744688034,-0.24485677480697632,-0.14783842861652374,-0.13566631078720093,0.366412213740458
CC(CC(=O)C1=CC=CO1)NC(=O)CC2=CC=C(C=C2)N3C=NN=N3,CC(CC(=O)c1ccco1)NC(=O)Cc1ccc(-n2cnnn2)cc1,2.872510076326771,11,15,-0.09845809638500214,-0.13792449235916138,-0.19191929697990417,-0.1204460859298706,-0.4283018857240677,-0.11708688735961914,-0.08730200678110123,-0.18461787700653076,0.1168091168091168
CC(C)COC1=C(C=C(C=C1)C2=NNC(=N2)C3=CC=NC=C3)[N+](=O)[O-],CC(C)COc1ccc(-c2n[nH]c(-c3ccncc3)n2)cc1[N+](=O)[O-],2.4152451690043772,9,14,-0.2227984219789505,-0.25533175468444824,0.04972386732697487,-0.18911534547805786,-0.4284063093364239,-0.2366335391998291,-0.14919207990169525,-0.12990283966064453,0.37890625
C1CC1(C#N)C2=CC=C(C=C2)N3C[C@H](OC3=O)CC4=NNN=C4CO,N#CC1(c2ccc(N3C[C@@H](Cc4n[nH]nc4CO)OC3=O)cc2)CC1,3.5854817177135514,9,14,-0.10839778929948807,-0.3329852223396301,0.01242402195930481,-0.16050206124782562,-0.4289589896798134,-0.16199105978012085,-0.12613996863365173,-0.189763143658638,0.13802083333333334
CN1CC(C1)NC(=O)OC2=CC(=NC3=C2C=NN3)C4=CC=C(C=C4)O,CN1CC(NC(=O)Oc2cc(-c3ccc(O)cc3)nc3[nH]ncc23)C1,2.704904757303403,10,14,-0.1162634938955307,-0.14508982002735138,-0.1683444380760193,-0.11901424080133438,-0.42969775199890137,-0.12729699909687042,-0.08913129568099976,-0.17282506823539734,0.3763837638376384
C1=CC=C(C=C1)CCNC2=C(C(=NC=N2)NCC3=CC=CO3)[N+](=O)[O-],O=[N+]([O-])c1c(NCCc2ccccc2)ncnc1NCc1ccco1,2.2457062414453457,12,15,0.05836326256394386,-0.25275057554244995,-0.23598134517669678,-0.09021864831447601,-0.43036865815520287,-0.08397112041711807,-0.028536707162857056,-0.21477054059505463,0.20521172638436483
CC(C1=CN(N=N1)C2=CC=CC=C2)NC3=CC(=C(C=C3)[N+](=O)[O-])OC,COc1cc(NC(C)c2cn(-c3ccccc3)nn2)ccc1[N+](=O)[O-],2.7895989441490876,11,15,-0.11389504373073578,-0.25799983739852905,-0.05867329239845276,-0.1631908118724823,-0.4305681735277176,-0.18712198734283447,-0.05716138705611229,-0.2301003336906433,0.1676300578034682
C1C2=C(NCN1CC3=CC=CO3)N(C(=O)NC2=O)CC4=CN=CC=C4,O=c1[nH]c(=O)n(Cc2cccnc2)c2c1CN(Cc1ccco1)CN2,2.7189924374411323,13,17,-0.22031760215759277,-0.17273561656475067,-0.03752827271819115,-0.16493026912212372,-0.4305814914405346,-0.170942485332489,-0.1775229424238205,-0.13986128568649292,0.20221606648199447
C1=CC=C(C=C1)COC2=CC=C(C=C2)C[C@@H](C3=NNN=N3)NC(=O)O,O=C(O)N[C@@H](Cc1ccc(OCc2ccccc2)cc1)c1nn[nH]n1,2.6496324946618586,11,13,-0.12139090895652771,-0.338506281375885,0.029108203947544098,-0.12717841565608978,-0.4307889863848686,-0.19298063218593597,-0.06553194671869278,-0.17159178853034973,0.17993079584775087
[C-]#[N+]C1(CC1)C2=CC=C(C=C2)N3C[C@@H](OC3=O)CN4C=C(N=N4)CO,[C-]#[N+]C1(c2ccc(N3C[C@H](Cn4cc(CO)nn4)OC3=O)cc2)CC1,3.526565358016912,9,14,-0.09823434799909592,-0.47836488485336304,0.14531224966049194,-0.18207015097141266,-0.431286983191967,-0.24019670486450195,-0.03605334460735321,-0.26203715801239014,0.12469437652811736
CCNC(=O)NC1=NC2=NC(=CN=C2C=C1)C3=CC(=C(C=C3)O)OC,CCNC(=O)Nc1ccc2ncc(-c3ccc(O)c(OC)c3)nc2n1,2.3792880725796763,12,17,0.01778303273022175,-0.20001371204853058,-0.25075432658195496,-0.09151580929756165,-0.4329850059002638,-0.09117487072944641,-0.05012786388397217,-0.19064976274967194,0.43018867924528303
COC1=CC(=C(C=C1)NC(=O)NC2=CN=C(C=C2)N3C=CN=C3)OC,COc1ccc(NC(=O)Nc2ccc(-n3ccnc3)nc2)c(OC)c1,2.1482416207920263,13,17,-0.3396120071411133,-0.04650405794382095,-0.047285690903663635,-0.15492868423461914,-0.43340175598859787,-0.21081246435642242,-0.17863315343856812,-0.06277725845575333,0.21951219512195122
C1CN(CCN1C(=O)C2=CC=CC=C2)N=NC3=CC=C(C=C3)[N+](=O)[O-],O=C(c1ccccc1)N1CCN(N=Nc2ccc([N+](=O)[O-])cc2)CC1,2.3354646977151035,7,11,-0.330594539642334,-0.05995315685868263,-0.04484086111187935,-0.17171064019203186,-0.43538855761289597,-0.20069444179534912,-0.20965279638767242,-0.09493684768676758,0.11
CCNC(=O)NC1=NC2=NC=CC(=C2N=C1)C3=CC(=C(C=C3)O)OC,CCNC(=O)Nc1cnc2c(-c3ccc(O)c(OC)c3)ccnc2n1,2.4771179750715504,12,17,-0.027584632858633995,-0.19019699096679688,-0.21826952695846558,-0.11636300384998322,-0.43605115078389645,-0.12596137821674347,-0.06124446168541908,-0.18924565613269806,0.3946360153256705
C1=CC=C(C=C1)COC2=CC=C(C=C2)CC(C3=NNN=N3)NC(=O)O,O=C(O)NC(Cc1ccc(OCc2ccccc2)cc1)c1nn[nH]n1,2.6496324946618586,11,13,-0.1360454261302948,-0.33199870586395264,0.03197329491376877,-0.12460273504257202,-0.43607083708047867,-0.19114384055137634,-0.06997426599264145,-0.16927748918533325,0.17993079584775087
CC1=CC=C(C=C1)N2C(=NN=N2)NCCOC3=CC4=C(C=C3)OCO4,Cc1ccc(-n2nnnc2NCCOc2ccc3c(c2)OCO3)cc1,2.280539801665208,10,15,-0.21202196180820465,-0.13226506114006042,-0.09209857136011124,-0.2632197141647339,-0.4363855943083763,-0.24636581540107727,-0.20448067784309387,-0.16223852336406708,0.23404255319148937
C1CN(C[C@@H]1C2=NC=C3N2N=CNC3=O)C(=O)OCC4=CC=CC=C4,O=C(OCc1ccccc1)N1CC[C@@H](c2ncc3c(=O)[nH]cnn23)C1,3.208910892975874,11,15,-0.1855299472808838,-0.14517144858837128,-0.1087806224822998,-0.14997589588165283,-0.43948201835155487,-0.13071893155574799,-0.17455525696277618,-0.15163828432559967,0.2208955223880597
CC(C(=O)NCC1=CC(=NC=C1)N2C=CN=C2)NC(=O)C3=COC=C3,CC(NC(=O)c1ccoc1)C(=O)NCc1ccnc(-n2ccnc2)c1,2.935158153249848,14,17,-0.22998905181884766,-0.2760902941226959,0.06574943661689758,-0.14656318724155426,-0.440329909324646,-0.23596474528312683,-0.07840844243764877,-0.15350580215454102,0.15522388059701492
C[C@@H](CNC1=C(C=CC(=C1)N)[N+](=O)[O-])C2=NC(=NO2)C3=CC=CC=C3,C[C@@H](CNc1cc(N)ccc1[N+](=O)[O-])c1nc(-c2ccccc2)no1,2.815226029739554,11,15,-0.16613410413265228,-0.1540141999721527,-0.12020010501146317,-0.15082097053527832,-0.44034840911626816,-0.1923353672027588,-0.10139749199151993,-0.145364910364151,0.2057877813504823
CN(C)C(=O)C1=CC=C(C=C1)CNC2=C(N3C=CC=CC3=N2)[N+](=O)[O-],CN(C)C(=O)c1ccc(CNc2nc3ccccn3c2[N+](=O)[O-])cc1,2.343143983429391,9,14,-0.11821027100086212,-0.18209171295166016,-0.14009860157966614,-0.17826607823371887,-0.4404005855321884,-0.19496870040893555,-0.14081913232803345,-0.14341142773628235,0.20327868852459016
CN=C(C1=CC(=C(C=C1)N)NN=C)OC(=C)C2=CC=C(C=C2)[N+](=O)[O-],C=NNc1cc(C(=NC)OC(=C)c2ccc([N+](=O)[O-])cc2)ccc1N,3.2237134435345016,10,15,0.05439235270023346,-0.22693084180355072,-0.2683016061782837,-0.13229575753211975,-0.44084009528160095,-0.08052035421133041,-0.037102583795785904,-0.29161107540130615,0.10927152317880795
CN1C(=CC=N1)CCC(=O)NC2=C(C=NN2)C3=CC4=C(C=C3)OCO4,Cn1nccc1CCC(=O)Nc1[nH]ncc1-c1ccc2c(c1)OCO2,2.723605293078645,12,17,-0.27236419916152954,-0.06067894399166107,-0.10815423727035522,-0.2255164235830307,-0.44119738042354584,-0.2128555178642273,-0.24317261576652527,-0.1005394458770752,0.28391167192429023
C1CN(CCC1C2=CC(=NN2)C3=CC=CO3)C4=C(C=CC=N4)[N+](=O)[O-],O=[N+]([O-])c1cccnc1N1CCC(c2cc(-c3ccco3)n[nH]2)CC1,2.6305724163663147,11,15,-0.14262838661670685,-0.1243852972984314,-0.17445722222328186,-0.17134486138820648,-0.4414709061384201,-0.10641825199127197,-0.19558185338974,-0.18661455810070038,0.19791666666666666
CCNC(=O)NC1=CN=C2C(=N1)C=CC(=N2)C3=CC(=C(C=C3)O)OC,CCNC(=O)Nc1cnc2nc(-c3ccc(O)c(OC)c3)ccc2n1,2.415091106165809,12,17,-0.06555596739053726,-0.141829714179039,-0.23651815950870514,-0.11447757482528687,-0.4439038410782814,-0.12358124554157257,-0.09165476262569427,-0.15839888155460358,0.4346153846153846
C=CCNNC1=CN(C2=C1N=CNC2=O)CC3=CC4=C(C=C3)OCO4,C=CCNNc1cn(Cc2ccc3c(c2)OCO3)c2c(=O)[nH]cnc12,3.1180822161555666,13,17,0.07597668468952179,-0.3048335015773773,-0.21548619866371155,-0.15700626373291016,-0.4443430155515671,-0.10006415843963623,-0.04577276110649109,-0.31131240725517273,0.2768729641693811
COC1=C(C=C(C=C1)NC(=O)NC2=CN=C(C=C2)N3C=CN=C3)OC,COc1ccc(NC(=O)Nc2ccc(-n3ccnc3)nc2)cc1OC,2.107991620792026,13,17,-0.359405517578125,-0.011686079204082489,-0.0733577087521553,-0.15345698595046997,-0.4444493055343628,-0.19807705283164978,-0.18937988579273224,-0.06604503840208054,0.23049645390070922
C1CN(CCN1C(=O)C2=CC=CO2)C(=O)NC3=CC4=C(C=C3)N=CN4,O=C(Nc1ccc2nc[nH]c2c1)N1CCN(C(=O)c2ccco2)CC1,2.25054670509129,11,15,-0.3425794839859009,-0.14536793529987335,0.04177528992295265,-0.1588445007801056,-0.4461721293628216,-0.23275181651115417,-0.18809977173805237,-0.07322210818529129,0.16149068322981366
C1COC(CN1C2=NC3=C(C=C2)C=C(C=C3)[N+](=O)[O-])CN4C=CC=N4,O=[N+]([O-])c1ccc2nc(N3CCOC(Cn4cccn4)C3)ccc2c1,2.965201514682935,13,17,-0.12858276069164276,-0.25991618633270264,-0.05833658203482628,-0.21375499665737152,-0.4468355290591717,-0.1953507661819458,-0.12576435506343842,-0.24467620253562927,0.18618618618618618
COC(=O)C1=CC=C(C=C1)NC2=NC=NC(=C2N)NCC3=CC=CO3,COC(=O)c1ccc(Nc2ncnc(NCc3ccco3)c2N)cc1,2.197599313099719,11,15,-0.11108815670013428,-0.02811252325773239,-0.3088412880897522,-0.1432509422302246,-0.44804196804761887,-0.0780496597290039,-0.18262797594070435,-0.1640116274356842,0.1930379746835443
C1CCN(C1)C2=NC3=NN(C(=O)N3C=C2)CC4=CC5=C(C=C4)OCO5,O=c1n(Cc2ccc3c(c2)OCO3)nc2nc(N3CCCC3)ccn12,2.571610279835687,9,15,-0.2966195344924927,-0.12481578439474106,-0.026918310672044754,-0.18686719238758087,-0.4483536295592785,-0.2064022272825241,-0.225764662027359,-0.09052267670631409,0.29153605015673983
COC1=C(C=C(C=C1)N2C(OC(=N2)C3=CC4=C(C=C3)N=CN4)N)OC,COc1ccc(N2N=C(c3ccc4nc[nH]c4c3)OC2N)cc1OC,3.2634543070960005,12,17,-0.18481497466564178,-0.2290509045124054,-0.03526175022125244,-0.2023993730545044,-0.4491276293992996,-0.24903737008571625,-0.114634208381176,-0.17098654806613922,0.1927710843373494
C1CN(CC1N2C=C(C3=C(N=CN=C32)N)C4=CC=CC=C4)OC(=O)O,Nc1ncnc2c1c(-c1ccccc1)cn2C1CCN(OC(=O)O)C1,3.1545927686344637,11,15,-0.13861936330795288,-0.17542672157287598,-0.13648146390914917,-0.09791965782642365,-0.450527548789978,-0.12552326917648315,-0.06059804558753967,-0.1836211085319519,0.25878594249201275
CC1=CC=CC=C1C2=NOC(=O)N2CC(=O)N(CCC#N)CCC#N,Cc1ccccc1-c1noc(=O)n1CC(=O)N(CCC#N)CCC#N,2.6828811262865315,8,14,-0.12971141934394836,-0.29256564378738403,-0.02934330329298973,-0.14839991927146912,-0.45162036642432213,-0.20109248161315918,-0.07339019328355789,-0.1864292323589325,0.2360248447204969
COC1=CC=CC(=C1)C(C2=NNC(=N2)CC3=CC=C(C=C3)[N+](=O)[O-])N,COc1cccc(C(N)c2n[nH]c(Cc3ccc([N+](=O)[O-])cc3)n2)c1,2.8602591825022845,11,15,-0.3435763120651245,-0.10683728009462357,-0.0023177675902843475,-0.22220046818256378,-0.4527313597500324,-0.2408379316329956,-0.25772643089294434,-0.07756584882736206,0.1888111888111888
CC1=CC2=C(C=C1)NN=C2C(=O)NCCNC3=CC=C(C=C3)[N+](=O)[O-],Cc1ccc2[nH]nc(C(=O)NCCNc3ccc([N+](=O)[O-])cc3)c2c1,2.197646035743272,11,15,-0.19881698489189148,-0.14531482756137848,-0.1102662980556488,-0.1527773141860962,-0.45439811050891876,-0.177320659160614,-0.1345052272081375,-0.13871124386787415,0.1464968152866242
CCNC(=O)NC1=NC=C(C=C1)C2=CN3C=C(N=C3C=C2)C(=O)OC,CCNC(=O)Nc1ccc(-c2ccc3nc(C(=O)OC)cn3c2)cn1,2.43548590573244,12,17,0.11251379549503326,-0.3287873864173889,-0.2383996546268463,-0.10780945420265198,-0.45467324554920197,-0.10916971415281296,-0.0037121400237083435,-0.25535330176353455,0.27960526315789475
C[C@H](CNC1=C(C=CC(=C1)N)[N+](=O)[O-])C2=NC(=NO2)C3=CC=CC=C3,C[C@H](CNc1cc(N)ccc1[N+](=O)[O-])c1nc(-c2ccccc2)no1,2.815226029739554,11,15,-0.17112749814987183,-0.1665428876876831,-0.11719605326652527,-0.1555408388376236,-0.4548664391040802,-0.19872815907001495,-0.10419213026762009,-0.15177111327648163,0.2057877813504823
CCNC(=O)NC1=CC2=NC(=CN=C2N=C1)C3=CC(=C(C=C3)OC)O,CCNC(=O)Nc1cnc2ncc(-c3ccc(OC)c(O)c3)nc2c1,2.421074204757357,12,17,-0.1149538904428482,-0.20132821798324585,-0.141129270195961,-0.13858675956726074,-0.45741137862205505,-0.17305631935596466,-0.09539352357387543,-0.1601032316684723,0.37777777777777777
CC1=NC(=NC(=O)N1C2=CC(=C(C=C2)O)O)NN.C1C2=CC=C1C=C2,C1=CC2=CC=C1C2.Cc1nc(NN)nc(=O)n1-c1ccc(O)c(O)c1,4.0616116547994725,11,14,0.056455787271261215,-0.40712469816207886,-0.1074930727481842,-0.12944984436035156,-0.45816198363900185,-0.13093559443950653,0.013771691359579563,-0.3151361346244812,0.23465703971119134
C1CC1C2=CN3C=C(N=C3C(=C2)/C=C/C(=O)O)CN4C=C(N=N4)CO,O=C(O)/C=C/c1cc(C2CC2)cn2cc(Cn3cc(CO)nn3)nc12,3.102246469112721,12,16,-0.025578808039426804,-0.14002551138401031,-0.292654812335968,-0.10912056267261505,-0.45825913175940514,-0.06747815012931824,-0.09388764202594757,-0.2134142369031906,0.17101449275362318
COC1=CC=C(C=C1)NCCC2=NC(=NN2)C3=CC(=CC=C3)[N+](=O)[O-],COc1ccc(NCCc2nc(-c3cccc([N+](=O)[O-])c3)n[nH]2)cc1,2.1980050823304893,11,15,-0.22161917388439178,-0.031564440578222275,-0.20514094829559326,-0.19198077917099,-0.4583245627582073,-0.1612177938222885,-0.2193654477596283,-0.12734995782375336,0.3125
CC1=C(N=C(C(=N1)NC)C#N)CN(C=O)C2=CC=C(C=C2)C(=O)OC,CNc1nc(C)c(CN(C=O)c2ccc(C(=O)OC)cc2)nc1C#N,2.958340868283667,8,15,-0.15176701545715332,-0.08765724301338196,-0.2194664627313614,-0.17555244266986847,-0.45889072120189667,-0.11083957552909851,-0.19849735498428345,-0.18481779098510742,0.14583333333333334
CNOC1=C(C=CC(=C1)NC(=O)NC2=CC=CC(=C2)N)C3=CN=CO3,CNOc1cc(NC(=O)Nc2cccc(N)c2)ccc1-c1cnco1,2.6741973900227958,14,17,-0.23575463891029358,-0.1582915186882019,-0.06800461560487747,-0.17043396830558777,-0.46205077320337296,-0.22279757261276245,-0.15905436873435974,-0.10747107863426208,0.22569444444444445
CN1C=CC(=N1)N2C=C(N=C2)C(=O)NC3=CC=CC(=C3)CCC(=O)O,Cn1ccc(-n2cnc(C(=O)Nc3cccc(CCC(=O)O)c3)c2)n1,2.516138776805027,13,17,-0.17032930254936218,-0.17993254959583282,-0.11197809129953384,-0.14915728569030762,-0.46223994344472885,-0.196233868598938,-0.11971314996480942,-0.13058368861675262,0.17032967032967034
C1CN(CC(N1)CO)C2=C(C=CC(=C2)C3=C(C=CN=C3)C#N)[N+](=O)[O-],N#Cc1ccncc1-c1ccc([N+](=O)[O-])c(N2CCNC(CO)C2)c1,3.2285766256225443,13,17,-0.14671477675437927,-0.2322593331336975,-0.08416873216629028,-0.15996040403842926,-0.46314284205436707,-0.16781537234783173,-0.1325753927230835,-0.18619394302368164,0.20064724919093851
COC1=CC=CC(=C1)NCCC2=NC(=NN2)C3=CC(=CC=C3)[N+](=O)[O-],COc1cccc(NCCc2nc(-c3cccc([N+](=O)[O-])c3)n[nH]2)c1,2.2456877746381814,13,17,-0.15118208527565002,-0.04459819570183754,-0.2690473198890686,-0.2089420109987259,-0.46482760086655617,-0.1477508544921875,-0.22724643349647522,-0.15418899059295654,0.315018315018315
C1=CC=C(C=C1)C(C#CC2=NC(=C3C(=N2)N(C=N3)CC(CO)O)N)O,Nc1nc(C#CC(O)c2ccccc2)nc2c1ncn2CC(O)CO,3.544954988648721,12,15,-0.173667311668396,-0.2595416307449341,-0.03218859061598778,-0.19279198348522186,-0.46539753302931786,-0.24612383544445038,-0.08198882639408112,-0.20473265647888184,0.18769230769230769
CC1=CC(=O)N(N=C1C)CC2=NC=NN2CC3=CC4=C(C=C3)OCO4,Cc1cc(=O)n(Cc2ncnn2Cc2ccc3c(c2)OCO3)nc1C,2.5879916207920264,10,17,-0.1603688895702362,-0.1536313146352768,-0.1533796191215515,-0.17270803451538086,-0.4673798233270645,-0.16573312878608704,-0.1490437239408493,-0.17610204219818115,0.20481927710843373
CCC1=CC=C(C=C1)NC(=O)C(=O)NCC2=NC(=NN2)C3=CC=CO3,CCc1ccc(NC(=O)C(=O)NCc2nc(-c3ccco3)n[nH]2)cc1,2.343862774638181,11,15,-0.09498545527458191,-0.19653770327568054,-0.17677851021289825,-0.12306966632604599,-0.4683016687631607,-0.1442449390888214,-0.12795481085777283,-0.13319244980812073,0.2345679012345679
C1CC1(C#N)C2=CC=C(C=C2)N3C[C@@H](OC3=O)CN4C=C(N=N4)CO,N#CC1(c2ccc(N3C[C@H](Cn4cc(CO)nn4)OC3=O)cc2)CC1,3.286777275676717,9,14,-0.12214121222496033,-0.5362671613693237,0.1891135275363922,-0.19532731175422668,-0.46929484605789185,-0.28082194924354553,-0.03237517178058624,-0.27348509430885315,0.13216957605985039
CC(C(=O)N(CCC#N)C1=CC=CC=C1)OC(=O)C2=NC=CN=C2N,CC(OC(=O)c1nccnc1N)C(=O)N(CCC#N)c1ccccc1,2.8902925488542426,10,15,-0.2535014748573303,-0.20613782107830048,-0.010085169225931168,-0.15172500908374786,-0.46972446516156197,-0.23800525069236755,-0.12080606818199158,-0.11383430659770966,0.19161676646706588
CO[C@@H]1C[C@H](N(C1)C(=O)C2=CC=C(C=C2)C3=CN=CO3)C4=NC=NN4,CO[C@@H]1C[C@@H](c2ncn[nH]2)N(C(=O)c2ccc(-c3cnco3)cc2)C1,3.529653479276365,11,15,-0.3610697388648987,-0.017954787239432335,-0.0907554030418396,-0.15975037217140198,-0.4697799291461706,-0.15781447291374207,-0.24408617615699768,-0.08282838761806488,0.16442048517520216
C[C@@H]1C=C(CCN1C(=O)NC2=CC=CC=C2)C3=NC=CN=C3[N+](=O)[O-],C[C@@H]1C=C(c2nccnc2[N+](=O)[O-])CCN1C(=O)Nc1ccccc1,3.2231298217222193,11,15,-0.14585626125335693,-0.2837294340133667,-0.04076793044805527,-0.09630776941776276,-0.4703536257147789,-0.14740468561649323,-0.060523439198732376,-0.19187024235725403,0.14555256064690028
C1=CC=C2C(=C1)C3=NN(C4=C3C(=C(C=C4)[N+](=O)[O-])N2)CCNCCO,O=[N+]([O-])c1ccc2c3c(nn2CCNCCO)-c2ccccc2Nc13,2.768085851561258,13,17,-0.18193621933460236,-0.17006739974021912,-0.1224847361445427,-0.1716129332780838,-0.47448835521936417,-0.1534506380558014,-0.1788821518421173,-0.1767245978116989,0.19402985074626866
CCNC(=O)NC1=CN=C2C=C(C=NC2=N1)C3=CC(=C(C=C3)O)OC,CCNC(=O)Nc1cnc2cc(-c3ccc(O)c(OC)c3)cnc2n1,2.456873338018463,12,17,-0.0559622198343277,-0.2042059600353241,-0.2188914269208908,-0.14108967781066895,-0.4790596067905426,-0.1517288088798523,-0.08715745806694031,-0.19614861905574799,0.3923076923076923
C1=COC(=C1)C(=O)NCCCC(=O)NC2=CN=C(C=C2)N3C=CN=C3,O=C(CCCNC(=O)c1ccco1)Nc1ccc(-n2ccnc2)nc1,2.293283902140816,14,17,-0.2922894060611725,-0.062352001667022705,-0.124799445271492,-0.15985897183418274,-0.4794408529996872,-0.18941274285316467,-0.17114222049713135,-0.10818597674369812,0.17045454545454544
C1CN(CCN1C2=CC=CC=N2)C3=NN=C(O3)C4=C(C=C(C=C4)O)O,Oc1ccc(-c2nnc(N3CCN(c4ccccn4)CC3)o2)c(O)c1,2.471561668210361,11,15,-0.2326817810535431,-0.18348471820354462,-0.06339771300554276,-0.17295093834400177,-0.47956421226263046,-0.20345039665699005,-0.1730128824710846,-0.13328631222248077,0.2819672131147541
C1=COC(=C1)C(=O)NCCNC(=O)C2=CC=C(C=C2)CN3C=NC=N3,O=C(NCCNC(=O)c1ccco1)c1ccc(Cn2cncn2)cc1,2.123729212994345,12,15,-0.21740135550498962,-0.07663384824991226,-0.1914006471633911,-0.13169798254966736,-0.485435850918293,-0.14796534180641174,-0.16352421045303345,-0.11667025089263916,0.12063492063492064
C1CN(C[C@H]([C@@H]1C2=CC3=C(C=C2)OCO3)O)C4=NC=NC5=C4NC=N5,O[C@@H]1CN(c2ncnc3nc[nH]c23)CC[C@H]1c1ccc2c(c1)OCO2,3.410832640840458,13,17,-0.2531522810459137,-0.14167755842208862,-0.0937633365392685,-0.256387859582901,-0.4885931760072708,-0.19751271605491638,-0.2753850221633911,-0.1737726628780365,0.3006535947712418
CC(C1=CN(N=N1)C2=CC=CC=C2)NC3=C(C=CC(=C3)CO)[N+](=O)[O-],CC(Nc1cc(CO)ccc1[N+](=O)[O-])c1cn(-c2ccccc2)nn1,2.8978797675510393,12,15,-0.28760015964508057,-0.28410589694976807,0.08295764029026031,-0.20260296761989594,-0.4887484163045883,-0.28205811977386475,-0.1264646053314209,-0.17416387796401978,0.10955056179775281
C1=CC=C(C=C1)CN2C=C(N=N2)C(=O)NCCNC(=O)C3=CC=CO3,O=C(NCCNC(=O)c1ccco1)c1cn(Cc2ccccc2)nn1,2.1259483910765375,12,15,-0.023655546829104424,-0.385503351688385,-0.07969222217798233,-0.12062296271324158,-0.48885112069547176,-0.17605391144752502,0.004153258167207241,-0.26065927743911743,0.1037463976945245
CC1=CC=C(C=C1)C2=C(N=C(O2)NC3=CC(=C(N=C3)/C(=N\O)/N)O)C,Cc1ccc(-c2oc(Nc3cnc(/C(N)=N\O)c(O)c3)nc2C)cc1,2.8622857416711476,10,15,-0.24475352466106415,-0.2570035457611084,0.011996551416814327,-0.1894882470369339,-0.4897605190053582,-0.27006497979164124,-0.12024834007024765,-0.15192386507987976,0.1746031746031746
C1=CC=C(C=C1)CN2C=C(C=N2)NC(=O)CCN3C=CC(=N3)C(=O)O,O=C(CCn1ccc(C(=O)O)n1)Nc1cnn(Cc2ccccc2)c1,2.1841762361766417,12,15,-0.10794928669929504,-0.2998398542404175,-0.08400270342826843,-0.13718892633914948,-0.49179184436798096,-0.1944873332977295,-0.06461451947689056,-0.19547876715660095,0.16463414634146342
C1COC(CN1C(=O)OCC2=CC=CC=C2)C3=NC4=NC=NC=C4N3,O=C(OCc1ccccc1)N1CCOC(c2nc3ncncc3[nH]2)C1,3.0187908975325914,11,15,-0.27300432324409485,-0.1653035581111908,-0.05443911254405975,-0.20389044284820557,-0.4927469938993454,-0.1939091980457306,-0.22332701086997986,-0.1645776629447937,0.18627450980392157
COC1=CN=CC(=C1)N2CCN(CC2)C3=C(C=CC(=C3)C#N)[N+](=O)[O-],COc1cncc(N2CCN(c3cc(C#N)ccc3[N+](=O)[O-])CC2)c1,2.3681526446273455,9,15,-0.32008063793182373,-0.30840274691581726,0.13415274024009705,-0.24864087998867035,-0.49433064460754395,-0.32351329922676086,-0.16483929753303528,-0.19405795633792877,0.21678321678321677
CN(CC1=CC=CC=C1)C2=NC=NC(=C2[N+](=O)[O-])NCC3=CC=CO3,CN(Cc1ccccc1)c1ncnc(NCc2ccco2)c1[N+](=O)[O-],2.3509993130997184,11,15,-0.12209796905517578,-0.29718470573425293,-0.07609099894762039,-0.12633143365383148,-0.4953736737370491,-0.19614829123020172,-0.06708414852619171,-0.17598015069961548,0.18241042345276873
CN1C=C(C=C1C(=O)NCCC2=CC=C(C=C2)N3C=CC=N3)[N+](=O)[O-],Cn1cc([N+](=O)[O-])cc1C(=O)NCCc1ccc(-n2cccn2)cc1,2.319347877563425,11,15,-0.05968160927295685,-0.2729954719543457,-0.16432860493659973,-0.17395535111427307,-0.4970056861639023,-0.2007078230381012,-0.09080265462398529,-0.20148423314094543,0.1358695652173913
C/1COC2=CC=CC(=C2)CN3C4=NC(=NC(=C4NC3=O)N)OC/C=C1,Nc1nc2nc3c1[nH]c(=O)n3Cc1cccc(c1)OCC/C=C\CO2,5.119507716682438,12,17,-0.27374428510665894,-0.12142079323530197,-0.1019895076751709,-0.2776951193809509,-0.4971545860171318,-0.2569049298763275,-0.2605540156364441,-0.15324479341506958,0.31456953642384106
COC1=C(C=C(C=C1)C2CC3=NC4=NC(=NN4C=C3C(=O)C2)N)OC,COc1ccc(C2CC(=O)c3cn4nc(N)nc4nc3C2)cc1OC,3.0987621077460554,10,17,-0.28535884618759155,0.012550408020615578,-0.22476710379123688,-0.16479246318340302,-0.49757554195821285,-0.13726308941841125,-0.24644498527050018,-0.09818118810653687,0.24126984126984127
CC1=C(C=C(C=C1)[N+](=O)[O-])CNC2=CN=C3C(=C2)C=C(N3)C(=O)NC,CNC(=O)c1cc2cc(NCc3cc([N+](=O)[O-])ccc3C)cnc2[nH]1,2.554685521890928,12,17,-0.0047913664020597935,-0.33105164766311646,-0.16194365918636322,-0.1441928744316101,-0.49778667325153947,-0.17153990268707275,-0.014561839401721954,-0.27680593729019165,0.19471947194719472
C1=CC(=CC=C1CNC(=O)CN2C=CC(=O)NC2=O)CN3C=CN=C3,O=C(Cn1ccc(=O)[nH]c1=O)NCc1ccc(Cn2ccnc2)cc1,2.2848089284843347,12,15,-0.3587357997894287,-0.2175721526145935,0.07735100388526917,-0.15294195711612701,-0.49895694851875305,-0.2262767255306244,-0.18044021725654602,-0.09936477243900299,0.24295774647887325
C1CNC2=C1C=CC(=N2)COC3=CC=C(C=C3)N4C=NC=N4.C(=O)O,O=CO.c1ncn(-c2ccc(OCc3ccc4c(n3)NCC4)cc2)n1,2.604455082330489,12,15,-0.1251055747270584,-0.249056875705719,-0.1255631148815155,-0.15048156678676605,-0.4997255653142929,-0.16803549230098724,-0.10744690150022507,-0.20408281683921814,0.2345679012345679
C1CC1(C#N)C2=CC=C(C=C2)N3CC(OC3=O)CN4C=C(N=N4)CO,N#CC1(c2ccc(N3CC(Cn4cc(CO)nn4)OC3=O)cc2)CC1,3.286777275676717,9,14,-0.09892712533473969,-0.5918120741844177,0.18807831406593323,-0.20370832085609436,-0.5026608854532242,-0.2980736196041107,-0.0051825689151883125,-0.30731868743896484,0.13216957605985039
COC(=O)C1=NN(C=C1OCC2=CN(N=N2)C3CC3)C4=CC=CC=C4,COC(=O)c1nn(-c2ccccc2)cc1OCc1cn(C2CC2)nn1,2.452978159253565,9,14,-0.19242018461227417,-0.243083655834198,-0.06752874702215195,-0.12020529806613922,-0.5030325874686241,-0.19150210916996002,-0.08642575889825821,-0.1596790999174118,0.13192612137203166
C1C(NNC1C(=O)N/N=C/C2=CC=CC=N2)C3=CC4=C(C=C3)OCO4,O=C(N/N=C/c1ccccn1)C1CC(c2ccc3c(c2)OCO3)NN1,3.509892516100333,15,17,-0.23128950595855713,-0.0909012034535408,-0.1815197765827179,-0.21905231475830078,-0.5037104859948158,-0.20365363359451294,-0.22569942474365234,-0.13928230106830597,0.19875776397515527
CCNC(=O)NC1=CN=C2C(=N1)C=C(C=N2)C3=CC(=C(C=C3)O)OC,CCNC(=O)Nc1cnc2ncc(-c3ccc(O)c(OC)c3)cc2n1,2.467515374854866,12,17,-0.0894332006573677,-0.20360404253005981,-0.2130015790462494,-0.147665873169899,-0.5060388222336769,-0.15964166820049286,-0.10317724198102951,-0.1994464099407196,0.38461538461538464
C[C@@H](CC(=O)C1=CC=CO1)NC(=O)CC2=CC=C(C=C2)N3C=NN=N3,C[C@@H](CC(=O)c1ccco1)NC(=O)Cc1ccc(-n2cnnn2)cc1,2.872510076326771,11,15,-0.17394834756851196,-0.1357070803642273,-0.1981416791677475,-0.15810060501098633,-0.5077971071004868,-0.1560828983783722,-0.13200697302818298,-0.20297300815582275,0.1168091168091168
C[C@@]12CNC[C@](C1=O)(CN(C2)C3=C(C=C(C(=C3)C#N)C#N)[N+](=O)[O-])C,C[C@]12CNC[C@@](C)(CN(c3cc(C#N)c(C#N)cc3[N+](=O)[O-])C1)C2=O,4.760334529789462,6,13,-0.2233346551656723,-0.19488947093486786,-0.08996401727199554,-0.1643081158399582,-0.5081881433725357,-0.17787185311317444,-0.17240265011787415,-0.16419072449207306,0.1288135593220339
CCN(CCO)C1=CC=C(C=C1)N=NC2=C(C=C(C=C2)[N+](=O)[O-])C#N,CCN(CCO)c1ccc(N=Nc2ccc([N+](=O)[O-])cc2C#N)cc1,2.659425741671148,10,15,-0.0392998531460762,-0.41770151257514954,-0.052446454763412476,-0.16222608089447021,-0.5094478204846382,-0.23325224220752716,-0.02478235960006714,-0.2424715757369995,0.11347517730496454
C1=CC(=C(N=C1)N2C=CN=C2)CNC(=O)CCNC(=O)C3=CC=CO3,O=C(CCNC(=O)c1ccco1)NCc1cccnc1-n1ccnc1,2.3539376429205827,14,17,-0.23025496304035187,-0.11479827761650085,-0.16476252675056458,-0.16377726197242737,-0.5098157674074173,-0.19904641807079315,-0.1576947420835495,-0.12833312153816223,0.15472779369627507
C1C(CC(C1NC2=CC(=NC3=NC=NN23)C4=CC=CC=C4)O)C(=O)O,O=C(O)C1CC(O)C(Nc2cc(-c3ccccc3)nc3ncnn23)C1,3.557065070323051,13,15,-0.15780478715896606,-0.15462875366210938,-0.19739821553230286,-0.15207961201667786,-0.5098317563533783,-0.14329075813293457,-0.12807971239089966,-0.2076590210199356,0.3288590604026846
CC(C)COC1=C(C=C(C=C1)C2=NNC(=N2)C3=CC=CC=N3)[N+](=O)[O-],CC(C)COc1ccc(-c2n[nH]c(-c3ccccn3)n2)cc1[N+](=O)[O-],2.419018733468082,11,16,-0.2807578146457672,-0.23516197502613068,0.0044396668672561646,-0.24658820033073425,-0.5114801228046417,-0.28257307410240173,-0.21687886118888855,-0.14072683453559875,0.3680297397769517
C1C(CC1O)C2=NC(=C3N2C=CN=C3N)C4=CC=C(C=C4)C(=O)NO,Nc1nccn2c(C3CC(O)C3)nc(-c3ccc(C(=O)NO)cc3)c12,2.661645082330489,11,14,-0.19877737760543823,-0.0678149089217186,-0.24548450112342834,-0.21698924899101257,-0.5120767876505852,-0.18616726994514465,-0.18244671821594238,-0.1967729926109314,0.25705329153605017
CC1=CC(=CC=C1)C2CNCCN2C3=C(C4=NON=C4C=C3)[N+](=O)[O-],Cc1cccc(C2CNCCN2c2ccc3nonc3c2[N+](=O)[O-])c1,3.1727735378652318,12,17,-0.09711245447397232,-0.22164002060890198,-0.1948932707309723,-0.20488977432250977,-0.5136457458138466,-0.14390966296195984,-0.15877920389175415,-0.2673550844192505,0.12202380952380952
COC1=C(C=C2CN(CCC2=C1)C(=O)N3C4=C(N=CC=C4)N=N3)OC,COc1cc2c(cc1OC)CN(C(=O)n1nnc3ncccc31)CC2,2.5864031592535657,10,17,-0.29679933190345764,-0.0585053488612175,-0.16000860929489136,-0.1924360692501068,-0.5153132900595665,-0.1625981628894806,-0.267589807510376,-0.13056126236915588,0.21637426900584794
C1[C@H]2[C@H](CN1)NC(=O)C(C2=O)C(=O)NC3=CC=C(C=C3)N4C=CN=C4,O=C(Nc1ccc(-n2ccnc2)cc1)C1C(=O)N[C@H]2CNC[C@@H]2C1=O,3.761038147246129,13,15,-0.28695446252822876,0.05972818285226822,-0.2884734869003296,-0.13238917291164398,-0.5156997665762901,-0.08627919852733612,-0.2592601180076599,-0.10422739386558533,0.18518518518518517
C1=CC=C(C=C1)COC[C@@H]2[C@H]3[C@H](O3)[C@@H](O2)N4C=NC5=C(N=CN=C54)N,Nc1ncnc2c1ncn2[C@@H]1O[C@H](COCc2ccccc2)[C@@H]2O[C@@H]21,3.550939017648137,12,15,-0.12560886144638062,-0.36739110946655273,-0.023541029542684555,-0.14606089890003204,-0.5165410004556179,-0.2144712656736374,-0.022169383242726326,-0.26732754707336426,0.2
C1=CC2=NN(C(=O)N2C=C1)CCC(=O)N(CCC#N)CC3=CC=CO3,N#CCCN(Cc1ccco1)C(=O)CCn1nc2ccccn2c1=O,2.6122666207920275,12,17,-0.0876186341047287,-0.24866729974746704,-0.18329529464244843,-0.17697593569755554,-0.5195812284946442,-0.1755303144454956,-0.10876069962978363,-0.23195141553878784,0.18571428571428572
C1OC2=C(O1)C=C(C=C2)CNC(=O)CCNC3=CN=C4N3C=CN=C4,O=C(CCNc1cnc2cnccn12)NCc1ccc2c(c1)OCO2,2.5825618390872442,13,17,-0.19823315739631653,-0.13300016522407532,-0.18835502862930298,-0.22824522852897644,-0.5195883512496948,-0.21908068656921387,-0.22574928402900696,-0.14653438329696655,0.3271375464684015
CC1=C(C=C(C=C1)[N+](=O)[O-])NC(=O)NCCN2C=NC3=CC=CC=C32,Cc1ccc([N+](=O)[O-])cc1NC(=O)NCCn1cnc2ccccc21,2.1147855807053517,13,17,-0.14125388860702515,-0.374159038066864,-0.007485248148441315,-0.17197465896606445,-0.5228981748223305,-0.24562743306159973,-0.040599383413791656,-0.2477007359266281,0.17857142857142858
C1CN(CCN1CC2=C(C=CC(=C2)[N+](=O)[O-])O)C3=NC=CC(=C3)C#N,N#Cc1ccnc(N2CCN(Cc3cc([N+](=O)[O-])ccc3O)CC2)c1,2.323714291431246,10,15,-0.13924995064735413,-0.32648009061813354,-0.05928314849734306,-0.15427128970623016,-0.5250131897628307,-0.1900368332862854,-0.09205581247806549,-0.23742541670799255,0.19666666666666666
COC(=O)C1=CC=C(C=C1)C2=CC=C(O2)CNC3=NN=NN3CC=C,C=CCn1nnnc1NCc1ccc(-c2ccc(C(=O)OC)cc2)o1,2.4616685438689494,10,15,-0.06143860146403313,-0.2235543429851532,-0.24196848273277283,-0.20575959980487823,-0.5269614271819592,-0.1560773104429245,-0.13808903098106384,-0.27192163467407227,0.16285714285714287
C1CN(C[C@H]([C@@H]1C2=CC3=C(C=C2)OCO3)O)C4=NC=C(C(=N4)N)C#N,N#Cc1cnc(N2CC[C@@H](c3ccc4c(c3)OCO4)[C@H](O)C2)nc1N,3.3757422042500203,12,17,-0.288486123085022,-0.1163443773984909,-0.12409994006156921,-0.2545960545539856,-0.5289304405450821,-0.22219258546829224,-0.2628943622112274,-0.1683054268360138,0.29276315789473684
C1COCCN1C(C2=CC=C(C=C2)[N+](=O)[O-])N3C4=CC=CC=C4N=N3,O=[N+]([O-])c1ccc(C(N2CCOCC2)n2nnc3ccccc32)cc1,2.888780229119183,9,13,-0.14293600618839264,-0.15007776021957397,-0.23927760124206543,-0.20652081072330475,-0.532291367650032,-0.1801190972328186,-0.1526528149843216,-0.23134690523147583,0.10674157303370786
CC1CC2=C(CN(C1)C(=O)C3=CC4=C(N3)C(=CC=C4)[N+](=O)[O-])C=NN2,CC1Cc2[nH]ncc2CN(C(=O)c2cc3cccc([N+](=O)[O-])c3[nH]2)C1,3.3015575573668574,12,17,-0.11999553442001343,-0.22051070630550385,-0.1917921006679535,-0.17772287130355835,-0.5322983413934708,-0.14627626538276672,-0.18147939443588257,-0.2066068947315216,0.1510989010989011
CN1C(=O)C(=C(N(C1=O)CC2=CC=CC=C2)N)C(=O)CN3C=CN=C3,Cn1c(=O)c(C(=O)Cn2ccnc2)c(N)n(Cc2ccccc2)c1=O,2.3486765109019174,10,15,-0.33458274602890015,-0.241556316614151,0.042465940117836,-0.17653661966323853,-0.5336731225252151,-0.24216659367084503,-0.17898890376091003,-0.14457771182060242,0.20178041543026706
CN(C)C1=C(C2=NON=C2C(=C1)N3CCC4=CC=CC=C4C3)[N+](=O)[O-],CN(C)c1cc(N2CCc3ccccc3C2)c2nonc2c1[N+](=O)[O-],2.7309355265341733,9,16,-0.2135739028453827,-0.33498162031173706,0.014071638695895672,-0.15840885043144226,-0.5344838844612241,-0.1990729719400406,-0.1651647388935089,-0.17122945189476013,0.12121212121212122
C[C@H](CC(=O)C1=CC=CO1)NC(=O)CC2=CC=C(C=C2)N3C=NN=N3,C[C@H](CC(=O)c1ccco1)NC(=O)Cc1ccc(-n2cnnn2)cc1,2.872510076326771,11,15,-0.19087329506874084,-0.1432364284992218,-0.2032843828201294,-0.16738304495811462,-0.537394106388092,-0.16642293334007263,-0.14511266350746155,-0.20901525020599365,0.1168091168091168
C1=CC=C(C=C1)COC2=CC=C(C=C2)C(COC(=O)N)C3=NNN=N3,NC(=O)OCC(c1ccc(OCc2ccccc2)cc1)c1nn[nH]n1,2.8135045705311956,10,13,-0.3367643356323242,-0.35655856132507324,0.15528172254562378,-0.2551129460334778,-0.5380411744117737,-0.31877803802490234,-0.22551149129867554,-0.1679106056690216,0.19230769230769232
C1CC2=CC=CC=C2C(C1)(CNC3=NN4C(=NC=C4[N+](=O)[O-])C=C3)O,O=[N+]([O-])c1cnc2ccc(NCC3(O)CCCc4ccccc43)nn12,3.3615062301729246,13,17,-0.20752555131912231,-0.3228127360343933,-0.010579213500022888,-0.2445097714662552,-0.5409175008535385,-0.2719430923461914,-0.15180350840091705,-0.2361285239458084,0.19889502762430938
CC(C)C1=C(C=C(C(=C1)C2=NN=C(N2C3=CC=C(C=C3)O)N)O)N=O,CC(C)c1cc(-c2nnc(N)n2-c2ccc(O)cc2)c(O)cc1N=O,2.9586659518957052,9,14,-0.27038735151290894,-0.09318148344755173,-0.18020814657211304,-0.18942192196846008,-0.5437769815325737,-0.20121163129806519,-0.21888887882232666,-0.1304137408733368,0.2996632996632997
CC1=CC(=C(C(=C1C2C(=C(OC3=NNC(=C23)C)N)C#N)C)[N+](=O)[O-])C,Cc1cc(C)c([N+](=O)[O-])c(C)c1C1C(C#N)=C(N)Oc2n[nH]c(C)c21,3.5153168788526017,8,17,-0.1014566570520401,-0.37631022930145264,-0.06619428098201752,-0.2006322741508484,-0.5439611673355103,-0.26505404710769653,-0.07639404386281967,-0.23387175798416138,0.1586021505376344
C1CN(CCC1OC2=NN=C(C=C2)N3C=CC=N3)C(=O)C4=COC=C4,O=C(c1ccoc1)N1CCC(Oc2ccc(-n3cccn3)nn2)CC1,2.6499458307712374,11,15,-0.21465501189231873,-0.13485875725746155,-0.1944749802350998,-0.24157443642616272,-0.5439887493848801,-0.21810179948806763,-0.19286775588989258,-0.2207905799150467,0.15760869565217392
C1[C@@H]([C@H](C2=CC=CC=C21)NC(=O)NCC3=NC(=NN3)C4=CC=CO4)O,O=C(NCc1nc(-c2ccco2)n[nH]1)N[C@H]1c2ccccc2C[C@@H]1O,3.3349879365998643,15,17,-0.21743252873420715,-0.22946804761886597,-0.09798349440097809,-0.23756051063537598,-0.5448840707540512,-0.2475374937057495,-0.20811104774475098,-0.18191592395305634,0.2028985507246377
COC1=CC=C(C=C1)NCCC2=NC(=NN2)C3=CC=C(C=C3)[N+](=O)[O-],COc1ccc(NCCc2nc(-c3ccc([N+](=O)[O-])cc3)n[nH]2)cc1,2.1563570054074113,9,13,-0.24680450558662415,-0.10834632813930511,-0.19278204441070557,-0.1843857318162918,-0.5479328781366348,-0.186181902885437,-0.21090427041053772,-0.14706698060035706,0.30996309963099633
C1CN(CCC1(C(=O)O)N2C=CC=N2)C(=O)C3=CC4=C(C=C3)N=CN4,O=C(c1ccc2nc[nH]c2c1)N1CCC(C(=O)O)(n2cccn2)CC1,2.756570466945872,11,15,-0.35810336470603943,-0.025546416640281677,-0.164314404129982,-0.2470586895942688,-0.5479641854763031,-0.2336384505033493,-0.2865338921546936,-0.12196223437786102,0.16714697406340057
COC1=CC(=CC(=C1)NC(=O)NC2=CN=C(C=C2)N3C=CN=C3)OC,COc1cc(NC(=O)Nc2ccc(-n3ccnc3)nc2)cc(OC)c1,2.2171012361766422,11,14,-0.34077244997024536,-0.11182166635990143,-0.09938137233257294,-0.16182474792003632,-0.5519754886627197,-0.23886512219905853,-0.1871647983789444,-0.0907943993806839,0.22857142857142856
CC(C1=CC=C(C=C1)N2C=NC=N2)NC3=CC(=C(C=C3)[N+](=O)[O-])OC,COc1cc(NC(C)c2ccc(-n3cncn3)cc2)ccc1[N+](=O)[O-],2.677285184669133,11,15,-0.30630019307136536,-0.15771213173866272,-0.08887564390897751,-0.24178409576416016,-0.5528879687190056,-0.28117069602012634,-0.1962122917175293,-0.1706479787826538,0.1918238993710692
C1=CNC(=C1)/C=C(/C(=O)NCCC2=CN=CN2)\NC(=O)C3=CC=CO3,O=C(NCCc1cnc[nH]1)/C(=C/c1ccc[nH]1)NC(=O)c1ccco1,2.816097600770952,15,17,-0.2252669781446457,-0.18191951513290405,-0.14761663973331451,-0.1840396225452423,-0.5548031330108643,-0.20113526284694672,-0.16959351301193237,-0.18363818526268005,0.14722222222222223
CC(C)OC1=C(C=C(C=C1)[N+](=O)[O-])CN2N=C(N=N2)C3=CC=CC=C3,CC(C)Oc1ccc([N+](=O)[O-])cc1Cn1nnc(-c2ccccc2)n1,2.236339210174476,9,14,-0.2189054787158966,-0.17997223138809204,-0.15666449069976807,-0.22710192203521729,-0.5555422008037567,-0.214577779173851,-0.1906874030828476,-0.21657447516918182,0.25252525252525254
C1=CC=C(C=C1)COC2=CC=C(C=C2)C(COC(=O)N)N3N=CN=N3,NC(=O)OCC(c1ccc(OCc2ccccc2)cc1)n1ncnn1,2.88842933343952,10,13,-0.4742409288883209,-0.23403394222259521,0.15228824317455292,-0.24586579203605652,-0.5559866279363632,-0.366569846868515,-0.24646739661693573,-0.08468575030565262,0.16831683168316833
C1C(CC1O)CNC2=NN3C(=NN=C3C4=CC5=C(C=C4)OCO5)C=C2,OC1CC(CNc2ccc3nnc(-c4ccc5c(c4)OCO5)n3n2)C1,2.620529212994345,12,16,-0.1516953408718109,-0.2158430814743042,-0.18898633122444153,-0.24507708847522736,-0.5565247535705566,-0.21849557757377625,-0.196112722158432,-0.22572872042655945,0.4151624548736462
COC(=O)[C@H](CC(=O)N)N1C=CN=C1C2=CC=C(C=C2)N3C=CN=C3,COC(=O)[C@H](CC(N)=O)n1ccnc1-c1ccc(-n2ccnc2)cc1,3.0823592908446464,11,15,-0.29539307951927185,-0.10567109286785126,-0.15567977726459503,-0.16316375136375427,-0.5567439496517181,-0.18983496725559235,-0.19286274909973145,-0.12977942824363708,0.26517571884984026
C[C@H]1CC(=CCN1C(=O)NC2=CC=CC=C2)C3=NC=CN=C3[N+](=O)[O-],C[C@H]1CC(c2nccnc2[N+](=O)[O-])=CCN1C(=O)Nc1ccccc1,3.2390509484827827,11,15,-0.1283668577671051,-0.3935892879962921,-0.03640291839838028,-0.12072567641735077,-0.5583590641617775,-0.19331133365631104,-0.04310208931565285,-0.24715755879878998,0.14705882352941177
C1=CC=C(C=C1)CN2C=C(C=N2)NC(=O)CCN3C=C(C=N3)C(=O)O,O=C(CCn1cc(C(=O)O)cn1)Nc1cnn(Cc2ccccc2)c1,2.165680082330489,12,15,-0.23434853553771973,-0.24603447318077087,-0.08083318918943405,-0.15411998331546783,-0.5612161979079247,-0.2222924828529358,-0.14421743154525757,-0.15606656670570374,0.15987460815047022
CC1COC(CN1C2=NN3C(=NC=C3[N+](=O)[O-])C=C2)C4=CC=CC=C4,CC1COC(c2ccccc2)CN1c1ccc2ncc([N+](=O)[O-])n2n1,3.4964133580961745,11,15,-0.01637672632932663,-0.5836525559425354,0.032735392451286316,-0.2080889642238617,-0.5672938898205757,-0.2760487198829651,0.006591919809579849,-0.35807207226753235,0.1912568306010929
C1CN(CCC1OC2=NN=C(C=C2)N3C=CC=N3)C(=O)C4=CC=CO4,O=C(c1ccco1)N1CCC(Oc2ccc(-n3cccn3)nn2)CC1,2.537795726821134,11,15,-0.160188227891922,-0.20136471092700958,-0.20613917708396912,-0.24592916667461395,-0.5676921159029007,-0.22143691778182983,-0.16770225763320923,-0.26031672954559326,0.1595744680851064
C[C@@H]1CCNC(=O)OCC2=CN=CC(=N2)C3=NNC4=C3C=C(O1)C=C4,C[C@@H]1CCNC(=O)OCc2cncc(n2)-c2n[nH]c3ccc(cc23)O1,5.351798564208751,12,17,-0.2537475824356079,-0.19978401064872742,-0.11491857469081879,-0.20567625761032104,-0.5684501677751541,-0.22939452528953552,-0.1947401762008667,-0.16619694232940674,0.28792569659442724
C1[C@H]2[C@H](CN1)NC(=O)C(=C2O)C(=O)NC3=CC=C(C=C3)N4C=CN=C4,O=C(Nc1ccc(-n2ccnc2)cc1)C1=C(O)[C@H]2CNC[C@@H]2NC1=O,3.5311172042500214,13,15,-0.3182874917984009,0.03281518816947937,-0.28338316082954407,-0.16813644766807556,-0.5688554644584656,-0.12960302829742432,-0.28576183319091797,-0.10904835164546967,0.1880597014925373
C[C@H]1CO[C@@H](CN1C2=NN3C(=NC=C3[N+](=O)[O-])C=C2)C4=CC=CC=C4,C[C@H]1CO[C@H](c2ccccc2)CN1c1ccc2ncc([N+](=O)[O-])n2n1,3.4964133580961745,11,15,-0.01118694618344307,-0.5813531279563904,0.023556262254714966,-0.2101198136806488,-0.5689838118851185,-0.27305659651756287,0.005944650620222092,-0.36298906803131104,0.1912568306010929
C1=CC=C(C=C1)C[C@H](C2=NNC(=N2)COC3=CC=CC(=C3)[N+](=O)[O-])N,N[C@H](Cc1ccccc1)c1n[nH]c(COc2cccc([N+](=O)[O-])c2)n1,2.8033389224806164,12,15,-0.261478066444397,-0.2572811245918274,-0.053019873797893524,-0.2372850924730301,-0.5717790648341179,-0.24957387149333954,-0.25584864616394043,-0.16349461674690247,0.19333333333333333
C1CCN(C1)C2=C(C3=NON=C3C(=C2)NCC4=CC=CC=C4)[N+](=O)[O-],O=[N+]([O-])c1c(N2CCCC2)cc(NCc2ccccc2)c2nonc12,2.442784429011205,8,13,-0.3705006241798401,-0.3068692684173584,0.10512132197618484,-0.2193903923034668,-0.5722485706210136,-0.30121228098869324,-0.1736585795879364,-0.17482095956802368,0.1305732484076433
C[C@H]1CO[C@H](CN1C2=NN3C(=NC=C3[N+](=O)[O-])C=C2)C4=CC=CC=C4,C[C@H]1CO[C@@H](c2ccccc2)CN1c1ccc2ncc([N+](=O)[O-])n2n1,3.4964133580961745,11,15,-0.016109224408864975,-0.580481767654419,0.024231508374214172,-0.2096724659204483,-0.5723594836890697,-0.2733415365219116,0.003956757485866547,-0.36253929138183594,0.1912568306010929
CCNC(=O)NC1=NC2=NC(=CN=C2C=C1)C3=CC(=CC=C3)C(O)O,CCNC(=O)Nc1ccc2ncc(-c3cccc(C(O)O)c3)nc2n1,2.5375340097411048,13,17,0.04431010037660599,-0.3527171313762665,-0.2646997570991516,-0.1345086246728897,-0.5731067880988121,-0.15317285060882568,-0.03050050139427185,-0.2837802767753601,0.3404255319148936
CC1=C2C(=NC=NN2C=C1OC(=O)OC)NC3=CC4=C(CCN4)C=C3,COC(=O)Oc1cn2ncnc(Nc3ccc4c(c3)NCC4)c2c1C,2.8905377746381813,11,17,-0.41268426179885864,-0.21358612179756165,0.05126405507326126,-0.2738460600376129,-0.575006328523159,-0.3244416117668152,-0.2684742212295532,-0.13183489441871643,0.20396600566572237
CN(CCN1CCCC1=O)C2=NC3=C(C=C(C=C3)[N+](=O)[O-])C(=C2)C#N,CN(CCN1CCCC1=O)c1cc(C#N)c2cc([N+](=O)[O-])ccc2n1,2.6971367306821357,10,17,-0.21509715914726257,-0.33642125129699707,-0.023592509329319,-0.2005878984928131,-0.5751109197735786,-0.25642988085746765,-0.1553615778684616,-0.1994432955980301,0.20655737704918034
C1=CC=C(C=C1)N2C(=C(C(=O)NC2=O)C=NCCCN3C=CN=C3)O,O=c1[nH]c(=O)n(-c2ccccc2)c(O)c1C=NCCCn1ccnc1,2.7695685438689495,12,15,-0.3086261749267578,-0.3161609172821045,0.04706447571516037,-0.12471231818199158,-0.5777226164937019,-0.2209089994430542,-0.10488691926002502,-0.180121049284935,0.218562874251497
C1=CC=C(C=C1)C[C@@H](C2=NNC(=N2)COC3=CC=CC(=C3)[N+](=O)[O-])N,N[C@@H](Cc1ccccc1)c1n[nH]c(COc2cccc([N+](=O)[O-])c2)n1,2.8033389224806164,12,15,-0.2632627487182617,-0.2632107734680176,-0.051478661596775055,-0.24194380640983582,-0.5779521837830544,-0.25513163208961487,-0.25773659348487854,-0.1665312945842743,0.19333333333333333
C1[C@@H]2[C@@H](CN1)NC(=O)C(=C2O)C(=O)NC3=CC=C(C=C3)N4C=CN=C4,O=C(Nc1ccc(-n2ccnc2)cc1)C1=C(O)[C@@H]2CNC[C@H]2NC1=O,3.5311172042500214,13,15,-0.3144863545894623,0.017575599253177643,-0.2824155390262604,-0.16661491990089417,-0.579326294362545,-0.1301731914281845,-0.2821791470050812,-0.1155262142419815,0.1880597014925373
C[C@@H]1CN(CCO1)C2=CC=C(C=C2)NC3=C(C=C(C=N3)[N+](=O)[O-])C#N,C[C@@H]1CN(c2ccc(Nc3ncc([N+](=O)[O-])cc3C#N)cc2)CCO1,2.9019887599670753,10,15,-0.16521039605140686,-0.493929386138916,0.07900317013263702,-0.2165282964706421,-0.5801366120576859,-0.32319578528404236,-0.07705370336771011,-0.23365691304206848,0.15548780487804878
C[C@@H]1CO[C@@H](CN1C2=NN3C(=NC=C3[N+](=O)[O-])C=C2)C4=CC=CC=C4,C[C@@H]1CO[C@H](c2ccccc2)CN1c1ccc2ncc([N+](=O)[O-])n2n1,3.4964133580961745,11,15,-0.01724471151828766,-0.586164116859436,0.02227594330906868,-0.21311074495315552,-0.581132885068655,-0.2783767282962799,0.0020177215337753296,-0.363497257232666,0.1912568306010929
C[C@H]1CN(CCO1)C2=CC=C(C=C2)NC3=C(C=C(C=N3)[N+](=O)[O-])C#N,C[C@H]1CN(c2ccc(Nc3ncc([N+](=O)[O-])cc3C#N)cc2)CCO1,2.9019887599670753,10,15,-0.16151541471481323,-0.49802732467651367,0.07838565111160278,-0.2171912044286728,-0.5811570882797241,-0.3237783908843994,-0.07540057599544525,-0.2366974651813507,0.15548780487804878
CN(C)C1=CC=C(C=C1)CNC(=O)C2=NNC3=C2C=C(C=C3)[N+](=O)[O-],CN(C)c1ccc(CNC(=O)c2n[nH]c3ccc([N+](=O)[O-])cc23)cc1,2.2057011262865327,9,14,-0.268195241689682,-0.22722868621349335,-0.08573639392852783,-0.2112242579460144,-0.5811603218317032,-0.23756346106529236,-0.23114994168281555,-0.14697813987731934,0.13268608414239483
C[C@@H]1CCNC(=O)OCC2=CC(=CN=C2)C3=NNC4=C3N=C(O1)C=C4,C[C@@H]1CCNC(=O)OCc2cncc(c2)-c2n[nH]c3ccc(nc23)O1,5.4660634746407855,12,17,-0.20396026968955994,-0.2285241037607193,-0.15068776905536652,-0.19977304339408875,-0.5831721425056458,-0.22589628398418427,-0.16729342937469482,-0.19404470920562744,0.25671641791044775
C[C@@H]1CO[C@H](CN1C2=NN3C(=NC=C3[N+](=O)[O-])C=C2)C4=CC=CC=C4,C[C@@H]1CO[C@@H](c2ccccc2)CN1c1ccc2ncc([N+](=O)[O-])n2n1,3.4964133580961745,11,15,-0.023993197828531265,-0.5853486657142639,0.02255098894238472,-0.2137427031993866,-0.5867908746004105,-0.2796817123889923,-0.0016110539436340332,-0.36323556303977966,0.1912568306010929
C1C=C(C=CC1C(C#CN)(C2=CC=C(C=C2)OC=N)O)OCN=[N+]=[N-],[N-]=[N+]=NCOC1=CCC(C(O)(C#CN)c2ccc(OC=N)cc2)C=C1,4.915919235669305,12,15,-0.19644710421562195,-0.34223225712776184,-0.050506848841905594,-0.26121389865875244,-0.5891862101852894,-0.3016057014465332,-0.15167081356048584,-0.25450390577316284,0.1582089552238806
CCN(CCC#N)C1=CC=C(C=C1)N=NC2=C(C=C(C=C2)[N+](=O)[O-])O,CCN(CCC#N)c1ccc(N=Nc2ccc([N+](=O)[O-])cc2O)cc1,2.731827280132686,10,15,-0.12040956318378448,-0.33879274129867554,-0.1326105296611786,-0.156376913189888,-0.5918128341436386,-0.22692762315273285,-0.07481832802295685,-0.23453688621520996,0.1647940074906367
CC1=NC(=NN1)C2=CC(=CC=C2)NC(=O)C(=O)NCCC3=CC=CO3,Cc1nc(-c2cccc(NC(=O)C(=O)NCCc3ccco3)c2)n[nH]1,2.3437781592535654,13,17,-0.15174339711666107,-0.21805903315544128,-0.22227641940116882,-0.1442842185497284,-0.5920788496732712,-0.1827991008758545,-0.12299993634223938,-0.1930784434080124,0.2604501607717042
CC1=C(C=CC=C1[N+](=O)[O-])CNC2=CC=C(C=C2)N3C=C(N=N3)CO,Cc1c(CNc2ccc(-n3cc(CO)nn3)cc2)cccc1[N+](=O)[O-],2.366001615374909,11,15,-0.20852845907211304,-0.4498575031757355,0.06358759105205536,-0.24913379549980164,-0.5947983711957932,-0.29289036989212036,-0.11319570988416672,-0.3028521239757538,0.10294117647058823
COC1=CC=CC(=C1)NCCC2=NC(=NN2)C3=CC=C(C=C3)[N+](=O)[O-],COc1cccc(NCCc2nc(-c3ccc([N+](=O)[O-])cc3)n[nH]2)c1,2.2040396977151033,11,15,-0.2325398474931717,-0.10268908739089966,-0.25991290807724,-0.24405181407928467,-0.5951418429613113,-0.214227557182312,-0.26834991574287415,-0.16572517156600952,0.3125
CC1CN(CC2=C1NN=C2)CC3=COC(=N3)C4=CC=C(C=C4)[N+](=O)[O-],CC1CN(Cc2coc(-c3ccc([N+](=O)[O-])cc3)n2)Cc2cn[nH]c21,3.305092768634463,10,15,-0.12349221110343933,-0.2542110085487366,-0.21751412749290466,-0.1777561455965042,-0.5952173471450806,-0.17598876357078552,-0.1701512634754181,-0.20760324597358704,0.16666666666666666
C1C[C@](O[C@@H]1CO)(C(=O)C2=CC=CC=C2)N3C=NC4=C(N=CN=C43)N,Nc1ncnc2c1ncn2[C@@]1(C(=O)c2ccccc2)CC[C@@H](CO)O1,3.6432902811730976,11,15,-0.23884832859039307,-0.16353929042816162,-0.1938643604516983,-0.19158238172531128,-0.596251979470253,-0.18611717224121094,-0.15002186596393585,-0.2569444477558136,0.19559228650137742
C1COC(CC1NC2=NN3C(=NC=C3[N+](=O)[O-])C=C2)C4=CC=CC=C4,O=[N+]([O-])c1cnc2ccc(NC3CCOC(c4ccccc4)C3)nn12,3.443668863891749,12,15,-0.1717349737882614,-0.29460227489471436,-0.13336585462093353,-0.24013268947601318,-0.5997031033039093,-0.2286568582057953,-0.15689009428024292,-0.2891218662261963,0.20056497175141244
CC1=CC(=C(C(=C1[C@@H]2C(=C(OC3=NNC(=C23)C)N)C#N)C)[N+](=O)[O-])C,Cc1cc(C)c([N+](=O)[O-])c(C)c1[C@@H]1C(C#N)=C(N)Oc2n[nH]c(C)c21,3.5153168788526017,8,17,-0.11872518807649612,-0.39988285303115845,-0.08172138780355453,-0.21541571617126465,-0.6003294289112091,-0.27738112211227417,-0.09220094978809357,-0.25751224160194397,0.1586021505376344
CCC1=CC=C(C=C1)NC2=NC=NC(=C2[N+](=O)[O-])NCC3=CC=CO3,CCc1ccc(Nc2ncnc(NCc3ccco3)c2[N+](=O)[O-])cc1,2.2693223900227952,11,15,-0.1281404197216034,-0.22440043091773987,-0.24931097030639648,-0.1507570743560791,-0.6018518209457397,-0.1508452445268631,-0.1779334545135498,-0.18791669607162476,0.18691588785046728
C[C@]12CNC[C@](C1=O)(CN(C2)C3=C(C=C(C(=C3)C#N)C#N)[N+](=O)[O-])C,C[C@]12CNC[C@](C)(CN(c3cc(C#N)c(C#N)cc3[N+](=O)[O-])C1)C2=O,4.760334529789462,9,17,-0.2518545389175415,-0.22193095088005066,-0.1315731257200241,-0.19896724820137024,-0.6053586155176163,-0.2015240490436554,-0.21147331595420837,-0.20102235674858093,0.1288135593220339
C/1COC2=NC(=C3C(=N2)N(CC4=CC(=C(C=C4)O)C/C=C1)C(=O)N3)N,Nc1nc2nc3c1[nH]c(=O)n3Cc1ccc(O)c(c1)C/C=C\CCO2,5.1208473900227975,12,17,-0.22981233894824982,-0.19722633063793182,-0.17853185534477234,-0.29887762665748596,-0.605570524930954,-0.27530044317245483,-0.23321349918842316,-0.23537485301494598,0.28164556962025317
CC12CNCC(C1=O)(CN(C2)C3=C(C=C(C(=C3)C#N)C#N)[N+](=O)[O-])C,CC12CNCC(C)(CN(c3cc(C#N)c(C#N)cc3[N+](=O)[O-])C1)C2=O,4.760334529789462,6,13,-0.1813993602991104,-0.3210489749908447,-0.1063028946518898,-0.20042507350444794,-0.6087512299418449,-0.20613546669483185,-0.16029438376426697,-0.25789621472358704,0.1288135593220339
C1C(CN1)CNC(=O)OC2=CC(=NC3=C2C=NN3)C4=CC=C(C=C4)O,O=C(NCC1CNC1)Oc1cc(-c2ccc(O)cc2)nc2[nH]ncc12,2.780187774638181,11,14,-0.028712019324302673,-0.2815684974193573,-0.29890161752700806,-0.11672760546207428,-0.609182134270668,-0.11727803200483322,-0.1036565750837326,-0.23962007462978363,0.3849056603773585
C1CNCC1NC(=O)OC2=CC(=NC3=C2C=NN3)C4=CC=C(C=C4)O,O=C(NC1CCNC1)Oc1cc(-c2ccc(O)cc2)nc2[nH]ncc12,3.1605043597830402,12,15,-0.05683942884206772,-0.28062233328819275,-0.273914635181427,-0.14968903362751007,-0.6113763973116875,-0.12380177527666092,-0.14120686054229736,-0.25758248567581177,0.36594202898550726
CC1=CC(=C(C(=C1[C@H]2C(=C(OC3=NNC(=C23)C)N)C#N)C)[N+](=O)[O-])C,Cc1cc(C)c([N+](=O)[O-])c(C)c1[C@H]1C(C#N)=C(N)Oc2n[nH]c(C)c21,3.5153168788526017,8,17,-0.12635694444179535,-0.40424880385398865,-0.08102279156446457,-0.2180468887090683,-0.6116285398602486,-0.2785148620605469,-0.09738156944513321,-0.2635501027107239,0.1586021505376344
CN1CCOC2C1CN(C2)C3=NC4=C(C=C(C=C4)[N+](=O)[O-])C(=C3)C#N,CN1CCOC2CN(c3cc(C#N)c4cc([N+](=O)[O-])ccc4n3)CC21,3.5940932335024582,11,17,-0.24513782560825348,-0.30665352940559387,-0.06228663772344589,-0.26613035798072815,-0.6140779927372932,-0.2899090051651001,-0.18271858990192413,-0.2609439492225647,0.182370820668693
C\1COC2=NC(=C3C(=N2)N(CC4=CC(=C(C=C4)O)C/C=C1)C(=O)N3)N,Nc1nc2nc3c1[nH]c(=O)n3Cc1ccc(O)c(c1)C/C=C/CCO2,5.1208473900227975,12,17,-0.2435608208179474,-0.17975905537605286,-0.191728875041008,-0.29854583740234375,-0.6150487512350082,-0.27501726150512695,-0.24262554943561554,-0.22806291282176971,0.28164556962025317
C1COCC1C2=NN(C(=N2)C3=CC=NN3)CC4=CC5=C(C=C4)OCO5,c1cc(-c2nc(C3CCOC3)nn2Cc2ccc3c(c2)OCO3)[nH]n1,3.332154307096001,12,17,-0.1462995857000351,-0.2577470541000366,-0.21168850362300873,-0.29768481850624084,-0.6157351434230804,-0.22258654236793518,-0.25064563751220703,-0.28638166189193726,0.27218934911242604
C1=CNC(=C1)C=C(C(=O)NCCC2=CN=CN2)NC(=O)C3=CC=CO3,O=C(NCCc1cnc[nH]1)C(=Cc1ccc[nH]1)NC(=O)c1ccco1,2.816097600770952,15,17,-0.25602447986602783,-0.1608698070049286,-0.20497041940689087,-0.20088998973369598,-0.6218647062778473,-0.2047722190618515,-0.19993256032466888,-0.20452864468097687,0.14722222222222223
C1C2C(CN1)NC(=O)C(=C2O)C(=O)NC3=CC=C(C=C3)N4C=CN=C4,O=C(Nc1ccc(-n2ccnc2)cc1)C1=C(O)C2CNCC2NC1=O,3.5311172042500214,13,15,-0.3208363950252533,-0.06981007754802704,-0.23160982131958008,-0.1924353837966919,-0.6222562938928604,-0.1709539145231247,-0.26064953207969666,-0.16995935142040253,0.1880597014925373
C[C@H]1CCNC(=O)OCC2=CN=CC(=N2)C3=NNC4=C3C=C(O1)C=C4,C[C@H]1CCNC(=O)OCc2cncc(n2)-c2n[nH]c3ccc(cc23)O1,5.351798564208751,12,17,-0.24759428203105927,-0.21892039477825165,-0.15635712444782257,-0.20928213000297546,-0.6228718012571335,-0.23315969109535217,-0.19127610325813293,-0.19592931866645813,0.28792569659442724
C1=CC=C(C=C1)[C@@H](CN2C=NC=N2)NCC3=C(C=CC(=C3)[N+](=O)[O-])O,O=[N+]([O-])c1ccc(O)c(CN[C@H](Cn2cncn2)c2ccccc2)c1,2.812808153249847,13,15,-0.375020831823349,-0.23658674955368042,-0.011376235634088516,-0.23234272003173828,-0.6229838170111179,-0.27419009804725647,-0.24820370972156525,-0.18186232447624207,0.146875
C1=CC=C(C=C1)[C@H](CN2C=NC=N2)NCC3=C(C=CC(=C3)[N+](=O)[O-])O,O=[N+]([O-])c1ccc(O)c(CN[C@@H](Cn2cncn2)c2ccccc2)c1,2.812808153249847,13,15,-0.36703938245773315,-0.24677348136901855,-0.010202759876847267,-0.23126506805419922,-0.624015623703599,-0.27292171120643616,-0.241058349609375,-0.18933570384979248,0.146875
C1COC[C@@H]1C2=NN(C(=N2)C3=CC=NN3)CC4=CC5=C(C=C4)OCO5,c1cc(-c2nc([C@@H]3CCOC3)nn2Cc2ccc3c(c2)OCO3)[nH]n1,3.332154307096001,12,17,-0.2038201093673706,-0.23129138350486755,-0.19124677777290344,-0.3175535202026367,-0.6263582706451416,-0.2551189959049225,-0.2780800461769104,-0.26413124799728394,0.27218934911242604
CCC(=O)N(CC1=CC(=C(C=C1)O)O)C2=CC=CC(=C2)C3=NNN=N3,CCC(=O)N(Cc1ccc(O)c(O)c1)c1cccc(-c2nn[nH]n2)c1,2.4627316262091448,13,17,-0.16226854920387268,-0.17703725397586823,-0.2877751290798187,-0.19300374388694763,-0.6270809322595596,-0.153377503156662,-0.19981157779693604,-0.24563910067081451,0.2852112676056338
C1=CC=C(C=C1)CC(C2=NNC(=N2)COC3=CC=CC(=C3)[N+](=O)[O-])N,NC(Cc1ccccc1)c1n[nH]c(COc2cccc([N+](=O)[O-])c2)n1,2.8033389224806164,12,15,-0.24393615126609802,-0.3507416248321533,-0.03440481424331665,-0.26396429538726807,-0.629082590341568,-0.27889931201934814,-0.23677243292331696,-0.22335174679756165,0.19333333333333333
CC(C)OC1=C(C=C(C=C1)[N+](=O)[O-])CN2C=CN=C2C3=NC=CN=C3,CC(C)Oc1ccc([N+](=O)[O-])cc1Cn1ccnc1-c1cnccn1,2.509553077996795,11,16,-0.26138508319854736,-0.21037697792053223,-0.1579989492893219,-0.2435474693775177,-0.6297610104084015,-0.2417893260717392,-0.20140063762664795,-0.24470417201519012,0.2739273927392739
C1CN(C=CC1=O)C2=CC=C(C=C2)N3C[C@@H](OC3=O)CN4C=CN=N4,O=C1C=CN(c2ccc(N3C[C@H](Cn4ccnn4)OC3=O)cc2)CC1,3.42198613006755,11,15,-0.19956189393997192,-0.3562106490135193,-0.07742704451084137,-0.22824010252952576,-0.6331995874643326,-0.22270692884922028,-0.15559986233711243,-0.3227132558822632,0.14246575342465753
C1COC[C@H]1C2=NN(C(=N2)C3=CC=NN3)CC4=CC5=C(C=C4)OCO5,c1cc(-c2nc([C@H]3CCOC3)nn2Cc2ccc3c(c2)OCO3)[nH]n1,3.332154307096001,12,17,-0.19364479184150696,-0.24858970940113068,-0.1925266683101654,-0.3191801607608795,-0.634761169552803,-0.25692352652549744,-0.27055788040161133,-0.2772994935512543,0.27218934911242604
C1C(CC(C1NC2=NN3C(=NN=C3C4=CC=CC=C4)C=C2)O)C(=O)O,O=C(O)C1CC(O)C(Nc2ccc3nnc(-c4ccccc4)n3n2)C1,3.4546919933999742,13,15,-0.12848427891731262,-0.24616378545761108,-0.26018357276916504,-0.22860081493854523,-0.6348316371440887,-0.20283132791519165,-0.14106863737106323,-0.3046160936355591,0.34375
C1CN(C=CC1=O)C2=CC=C(C=C2)N3CC(OC3=O)CN4C=CN=N4,O=C1C=CN(c2ccc(N3CC(Cn4ccnn4)OC3=O)cc2)CC1,3.42198613006755,11,15,-0.1741638481616974,-0.3414352238178253,-0.12439332902431488,-0.21081027388572693,-0.6399924010038376,-0.20290431380271912,-0.14250138401985168,-0.3239839971065521,0.14246575342465753
C[C@@H](C1=CC=C(C=C1)N2C=NC=N2)NC3=CC(=C(C=C3)[N+](=O)[O-])OC,COc1cc(N[C@@H](C)c2ccc(-n3cncn3)cc2)ccc1[N+](=O)[O-],2.677285184669133,11,15,-0.36105990409851074,-0.18444368243217468,-0.09505173563957214,-0.287558376789093,-0.6405553221702576,-0.3277687430381775,-0.24889706075191498,-0.18989691138267517,0.1918238993710692
C1=CC=C(C=C1)C[C@@H](C2=NNC(=N2)COC3=CC=C(C=C3)[N+](=O)[O-])N,N[C@@H](Cc1ccccc1)c1n[nH]c(COc2ccc([N+](=O)[O-])cc2)n1,2.7469889224806163,10,13,-0.3460763394832611,-0.22791717946529388,-0.0678008645772934,-0.2439691722393036,-0.6417943835258484,-0.2837481200695038,-0.29758185148239136,-0.1247844249010086,0.19063545150501673
CC1=CC(=C(C(=C1C2C(C(=N)OC3=NNC(=C23)C)C#N)C)[N+](=O)[O-])C,Cc1cc(C)c([N+](=O)[O-])c(C)c1C1c2c(n[nH]c2C)OC(=N)C1C#N,4.227602594605934,9,17,-0.04790148884057999,-0.42169034481048584,-0.17327454686164856,-0.21386238932609558,-0.6428663805127144,-0.23341681063175201,-0.08602635562419891,-0.3150719404220581,0.1721311475409836
C1=CC=C(C=C1)C[C@H](C2=NNC(=N2)COC3=CC=C(C=C3)[N+](=O)[O-])N,N[C@H](Cc1ccccc1)c1n[nH]c(COc2ccc([N+](=O)[O-])cc2)n1,2.7469889224806163,10,13,-0.3467869162559509,-0.22804853320121765,-0.06885553896427155,-0.24236778914928436,-0.6436909884214401,-0.28190064430236816,-0.29686087369918823,-0.1259433925151825,0.19063545150501673
COC1=C(C=C(C=C1)[N+](=O)[O-])C2=NNC(=N2)[C@H](CC3=CC=CC=C3)N,COc1ccc([N+](=O)[O-])cc1-c1n[nH]c([C@@H](N)Cc2ccccc2)n1,2.7818470481577577,11,15,-0.3746163845062256,-0.16032323241233826,-0.11094492673873901,-0.2521219551563263,-0.6458845436573029,-0.24880823493003845,-0.32496708631515503,-0.13403096795082092,0.3275862068965517
C[C@H](C1=CC=C(C=C1)N2C=NC=N2)NC3=CC(=C(C=C3)[N+](=O)[O-])OC,COc1cc(N[C@H](C)c2ccc(-n3cncn3)cc2)ccc1[N+](=O)[O-],2.677285184669133,11,15,-0.36061954498291016,-0.18857359886169434,-0.09816750138998032,-0.2873356342315674,-0.6473606452345848,-0.3277707099914551,-0.2504099905490875,-0.19098585844039917,0.1918238993710692
C1CN(C(C2=C1NC=N2)C3=CC(=CC=C3)O)CC4=C(NN=C4)C(=O)O,O=C(O)c1[nH]ncc1CN1CCc2[nH]cnc2C1c1cccc(O)c1,3.2815100763267697,14,17,-0.17728060483932495,-0.2539331912994385,-0.22538895905017853,-0.2545320391654968,-0.656602755188942,-0.18209746479988098,-0.26120829582214355,-0.2812180519104004,0.17045454545454544
COC1=C(C=C(C=C1)[N+](=O)[O-])C2=NNC(=N2)[C@@H](CC3=CC=CC=C3)N,COc1ccc([N+](=O)[O-])cc1-c1n[nH]c([C@H](N)Cc2ccccc2)n1,2.7818470481577577,11,15,-0.36858099699020386,-0.18022692203521729,-0.11096048355102539,-0.2556416988372803,-0.6597684025764465,-0.2535529136657715,-0.3207562565803528,-0.14642378687858582,0.3275862068965517
C1=CC=C(C=C1)CN2C(=NN=N2)NC(CC3=CC=C(C=C3)O)C(=O)O,O=C(O)C(Cc1ccc(O)cc1)Nc1nnnn1Cc1ccccc1,2.6946716147883087,11,13,-0.19600901007652283,-0.28502196073532104,-0.18449829518795013,-0.21533805131912231,-0.665529265999794,-0.23225918412208557,-0.201028972864151,-0.22160395979881287,0.21052631578947367
C1CC1C2=CN3C=C(N=C3C(=C2)C4COC4)CN5C=C(N=N5)C(=O)O,O=C(O)c1cn(Cc2cn3cc(C4CC4)cc(C4COC4)c3n2)nn1,3.1062930563283215,10,15,-0.1909661889076233,-0.2964324951171875,-0.18314969539642334,-0.20162415504455566,-0.6705483794212341,-0.22202467918395996,-0.1658726930618286,-0.2529487609863281,0.1724137931034483
COC1=C(C=C(C=C1)[N+](=O)[O-])C2=NNC(=N2)C(CC3=CC=CC=C3)N,COc1ccc([N+](=O)[O-])cc1-c1n[nH]c(C(N)Cc2ccccc2)n1,2.7818470481577577,11,15,-0.39335429668426514,-0.16157953441143036,-0.11596312373876572,-0.2579989731311798,-0.6708969548344612,-0.25135546922683716,-0.3367481231689453,-0.14328640699386597,0.3275862068965517
C[C@]12CNC[C@@](C1=O)(CN(C2)C3=C(C=C(C(=C3)C#N)C#N)[N+](=O)[O-])C,C[C@@]12CNC[C@](C)(CN(c3cc(C#N)c(C#N)cc3[N+](=O)[O-])C1)C2=O,4.760334529789462,6,13,-0.23234736919403076,-0.3108644485473633,-0.1286659687757492,-0.2035447359085083,-0.6718777865171432,-0.22086109220981598,-0.19290679693222046,-0.2440643012523651,0.1288135593220339
CC1CN(CCO1)C2=CC=C(C=C2)NC3=C(C=C(C=N3)[N+](=O)[O-])C#N,CC1CN(c2ccc(Nc3ncc([N+](=O)[O-])cc3C#N)cc2)CCO1,2.9019887599670753,10,15,-0.17250816524028778,-0.5441808700561523,0.04181220382452011,-0.25785207748413086,-0.67487683147192,-0.3532986640930176,-0.10767370462417603,-0.286242812871933,0.15548780487804878
C1C(OC(=C1O)CO)N2C=NC3=C(N=CN=C32)NCC4=CC=CC=C4,OCC1=C(O)CC(n2cnc3c(NCc4ccccc4)ncnc32)O1,3.3163191121539572,12,15,-0.29030513763427734,-0.2704075574874878,-0.11436384916305542,-0.2198707014322281,-0.6750765442848206,-0.26186028122901917,-0.20776677131652832,-0.2131960391998291,0.2138728323699422
C1=CC=C(C=C1)COC2=CC=C(C=C2)C(CN3C=NN=N3)OC(=O)N,NC(=O)OC(Cn1cnnn1)c1ccc(OCc2ccccc2)cc1,2.787263263892628,10,13,-0.2899668216705322,-0.39412182569503784,0.008564097806811333,-0.24057352542877197,-0.6755245495587587,-0.3149418532848358,-0.15504960715770721,-0.2715797424316406,0.17275747508305647
C1C(CO1)CON2COC3=C2C=CC(=C3)NC4=NNC5=C4N=CC=C5,c1cnc2c(Nc3ccc4c(c3)OCN4OCC3COC3)n[nH]c2c1,3.1928909451163516,12,16,-0.35308605432510376,-0.3770630955696106,0.05088171735405922,-0.3507423400878906,-0.6792674325406551,-0.3667168915271759,-0.2689346671104431,-0.2740422189235687,0.208955223880597
C1=CC2=C(C=C1O)C(=O)C3=C(C=CC4=C3N2N=N4)NCCNCCO,O=c1c2cc(O)ccc2n2nnc3ccc(NCCNCCO)c1c32,2.7521012361766424,13,17,-0.20612743496894836,-0.15450942516326904,-0.32217705249786377,-0.18659061193466187,-0.6828139126300812,-0.16691315174102783,-0.23284977674484253,-0.20446082949638367,0.24436090225563908
CNCC1=CC=C(C=C1)N2C=NN(C2=O)CC3=CC=C(C=C3)[N+](=O)[O-],CNCc1ccc(-n2cnn(Cc3ccc([N+](=O)[O-])cc3)c2=O)cc1,2.255632167920954,9,13,-0.20019368827342987,-0.3529074788093567,-0.13125625252723694,-0.17870381474494934,-0.6843574196100235,-0.24171744287014008,-0.11881230771541595,-0.2590542137622833,0.12574850299401197
COC1=C(C=CC(=C1)NCC2=CC(=CC=C2)CN3C=NC=N3)[N+](=O)[O-],COc1cc(NCc2cccc(Cn3cncn3)c2)ccc1[N+](=O)[O-],2.2123512361766426,13,17,-0.4076749086380005,-0.21003183722496033,-0.06969042122364044,-0.2701420485973358,-0.6873971670866013,-0.2960391938686371,-0.2777174711227417,-0.20671938359737396,0.18811881188118812
CN1C=NN(C1=O)C2=CC=C(C=C2)NCCC3=CC=C(C=C3)[N+](=O)[O-],Cn1cnn(-c2ccc(NCCc3ccc([N+](=O)[O-])cc3)cc2)c1=O,2.3358911061658088,9,13,-0.3261251151561737,-0.27215075492858887,-0.09402456879615784,-0.25309449434280396,-0.6923004388809204,-0.31198179721832275,-0.22788375616073608,-0.2033219039440155,0.15076923076923077
C1=CC=C(C=C1)CC(C2=NNC(=N2)COC3=CC=C(C=C3)[N+](=O)[O-])N,NC(Cc1ccccc1)c1n[nH]c(COc2ccc([N+](=O)[O-])cc2)n1,2.7469889224806163,10,13,-0.33685022592544556,-0.31334570050239563,-0.04732270538806915,-0.2680055797100067,-0.6975186318159103,-0.3117223083972931,-0.28493550419807434,-0.17782062292099,0.19063545150501673
CCNC(=O)NC1=NC=C2C(=C1)C=CC=C2CN3C=CN=C3C(=O)O,CCNC(=O)Nc1cc2cccc(Cn3ccnc3C(=O)O)c2cn1,2.578276804974042,13,17,-0.16847537457942963,-0.26535648107528687,-0.26379239559173584,-0.11586255580186844,-0.6976242512464523,-0.18260282278060913,-0.13136695325374603,-0.1900745928287506,0.22611464968152867
CN1C=NC(=C1NCC2=CC(=NC=C2)OCC3=CC=CC=C3)[N+](=O)[O-],Cn1cnc([N+](=O)[O-])c1NCc1ccnc(OCc2ccccc2)c1,2.430082005407412,11,15,-0.41818955540657043,-0.3097078204154968,0.026205386966466904,-0.29208338260650635,-0.7016919888556004,-0.35984450578689575,-0.2584574222564697,-0.21988031268119812,0.20923076923076922
CC.C1=CC(=CC=C1C2NOC(=N2)C3=CC=C(C=C3)C(=O)N=[N+]=[N-])O,CC.[N-]=[N+]=NC(=O)c1ccc(C2=NC(c3ccc(O)cc3)NO2)cc1,3.5970091565943285,8,12,-0.14368784427642822,-0.36564183235168457,-0.19699370861053467,-0.2329120934009552,-0.7063233852386475,-0.2842071056365967,-0.1553872525691986,-0.24776223301887512,0.13915857605177995
CN(C(=O)NCCC1=CC(=C(C=C1)O)O)N=NC2=CC=C(C=C2)C#N,CN(N=Nc1ccc(C#N)cc1)C(=O)NCCc1ccc(O)c(O)c1,2.694905521890929,11,15,-0.1680258810520172,-0.2702963352203369,-0.2686585485935211,-0.23498907685279846,-0.7069807648658752,-0.26090219616889954,-0.1639007329940796,-0.2638397216796875,0.1543859649122807
COC1=C(C=C(C=C1)CNC2=CC=C(C=C2)CN3C=NC=N3)[N+](=O)[O-],COc1ccc(CNc2ccc(Cn3cncn3)cc2)cc1[N+](=O)[O-],2.1405512361766412,11,15,-0.41562801599502563,-0.21814224123954773,-0.07373261451721191,-0.26595163345336914,-0.7075028717517853,-0.2992593050003052,-0.2661381959915161,-0.2060328722000122,0.18543046357615894
C1=CC=C(C=C1)C(CN2C=NC=N2)NCC3=C(C=CC(=C3)[N+](=O)[O-])O,O=[N+]([O-])c1ccc(O)c(CNC(Cn2cncn2)c2ccccc2)c1,2.812808153249847,13,15,-0.39919039607048035,-0.26774007081985474,-0.041058968752622604,-0.27425217628479004,-0.7079894356429577,-0.3044917583465576,-0.2876126170158386,-0.22243067622184753,0.146875
COC1=C(C=C(C=C1)C2=NNC(=N2)C(CC3=CC=CC=C3)N)[N+](=O)[O-],COc1ccc(-c2n[nH]c(C(N)Cc3ccccc3)n2)cc1[N+](=O)[O-],2.7611363222639334,11,15,-0.3674885332584381,-0.25314193964004517,-0.08988074958324432,-0.27961692214012146,-0.7105112224817276,-0.28008970618247986,-0.3157641887664795,-0.19883224368095398,0.28903654485049834
C1=CC=C(C=C1)COC2=CC=C(C=C2)C(CN3N=CN=N3)OC(=O)N,NC(=O)OC(Cn1ncnn1)c1ccc(OCc2ccccc2)cc1,2.8877863408157065,10,13,-0.3500562012195587,-0.3721516728401184,-0.0026463139802217484,-0.2566133737564087,-0.7248541880398989,-0.3382517099380493,-0.19675394892692566,-0.2500455677509308,0.17406143344709898
C1CN(CCN1CC2=CC=CC=C2)C3=CC=C(C4=NON=C34)[N+](=O)[O-],O=[N+]([O-])c1ccc(N2CCN(Cc3ccccc3)CC2)c2nonc12,2.2294076113083605,8,13,-0.28189384937286377,-0.4133825898170471,-0.03831115737557411,-0.2082771211862564,-0.733587596565485,-0.29187628626823425,-0.14360235631465912,-0.2781997323036194,0.11688311688311688
COC1=C(C=C(C=C1)C2=NNC(=N2)[C@@H](CC3=CC=CC=C3)N)[N+](=O)[O-],COc1ccc(-c2n[nH]c([C@H](N)Cc3ccccc3)n2)cc1[N+](=O)[O-],2.7611363222639334,11,15,-0.38347530364990234,-0.2768644690513611,-0.08201214671134949,-0.28272536396980286,-0.7423519194126129,-0.2995435893535614,-0.3162556290626526,-0.1956043243408203,0.28903654485049834
COC1=C(C=C(C=C1)C2=NNC(=N2)[C@H](CC3=CC=CC=C3)N)[N+](=O)[O-],COc1ccc(-c2n[nH]c([C@@H](N)Cc3ccccc3)n2)cc1[N+](=O)[O-],2.7611363222639334,11,15,-0.39156025648117065,-0.2789803743362427,-0.08198025822639465,-0.28664183616638184,-0.752520889043808,-0.30467331409454346,-0.32146066427230835,-0.1965581625699997,0.28903654485049834
C1=CC=C(C=C1)NNCC2=CC(=CC=C2)OCN3C=CC(=N3)[N+](=O)[O-],O=[N+]([O-])c1ccn(COc2cccc(CNNc3ccccc3)c2)n1,2.4391256302756954,13,15,-0.23208150267601013,-0.4829825460910797,-0.06197894364595413,-0.32983022928237915,-0.777042992413044,-0.36305296421051025,-0.20120379328727722,-0.3457648754119873,0.16770186335403728
C1=CC=C(C=C1)NNCC2=CC(=CC=C2)OCN3C=C(C=N3)[N+](=O)[O-],O=[N+]([O-])c1cnn(COc2cccc(CNNc3ccccc3)c2)c1,2.374041120265156,13,15,-0.2467302531003952,-0.4675617218017578,-0.06753318011760712,-0.3405187129974365,-0.7818251550197601,-0.3604198396205902,-0.22282707691192627,-0.34993839263916016,0.1737704918032787
CCN1CCC(=O)C2=CC(=C(C=C21)N)N=NC3=CC=C(C=C3)[N+](=O)[O-],CCN1CCC(=O)c2cc(N=Nc3ccc([N+](=O)[O-])cc3)c(N)cc21,2.842499587824994,9,15,-0.37435808777809143,-0.227445587515831,-0.1845005303621292,-0.250893235206604,-0.7863042056560516,-0.27852195501327515,-0.266424298286438,-0.22839859127998352,0.11254019292604502
C1=CC=C(C=C1)NNCC2=CC=CC=C2OCN3C=C(C=N3)[N+](=O)[O-],O=[N+]([O-])c1cnn(COc2ccccc2CNNc2ccccc2)c1,2.390914460623428,13,15,-0.18851667642593384,-0.5361752510070801,-0.06547292321920395,-0.3259430229663849,-0.7901648506522179,-0.3491913676261902,-0.1625390350818634,-0.4063263535499573,0.16613418530351437
C1[C@@H]([C@H](O[C@H]1N2C=NC3=C(N=CN=C32)N)CC(=O)C4=CC=CC=C4)O,Nc1ncnc2c1ncn2[C@H]1C[C@H](O)[C@@H](CC(=O)c2ccccc2)O1,3.398666993399975,12,15,-0.18171299993991852,-0.3254352807998657,-0.28798505663871765,-0.25133371353149414,-0.7951333373785019,-0.23581679165363312,-0.15467694401741028,-0.38316529989242554,0.2012012012012012
C1=CC=C(C=C1)NNCC2=CC=C(C=C2)OCN3C=CC(=N3)[N+](=O)[O-],O=[N+]([O-])c1ccn(COc2ccc(CNNc3ccccc3)cc2)n1,2.3922478642061478,11,13,-0.27561742067337036,-0.5270928144454956,-0.029806554317474365,-0.356704443693161,-0.8325167894363403,-0.4142128825187683,-0.21430233120918274,-0.35584163665771484,0.16510903426791276
C1=CC=C(C=C1)NNCC2=CC=C(C=C2)OCN3C=C(C=N3)[N+](=O)[O-],O=[N+]([O-])c1cnn(COc2ccc(CNNc3ccccc3)cc2)c1,2.3271633541956103,11,13,-0.3416306972503662,-0.5147718191146851,-0.043477319180965424,-0.39747095108032227,-0.8998798355460167,-0.4471067786216736,-0.2701752185821533,-0.36596953868865967,0.17105263157894737
